,time,frontal,vertical,lateral,id,rssi,phase,freq,label
0,0.0,0.27203,1.0082,-0.082102,1,-63.5,2.4252,924.25,1
1,0.5,0.27203,1.0082,-0.082102,1,-63.0,4.7369,921.75,1
2,1.5,0.44791000000000003,0.9163600000000001,-0.013684,1,-63.5,3.0311,923.75,1
3,1.75,0.44791000000000003,0.9163600000000001,-0.013684,1,-63.0,2.0371,921.25,1
4,2.5,0.34238,0.96229,-0.059296,1,-63.5,5.892,920.25,1
5,3.25,0.34238,0.96229,-0.059296,4,-56.5,1.2563,924.75,1
6,4.0,0.30721,0.99674,-0.070699,1,-63.5,3.8718,922.75,1
7,5.0,0.27203,0.99674,-0.09350499999999999,1,-64.0,2.4943,924.25,1
8,5.5,0.23685,1.0312,-0.12771,1,-64.5,2.008,924.75,1
9,6.0,0.23685,1.0312,-0.12771,1,-66.0,1.1904,925.75,1
10,6.5,0.23685,1.0312,-0.12771,1,-63.0,0.61206,922.75,1
11,6.75,0.23685,1.0312,-0.12771,1,-65.0,1.6506,925.25,1
12,7.75,0.31893,0.99674,-0.070699,1,-62.0,4.8075,921.75,1
13,8.0,0.31893,0.99674,-0.070699,4,-56.5,4.5252,924.75,1
14,9.0,0.47136000000000006,0.92784,-0.0022806,1,-62.5,3.8135,922.75,1
15,9.75,0.40101,0.93932,-0.025087,1,-64.0,2.4130000000000003,924.25,1
16,10.0,0.40101,0.93932,-0.025087,1,-62.5,1.5309,921.75,1
17,10.5,0.40101,0.93932,-0.025087,1,-64.5,5.2247,924.75,1
18,10.75,0.40101,0.93932,-0.025087,4,-58.0,0.50468,925.75,1
19,12.0,0.30721,0.99674,-0.070699,1,-64.0,2.4619999999999997,924.25,1
20,12.5,0.30721,0.99674,-0.070699,1,-63.0,5.9089,920.25,1
21,13.0,0.30721,0.99674,-0.070699,1,-64.0,1.9926,924.75,1
22,14.0,0.41273000000000004,0.93932,-0.0022806,1,-62.0,1.9221,921.25,1
23,15.25,0.27203,1.0082,-0.10490999999999999,4,-57.0,1.3714,924.75,1
24,15.5,0.27203,1.0082,-0.10490999999999999,1,-62.0,1.0845,922.25,1
25,16.5,0.24858000000000002,1.0312,-0.09350499999999999,1,-65.0,4.5697,925.25,1
26,17.5,0.2603,1.0197,-0.10490999999999999,1,-62.5,1.5064,921.75,1
27,18.5,0.31893,0.99674,-0.070699,1,-64.0,5.9963,923.75,1
28,18.75,0.31893,0.99674,-0.070699,1,-62.0,1.9205,921.25,1
29,19.25,0.31893,0.99674,-0.070699,1,-62.5,2.2764,920.75,1
30,20.0,0.43618999999999997,0.9163600000000001,0.0091224,1,-63.0,6.2663,923.25,1
31,21.0,0.47136000000000006,0.92784,0.020525,1,-64.0,2.8532,923.75,1
32,22.75,0.2134,1.0312,-0.12771,1,-64.5,4.9087,924.75,1
33,23.0,0.2134,1.0312,-0.12771,4,-57.5,0.5476300000000001,925.75,1
34,23.25,0.2134,1.0312,-0.12771,1,-63.5,5.7724,923.75,1
35,24.5,0.23685,1.0197,-0.10490999999999999,1,-62.5,5.6635,920.25,1
36,26.25,0.23685,1.0197,-0.10490999999999999,1,-62.0,4.8934,921.25,1
37,27.75,0.20168,1.0312,-0.11631,1,-62.5,0.8452200000000001,922.25,1
38,28.5,0.50654,0.9163600000000001,0.020525,1,-62.5,1.7518,921.25,1
39,29.0,0.50654,0.9163600000000001,0.020525,1,-62.0,5.3214,920.75,1
40,29.5,0.50654,0.9163600000000001,0.020525,1,-62.5,2.5541,920.25,1
41,29.75,0.50654,0.9163600000000001,0.020525,1,-63.0,6.2341,923.25,1
42,30.5,0.42446000000000006,0.9163600000000001,-0.0022806,1,-59.5,0.20555,923.75,1
43,30.75,0.42446000000000006,0.9163600000000001,-0.0022806,1,-58.5,1.2809,922.75,1
44,31.75,0.24858000000000002,1.0082,-0.16192,1,-59.5,6.2004,920.25,1
45,32.5,0.34238,0.97377,-0.047893,1,-59.5,1.3867,922.25,1
46,33.0,0.34238,0.97377,-0.047893,1,-61.5,6.2387,923.75,1
47,33.5,0.30721,0.97377,-0.036489999999999995,1,-63.0,1.7671,925.25,1
48,34.0,0.15478,1.0197,-0.13912,1,-61.5,2.6323,924.25,1
49,34.5,0.15478,1.0197,-0.13912,1,-60.0,1.8024,921.75,1
50,35.5,0.56517,0.8704200000000001,0.11175,4,-57.0,4.5636,923.75,1
51,35.6,0.56517,0.8704200000000001,0.11175,3,-57.0,6.0377,922.75,1
52,35.75,0.56517,0.8704200000000001,0.11175,1,-65.5,4.5437,922.75,1
53,36.25,0.56517,0.8704200000000001,0.11175,4,-60.0,4.5789,920.75,1
54,37.0,0.56517,0.8704200000000001,0.11175,1,-58.5,1.985,921.75,1
55,37.75,1.0694,0.29627,-0.013684,4,-67.0,1.0324,925.75,3
56,38.0,1.0694,0.29627,-0.013684,3,-50.0,5.0928,923.75,3
57,38.1,1.0694,0.29627,-0.013684,4,-67.0,5.7984,923.75,3
58,38.5,0.8231200000000001,-0.07119600000000001,-0.10490999999999999,3,-53.0,0.47707,925.25,3
59,38.75,1.0576,-0.28938,-0.036489999999999995,3,-50.5,0.046019,920.75,3
60,38.85,1.0576,-0.28938,-0.036489999999999995,3,-52.0,0.9434,924.25,3
61,39.25,1.1632,-0.27789,-0.059296,3,-50.5,5.6159,921.75,3
62,39.35,1.1632,-0.27789,-0.059296,4,-64.5,1.6858,921.75,3
63,39.75,0.9052,-0.20899,-0.15052000000000001,4,-67.5,4.5989,924.75,3
64,40.25,1.1397,-0.27789,-0.070699,3,-51.5,1.0907,923.75,3
65,40.5,0.92865,-0.19751,-0.16192,4,-65.5,0.37583,922.75,3
66,41.5,0.9169299999999999,-0.19751,-0.16192,3,-50.0,0.13652,920.25,3
67,41.6,0.9169299999999999,-0.19751,-0.16192,4,-66.5,6.0822,920.25,3
68,42.0,1.3156,-0.34679,-0.013684,3,-51.0,4.4915,923.25,3
69,42.25,0.9052,-0.19751,-0.16192,4,-68.0,1.2947,924.75,3
70,42.5,0.9052,-0.19751,-0.16192,4,-65.5,0.80687,922.25,3
71,43.0,1.2452,-0.34679,-0.025087,3,-50.5,4.7615,922.75,3
72,43.1,1.2452,-0.34679,-0.025087,3,-50.5,4.7691,922.75,3
73,43.25,0.87003,-0.19751,-0.17332999999999998,3,-50.5,5.7264,921.25,3
74,43.35,0.87003,-0.19751,-0.17332999999999998,4,-65.5,1.8929,921.25,3
75,43.5,0.9521,-0.18603,-0.15052000000000001,3,-50.5,6.0776,920.75,3
76,44.0,0.87003,-0.20899,-0.17332999999999998,3,-50.5,0.1534,920.25,3
77,44.1,0.87003,-0.20899,-0.17332999999999998,4,-67.5,6.0868,920.25,3
78,44.25,0.87003,-0.20899,-0.17332999999999998,4,-66.0,1.4021,921.75,3
79,44.5,0.8934799999999999,-0.19751,-0.16192,4,-69.0,4.513,924.75,3
80,44.75,0.8934799999999999,-0.19751,-0.16192,3,-50.5,5.0468,922.25,3
81,45.75,1.0342,-0.20899,-0.12771,3,-50.0,5.7417,921.25,3
82,45.85,1.0342,-0.20899,-0.12771,4,-66.0,1.8623,921.25,3
83,46.0,1.0342,-0.20899,-0.12771,3,-50.0,6.0945,920.75,3
84,46.25,1.3156,-0.36976,-0.013684,4,-67.5,4.941,924.25,3
85,46.5,0.92865,-0.18603,-0.15052000000000001,3,-50.0,5.3996,921.75,3
86,46.575,0.92865,-0.18603,-0.15052000000000001,4,-66.0,1.3514,921.75,3
87,47.25,1.0342,-0.23196,-0.11631,4,-66.0,0.8467600000000001,922.25,3
88,47.5,1.0342,-0.23196,-0.11631,3,-51.5,1.0124,923.75,3
89,47.575,1.0342,-0.23196,-0.11631,4,-67.0,5.4809,923.75,3
90,48.0,0.9052,-0.19751,-0.17332999999999998,4,-66.5,0.23163000000000003,922.75,3
91,48.5,1.1514,-0.30086,-0.047893,3,-50.5,6.0669,920.75,3
92,48.75,0.9052,-0.17454,-0.17332999999999998,3,-52.5,0.75012,924.25,3
93,49.0,1.3039,-0.33531,-0.0022806,4,-66.5,6.0163,920.25,3
94,49.1,1.3039,-0.33531,-0.0022806,4,-65.5,1.3039,921.75,3
95,50.0,0.9403799999999999,-0.18603,-0.16192,4,-66.5,5.3321,923.75,3
96,50.5,0.92865,-0.19751,-0.15052000000000001,4,-65.5,1.8623,921.25,3
97,50.75,0.92865,-0.19751,-0.15052000000000001,3,-50.5,6.0638,920.75,3
98,50.825,0.92865,-0.19751,-0.15052000000000001,4,-66.0,5.4272,920.75,3
99,51.75,1.1866,-0.30086,-0.036489999999999995,4,-66.0,5.8951,923.25,3
100,52.0,1.1866,-0.30086,-0.036489999999999995,4,-68.0,4.3918,924.75,3
101,52.75,0.9403799999999999,-0.17454,-0.15052000000000001,4,-65.5,0.21783000000000002,922.75,3
102,52.85,0.9403799999999999,-0.17454,-0.15052000000000001,3,-50.5,5.6987,921.25,3
103,53.5,1.0342,-0.20899,-0.11631,3,-50.5,6.0562,920.75,3
104,53.6,1.0342,-0.20899,-0.11631,4,-67.5,4.8689,924.25,3
105,53.75,1.0342,-0.20899,-0.11631,4,-66.5,5.9933,920.25,3
106,53.825,1.0342,-0.20899,-0.11631,4,-65.5,1.2947,921.75,3
107,54.0,0.88175,-0.17454,-0.16192,4,-66.5,5.8874,923.25,3
108,54.25,0.88175,-0.17454,-0.16192,4,-68.5,4.3519,924.75,3
109,54.5,0.88175,-0.17454,-0.16192,3,-50.5,5.01,922.25,3
110,55.0,1.1983,-0.28938,-0.036489999999999995,4,-66.5,5.3337,923.75,3
111,55.25,1.1983,-0.28938,-0.036489999999999995,3,-50.0,5.7202,921.25,3
112,55.325,0.9990100000000001,-0.17454,-0.13912,3,-50.0,5.7171,921.25,3
113,55.5,0.9990100000000001,-0.17454,-0.13912,4,-65.5,1.7794,921.25,3
114,56.0,1.1045,-0.24344000000000002,-0.070699,4,-67.5,4.8428,924.25,3
115,56.25,0.9521,-0.17454,-0.15052000000000001,3,-50.0,5.3643,921.75,3
116,56.5,0.9521,-0.17454,-0.15052000000000001,4,-65.5,1.2824,921.75,3
117,57.25,1.1632,-0.27789,-0.059296,3,-51.5,4.1233,923.75,3
118,57.35,1.1632,-0.27789,-0.059296,4,-66.5,5.3444,923.75,3
119,57.5,1.1632,-0.27789,-0.059296,3,-50.5,4.7063,922.75,3
120,58.5,1.0811,-0.23196,-0.10490999999999999,4,-67.5,4.7968,924.25,3
121,58.75,0.96383,-0.17454,-0.16192,3,-50.0,5.3827,921.75,3
122,58.825,0.96383,-0.17454,-0.16192,4,-65.5,4.3964,921.75,3
123,59.25,0.88175,-0.17454,-0.17332999999999998,4,-68.5,4.3565,924.75,3
124,60.25,0.88175,-0.17454,-0.16192,3,-50.0,5.6788,921.25,3
125,60.5,1.0459,-0.20899,-0.11631,4,-69.0,3.8748,925.25,3
126,61.75,1.1983,-0.28938,-0.047893,4,-65.5,0.7992,922.25,3
127,62.25,0.9403799999999999,-0.17454,-0.15052000000000001,3,-50.5,4.7461,922.75,3
128,62.5,0.8934799999999999,-0.18603,-0.16192,3,-50.0,5.7125,921.25,3
129,62.6,0.8934799999999999,-0.18603,-0.16192,4,-65.5,1.8546,921.25,3
130,62.75,0.8934799999999999,-0.18603,-0.16192,4,-69.5,3.8856,925.25,3
131,63.0,0.8583,-0.18603,-0.16192,4,-65.5,5.4963,920.75,3
132,63.75,0.9052,-0.16305999999999998,-0.16192,3,-50.0,5.3597,921.75,3
133,63.825,0.96383,-0.16305999999999998,-0.15052000000000001,4,-66.0,5.8982,923.25,3
134,64.0,0.96383,-0.16305999999999998,-0.15052000000000001,4,-68.0,4.3381,924.75,3
135,64.25,0.96383,-0.16305999999999998,-0.15052000000000001,3,-50.5,5.0207,922.25,3
136,64.75,0.92865,-0.16305999999999998,-0.15052000000000001,3,-51.5,4.154,923.75,3
137,64.875,0.92865,-0.17454,-0.16192,3,-50.5,4.7385,922.75,3
138,65.0,0.92865,-0.17454,-0.16192,3,-50.5,4.7308,922.75,3
139,65.1,1.2101,-0.28938,-0.036489999999999995,3,-50.0,5.6849,921.25,3
140,65.25,1.2101,-0.28938,-0.036489999999999995,4,-65.0,1.8423,921.25,3
141,65.5,1.2101,-0.28938,-0.036489999999999995,3,-50.0,6.0408,920.75,3
142,65.6,0.8934799999999999,-0.17454,-0.17332999999999998,3,-50.0,6.0608,920.75,3
143,65.65,0.8934799999999999,-0.17454,-0.17332999999999998,4,-67.5,1.7441,924.25,3
144,65.75,0.8934799999999999,-0.17454,-0.17332999999999998,4,-66.0,6.0316,920.25,3
145,66.5,0.9052,-0.17454,-0.16192,4,-68.0,4.3442,924.75,3
146,66.75,0.9052,-0.17454,-0.16192,3,-50.5,5.01,922.25,3
147,67.5,0.9169299999999999,-0.18603,-0.17332999999999998,3,-50.0,5.7003,921.25,3
148,67.6,0.9169299999999999,-0.18603,-0.17332999999999998,4,-65.0,1.8392,921.25,3
149,67.75,0.9169299999999999,-0.18603,-0.17332999999999998,3,-50.5,6.0485,920.75,3
150,68.0,0.8934799999999999,-0.17454,-0.16192,4,-65.5,5.5162,920.75,3
151,68.525,0.9169299999999999,-0.17454,-0.15052000000000001,3,-50.0,0.12732000000000002,920.25,3
152,68.6,0.88175,-0.17454,-0.16192,3,-50.0,5.3567,921.75,3
153,68.65,0.88175,-0.17454,-0.16192,4,-65.0,1.3622,921.75,3
154,69.0,1.0107,-0.19751,-0.11631,4,-67.5,4.4363,924.75,3
155,69.25,1.0107,-0.19751,-0.11631,4,-65.5,0.80994,922.25,3
156,70.0,0.9169299999999999,-0.17454,-0.17332999999999998,3,-50.0,5.7141,921.25,3
157,70.1,0.9169299999999999,-0.17454,-0.17332999999999998,4,-70.0,3.8902,925.25,3
158,71.625,0.88175,-0.15158,-0.16192,3,-50.0,6.0638,920.75,3
159,71.725,0.88175,-0.15158,-0.16192,4,-67.0,1.7242,924.25,3
160,71.775,0.88175,-0.15158,-0.16192,4,-66.0,6.0454,920.25,3
161,71.825,1.128,-0.24344000000000002,-0.070699,3,-50.0,5.3674,921.75,3
162,71.85,1.128,-0.24344000000000002,-0.070699,3,-51.0,4.4424,923.25,3
163,72.25,0.9052,-0.17454,-0.16192,4,-66.0,0.23163000000000003,922.75,3
164,72.5,0.9052,-0.17454,-0.16192,3,-50.0,5.7125,921.25,3
165,72.6,0.9052,-0.17454,-0.16192,4,-65.5,1.8684,921.25,3
166,73.5,0.88175,-0.17454,-0.16192,4,-65.5,4.3995,921.75,3
167,73.75,0.88175,-0.17454,-0.16192,4,-66.5,5.892,923.25,3
168,74.0,0.88175,-0.17454,-0.16192,3,-49.0,5.9089,922.25,3
169,74.075,0.9403799999999999,0.1355,-0.32156999999999997,3,-49.5,0.26538,922.25,3
170,74.125,0.9403799999999999,0.1355,-0.32156999999999997,3,-49.5,0.42338000000000003,922.25,3
171,74.25,0.9403799999999999,0.1355,-0.32156999999999997,3,-57.0,6.251,925.75,3
172,76.0,0.7176,0.89339,0.043332,1,-59.0,5.734,923.25,1
173,76.5,0.7176,0.89339,0.043332,1,-63.0,4.605,922.25,1
174,77.25,0.7176,0.89339,0.043332,4,-57.0,0.48627,921.25,1
175,77.5,0.7176,0.89339,0.043332,4,-58.0,0.25924,925.25,1
176,77.75,0.7176,0.89339,0.043332,4,-57.5,0.10430999999999999,924.25,1
177,78.0,0.7176,0.89339,0.043332,1,-61.5,4.3228,920.25,1
178,79.0,0.42446000000000006,0.96229,-0.082102,1,-61.5,2.3378,922.25,1
179,80.0,0.23685,1.0082,-0.12771,1,-62.0,0.8820399999999999,920.75,1
180,80.75,0.23685,1.0082,-0.12771,1,-62.5,6.1911,921.75,1
181,81.0,0.23685,1.0082,-0.12771,4,-57.0,4.7262,924.75,1
182,81.5,0.23685,1.0082,-0.12771,1,-66.5,5.2447,925.75,1
183,82.25,0.29548,0.99674,-0.082102,4,-57.5,1.0385,925.25,1
184,82.75,0.29548,0.99674,-0.082102,1,-64.0,0.32674000000000003,924.25,1
185,83.25,0.29548,0.99674,-0.082102,1,-62.5,1.3744,923.25,1
186,84.5,0.33066,0.99674,-0.070699,4,-56.0,4.9425,921.25,1
187,84.75,0.33066,0.99674,-0.070699,1,-66.0,5.6389,925.25,1
188,85.25,0.33066,0.99674,-0.070699,4,-57.0,5.8997,920.25,1
189,86.5,0.5534399999999999,0.89339,0.0091224,4,-57.0,5.4533,923.75,1
190,87.0,0.5534399999999999,0.89339,0.0091224,4,-56.0,4.8811,921.25,1
191,87.75,0.37756,0.97377,-0.059296,4,-57.0,5.892,920.25,1
192,88.25,0.37756,0.97377,-0.059296,1,-63.0,1.3238,923.25,1
193,88.75,0.37756,0.97377,-0.059296,4,-58.5,0.46173000000000003,925.75,1
194,89.75,0.31893,0.97377,-0.082102,4,-57.5,0.90812,925.25,1
195,90.0,0.31893,0.97377,-0.082102,4,-57.0,1.85,924.25,1
196,90.25,0.31893,0.97377,-0.082102,1,-63.0,1.0922,920.25,1
197,90.75,0.31893,0.97377,-0.082102,1,-65.0,6.1175,924.75,1
198,92.0,0.30721,0.99674,-0.070699,4,-56.5,4.7799,921.25,1
199,92.5,0.30721,0.99674,-0.070699,4,-57.5,1.7518,924.25,1
200,93.5,0.33066,0.98526,-0.082102,1,-62.0,5.3981,922.25,1
201,94.25,0.33066,0.98526,-0.082102,1,-62.0,1.8362,922.75,1
202,94.75,0.33066,0.98526,-0.082102,4,-56.5,5.2938,920.75,1
203,95.0,0.33066,0.98526,-0.082102,4,-57.0,4.9456,924.25,1
204,95.25,0.33066,0.98526,-0.082102,4,-56.5,1.1183,921.75,1
205,96.0,0.28376,1.0082,-0.11631,1,-62.5,5.3643,922.25,1
206,96.5,0.28376,1.0082,-0.11631,4,-57.0,0.0061359,922.75,1
207,96.75,0.28376,1.0082,-0.11631,1,-62.5,0.026077999999999997,921.25,1
208,97.25,0.28376,1.0082,-0.11631,4,-57.0,4.8934,924.25,1
209,98.25,0.54171,0.9048700000000001,0.0091224,4,-57.0,4.5053,924.75,1
210,98.5,0.54171,0.9048700000000001,0.0091224,1,-62.0,2.2519,922.25,1
211,99.0,0.54171,0.9048700000000001,0.0091224,1,-62.5,0.03835,921.25,1
212,99.5,0.54171,0.9048700000000001,0.0091224,4,-56.5,5.1833,920.75,1
213,100.0,0.54171,0.9048700000000001,0.0091224,1,-63.0,4.0697,920.25,1
214,101.25,0.29548,0.99674,-0.10490999999999999,4,-56.5,5.3843,923.75,1
215,101.5,0.29548,0.99674,-0.10490999999999999,4,-56.5,4.7860000000000005,921.25,1
216,102.0,0.29548,0.99674,-0.10490999999999999,1,-63.0,0.58445,920.75,1
217,102.5,0.29548,0.99674,-0.10490999999999999,4,-56.5,5.7187,920.25,1
218,103.25,0.41273000000000004,0.93932,-0.025087,1,-62.5,5.5776,922.25,1
219,104.0,0.41273000000000004,0.93932,-0.025087,1,-60.5,1.2026,922.75,4
220,106.75,0.22513000000000002,0.89339,-0.17332999999999998,1,-48.5,2.1046,920.75,4
221,107.25,0.60034,1.0082,-0.047893,1,-50.5,5.9411,920.25,4
222,111.5,0.2603,0.99674,-0.059296,2,-58.5,0.9940200000000001,925.25,4
223,116.0,0.83485,0.6752100000000001,-0.13912,2,-55.5,5.9841,921.25,2
224,116.5,0.83485,0.6752100000000001,-0.13912,2,-55.5,6.2709,920.75,2
225,118.0,0.88175,0.66373,-0.082102,2,-57.0,0.75625,925.75,2
226,120.5,0.88175,0.64076,-0.09350499999999999,2,-57.5,0.7041,925.75,2
227,126.5,0.8465799999999999,0.66373,-0.12771,2,-55.0,6.1375,920.75,2
228,127.0,0.8465799999999999,0.66373,-0.12771,2,-56.0,5.6481,921.75,2
229,128.5,1.0928,0.5489,-0.013684,2,-57.5,0.73631,925.25,2
230,130.25,0.83485,0.66373,-0.12771,2,-58.0,0.6089899999999999,925.75,2
231,131.25,1.0928,0.56038,-0.013684,2,-56.0,6.0562,920.75,2
232,132.75,0.78795,0.6752100000000001,-0.15052000000000001,2,-56.0,1.3530000000000002,923.75,2
233,133.0,0.78795,0.6752100000000001,-0.15052000000000001,2,-55.5,4.9977,922.75,2
234,135.0,0.8583,0.6522399999999999,-0.10490999999999999,2,-57.5,0.46019,925.75,2
235,136.25,0.8583,0.66373,-0.10490999999999999,2,-57.0,4.3212,924.25,2
236,137.25,0.8583,0.66373,-0.10490999999999999,2,-57.0,1.0017,924.75,2
237,138.25,0.8934799999999999,0.6292800000000001,-0.09350499999999999,2,-55.0,5.7754,921.25,2
238,139.0,0.8934799999999999,0.6292800000000001,-0.09350499999999999,2,-55.5,0.03835,920.25,2
239,140.0,0.88175,0.64076,-0.09350499999999999,2,-58.0,0.53996,925.75,2
240,140.5,0.88175,0.64076,-0.09350499999999999,2,-56.0,1.9282,922.75,2
241,140.75,0.88175,0.64076,-0.09350499999999999,2,-58.0,0.76085,925.25,2
242,141.25,0.88175,0.64076,-0.09350499999999999,2,-57.0,1.1689,924.25,2
243,142.0,0.88175,0.64076,-0.09350499999999999,2,-57.5,0.9019799999999999,924.75,2
244,142.25,0.88175,0.64076,-0.09350499999999999,2,-58.0,0.4694,925.75,2
245,142.75,0.88175,0.64076,-0.09350499999999999,2,-56.0,4.9594,922.75,2
246,143.0,0.88175,0.64076,-0.09350499999999999,2,-56.0,5.7693,921.25,2
247,143.5,0.88175,0.64076,-0.09350499999999999,2,-57.0,1.172,924.25,2
248,145.0,0.8583,0.6292800000000001,-0.10490999999999999,2,-58.0,0.48627,925.75,2
249,146.0,0.9052,0.6292800000000001,-0.09350499999999999,2,-57.0,4.22,924.25,2
250,146.75,0.9052,0.6292800000000001,-0.09350499999999999,2,-57.5,0.90505,924.75,2
251,148.0,0.96383,0.60631,-0.047893,2,-58.0,0.69489,925.25,2
252,148.5,0.96383,0.60631,-0.047893,2,-56.5,1.1275,924.25,2
253,149.75,0.88175,0.64076,-0.082102,2,-56.5,1.3637,923.75,2
254,150.5,0.88175,0.64076,-0.082102,2,-58.0,0.7133,925.25,2
255,151.0,0.88175,0.64076,-0.082102,2,-56.5,0.03835,920.25,2
256,152.5,1.1163,0.5489,-0.013684,2,-56.0,4.9379,922.75,2
257,153.0,1.1163,0.5489,-0.013684,2,-58.0,0.65961,925.25,2
258,153.5,1.1163,0.5489,-0.013684,2,-56.5,0.0061359,920.25,2
259,155.28,0.8465799999999999,0.6522399999999999,-0.10490999999999999,2,-58.0,0.69489,925.25,2
260,156.0,0.8465799999999999,0.6522399999999999,-0.10490999999999999,2,-56.5,0.021476,920.25,2
261,157.25,0.88175,0.64076,-0.070699,2,-56.5,4.5329,923.75,2
262,157.5,0.88175,0.64076,-0.070699,2,-56.5,5.8307,921.25,2
263,158.0,0.88175,0.64076,-0.070699,2,-56.5,6.0914,920.75,2
264,158.75,0.88175,0.64076,-0.070699,2,-55.5,5.4809,921.75,2
265,159.75,0.87003,0.64076,-0.10490999999999999,2,-57.0,1.3192,923.75,2
266,160.5,0.87003,0.64076,-0.10490999999999999,2,-56.0,6.0331,920.75,2
267,162.25,0.87003,0.6522399999999999,-0.10490999999999999,2,-56.5,1.8776,922.75,2
268,163.0,0.87003,0.6522399999999999,-0.10490999999999999,2,-57.5,1.1198,924.25,2
269,163.5,0.87003,0.6522399999999999,-0.10490999999999999,2,-56.0,5.6052,921.75,2
270,164.0,0.87003,0.6522399999999999,-0.10490999999999999,2,-56.0,5.3260000000000005,922.25,2
271,164.5,0.87003,0.6522399999999999,-0.10490999999999999,2,-56.0,5.0054,922.75,2
272,165.75,0.8934799999999999,0.6292800000000001,-0.09350499999999999,2,-56.5,6.2786,920.25,2
273,166.25,0.8934799999999999,0.6292800000000001,-0.09350499999999999,2,-56.0,4.6955,923.25,2
274,166.5,0.8934799999999999,0.6292800000000001,-0.09350499999999999,2,-56.0,5.1895,922.25,2
275,168.0,0.88175,0.64076,-0.09350499999999999,2,-57.0,1.1321,924.25,2
276,168.5,0.88175,0.64076,-0.09350499999999999,2,-56.5,1.5769,923.25,2
277,169.0,0.88175,0.64076,-0.09350499999999999,2,-56.0,5.191,922.25,2
278,169.5,0.88175,0.64076,-0.09350499999999999,2,-56.5,4.4225,923.75,2
279,178.75,0.88175,0.6292800000000001,-0.10490999999999999,2,-57.0,0.15033,925.75,2
280,184.5,0.8231200000000001,0.6866899999999999,-0.13912,2,-56.5,0.33748,925.25,2
281,186.0,0.87003,0.64076,-0.11631,2,-54.0,4.9256,922.25,2
282,193.0,0.8465799999999999,0.66373,-0.13912,2,-56.5,0.474,924.75,2
283,194.5,0.77622,0.66373,0.020525,2,-55.0,5.6159,924.25,4
284,196.25,0.096148,0.93932,-0.16192,2,-57.0,6.1543,923.75,4
285,198.25,0.096148,0.93932,-0.16192,1,-66.5,0.51695,922.25,4
286,199.5,-0.51357,0.98526,-0.25315,4,-59.0,0.72864,924.25,1
287,199.75,-0.51357,0.98526,-0.25315,4,-60.5,5.6834,920.25,1
288,200.25,-0.51357,0.98526,-0.25315,3,-57.0,0.18715,923.25,1
289,200.33,-0.51357,0.98526,-0.25315,3,-58.0,1.6045,924.75,1
290,200.75,0.92865,0.26182,-0.13912,3,-52.0,5.5776,925.75,3
291,201.0,1.2335,-0.15158,-0.12771,1,-61.5,5.8537,923.75,3
292,201.53,1.0928,-0.25493000000000005,-0.036489999999999995,1,-58.5,4.5605,921.25,3
293,202.25,1.2101,-0.31234,0.077541,1,-60.5,5.507000000000001,920.25,3
294,203.25,1.2687,-0.32383,0.043332,1,-67.0,0.3252,925.75,3
295,204.25,1.0928,-0.28938,-0.059296,1,-60.5,4.9962,920.75,3
296,205.25,1.2687,-0.36976,0.0091224,1,-64.5,4.3442,924.75,3
297,206.0,1.2921,-0.38124,0.020525,1,-61.5,6.1804,922.75,3
298,206.25,1.2921,-0.38124,0.020525,1,-60.5,4.5268,921.25,3
299,208.0,1.0694,-0.26641,-0.082102,1,-61.0,0.38503000000000004,922.25,3
300,208.75,1.0928,-0.26641,-0.082102,1,-60.0,4.5636,921.25,3
301,209.0,1.0928,-0.26641,-0.082102,1,-66.0,0.7639199999999999,925.25,3
302,210.0,1.128,-0.28938,-0.059296,1,-62.0,2.5679,923.25,3
303,211.75,0.9169299999999999,-0.18603,-0.12771,3,-49.0,6.0945,924.25,3
304,211.85,0.9169299999999999,-0.18603,-0.12771,3,-49.0,6.0654,924.25,3
305,212.25,0.9521,-0.18603,-0.12771,3,-48.5,1.4174,921.75,3
306,212.35,1.2687,-0.33531,0.020525,3,-48.5,0.18868,923.25,3
307,212.5,1.0107,-0.23196,-0.10490999999999999,1,-65.5,0.11045,923.25,3
308,212.75,1.0107,-0.23196,-0.10490999999999999,1,-68.5,1.7303,924.75,3
309,213.0,0.88175,-0.18603,-0.13912,3,-50.0,4.9225,925.75,3
310,213.08,0.88175,-0.18603,-0.13912,3,-50.0,4.9103,925.75,3
311,213.25,0.9169299999999999,-0.19751,-0.12771,3,-49.5,6.2234,923.75,3
312,213.5,0.9990100000000001,-0.22048,-0.11631,1,-66.5,0.71023,922.75,3
313,213.75,0.9990100000000001,-0.22048,-0.11631,1,-66.5,5.3689,921.25,3
314,213.83,0.9990100000000001,-0.22048,-0.11631,3,-51.0,5.6205,925.25,3
315,214.25,1.1397,-0.28938,-0.013684,3,-50.0,6.2586,924.25,3
316,214.75,0.9169299999999999,-0.18603,-0.13912,1,-66.0,6.0592,923.25,3
317,215.0,0.9169299999999999,-0.18603,-0.13912,1,-65.0,1.1305,924.75,3
318,215.25,0.9169299999999999,-0.18603,-0.13912,1,-65.5,0.38195999999999997,922.25,3
319,215.75,1.1632,-0.30086,-0.036489999999999995,3,-48.5,6.2663,923.75,3
320,217.25,0.9169299999999999,-0.19751,-0.12771,3,-48.5,6.274,923.25,3
