,time,frontal,vertical,lateral,id,rssi,phase,freq,label
0,0.0,-0.41977,0.92784,0.0091224,1,-65.0,0.83909,922.75,4
1,1.75,0.7527699999999999,0.82449,0.077541,1,-63.5,5.2493,922.25,1
2,2.5,0.7527699999999999,0.82449,0.077541,1,-62.0,6.0393,921.25,1
3,3.25,0.7527699999999999,0.82449,0.077541,4,-57.5,5.349,920.25,1
4,3.75,0.7527699999999999,0.82449,0.077541,1,-62.0,5.2861,921.75,1
5,5.5,0.78795,0.81301,0.10035,1,-66.5,0.082835,924.25,1
6,6.5,0.78795,0.81301,0.10035,4,-58.5,0.07209700000000001,922.25,1
7,7.5,0.78795,0.81301,0.10035,4,-57.5,1.0692,921.25,1
8,8.0,0.78795,0.81301,0.10035,1,-66.0,6.1144,924.25,1
9,8.75,0.78795,0.81301,0.10035,1,-65.5,0.8544299999999999,923.25,1
10,10.75,0.51826,0.92784,-0.025087,1,-63.0,0.19021,920.25,1
11,11.5,0.51826,0.92784,-0.025087,4,-58.5,6.1681,922.25,1
12,12.25,0.51826,0.92784,-0.025087,4,-58.5,5.7923,922.75,1
13,13.0,0.51826,0.92784,-0.025087,1,-66.0,6.1651,924.25,1
14,14.25,0.51826,0.92784,-0.025087,4,-59.0,1.5002,923.75,1
15,15.25,0.51826,0.92784,-0.025087,4,-58.0,1.2993,920.75,1
16,16.75,0.58862,0.8819100000000001,0.0091224,1,-65.0,0.37276,923.75,1
17,17.75,0.58862,0.8819100000000001,0.0091224,4,-59.5,1.0677,924.25,1
18,18.75,0.58862,0.8819100000000001,0.0091224,4,-58.5,6.0439,922.25,1
19,19.75,0.58862,0.8819100000000001,0.0091224,4,-58.0,0.9403299999999999,921.25,1
20,20.5,0.58862,0.8819100000000001,0.0091224,1,-62.5,0.27151,920.25,1
21,21.25,0.58862,0.8819100000000001,0.0091224,1,-62.5,4.6204,922.25,1
22,23.0,0.5534399999999999,0.9048700000000001,0.020525,4,-58.0,4.9732,920.25,1
23,23.75,0.5534399999999999,0.9048700000000001,0.020525,1,-63.5,1.5079,922.25,1
24,25.0,0.5534399999999999,0.9048700000000001,0.020525,4,-58.5,1.1812,920.75,1
25,25.75,0.5534399999999999,0.9048700000000001,0.020525,4,-58.5,4.9639999999999995,923.25,1
26,26.75,0.5534399999999999,0.9048700000000001,0.020525,1,-64.0,1.0017,922.75,1
27,28.5,0.58862,0.8819100000000001,0.0091224,4,-58.0,5.8077,922.25,1
28,29.5,0.58862,0.8819100000000001,0.0091224,4,-58.5,0.52769,921.25,1
29,30.25,0.58862,0.8819100000000001,0.0091224,1,-63.0,0.12885,920.25,1
30,31.0,0.58862,0.8819100000000001,0.0091224,4,-58.5,5.938,922.25,1
31,32.0,0.58862,0.8819100000000001,0.0091224,1,-65.0,5.0882,925.25,1
32,33.0,0.58862,0.8819100000000001,0.0091224,4,-58.5,0.069029,921.75,1
33,34.75,0.62379,0.8704200000000001,0.031928,4,-58.0,1.2226,920.75,1
34,35.25,0.62379,0.8704200000000001,0.031928,1,-65.0,5.1465,921.75,1
35,36.5,0.62379,0.8704200000000001,0.031928,1,-63.5,1.4189,922.75,1
36,37.75,0.62379,0.8704200000000001,0.031928,1,-66.0,0.58138,923.25,1
37,39.0,0.62379,0.8704200000000001,0.031928,4,-58.0,0.47247,921.25,1
38,40.25,0.60034,0.8704200000000001,0.054735,4,-57.5,4.8535,923.25,1
39,41.25,0.60034,0.8704200000000001,0.054735,3,-65.5,4.5743,923.75,1
40,41.75,0.60034,0.8704200000000001,0.054735,4,-58.5,1.7763,925.25,1
41,42.75,0.68242,0.84746,0.031928,1,-67.5,0.51695,923.25,1
42,43.75,0.68242,0.84746,0.031928,1,-67.5,1.1520000000000001,922.75,1
43,45.75,0.56517,0.8819100000000001,0.0091224,4,-58.0,5.4656,922.25,1
44,47.75,0.56517,0.8819100000000001,0.0091224,1,-67.5,0.6274,923.25,1
45,48.75,0.56517,0.8819100000000001,0.0091224,1,-65.5,1.2379,922.75,1
46,49.5,0.56517,0.8819100000000001,0.0091224,1,-66.5,5.961,924.25,1
47,50.25,0.56517,0.8819100000000001,0.0091224,1,-65.5,0.39423,923.25,1
48,52.25,0.65897,0.8589399999999999,0.08894400000000001,4,-57.5,1.3453,920.25,1
49,53.0,0.65897,0.8589399999999999,0.08894400000000001,4,-58.0,5.5469,922.25,1
50,53.75,0.65897,0.8589399999999999,0.08894400000000001,4,-58.0,0.19635,921.25,1
51,54.5,0.65897,0.8589399999999999,0.08894400000000001,4,-57.5,1.1996,920.25,1
52,55.0,0.65897,0.8589399999999999,0.08894400000000001,1,-65.5,0.44332,923.25,1
53,57.0,0.77622,0.81301,0.10035,1,-64.0,6.2433,920.25,1
54,58.25,0.77622,0.81301,0.10035,1,-66.0,6.251,923.75,1
55,59.0,0.77622,0.81301,0.10035,1,-64.0,2.7888,920.75,1
56,60.0,0.77622,0.81301,0.10035,1,-65.5,0.43258,923.25,1
57,61.25,0.77622,0.81301,0.10035,4,-58.0,0.19328,921.25,1
58,62.0,0.63552,0.8589399999999999,0.031928,1,-58.5,5.6987,921.75,1
59,62.5,0.63552,0.8589399999999999,0.031928,1,-62.5,5.9779,924.75,1
60,63.25,0.58862,0.8819100000000001,0.020525,3,-62.5,5.688,922.75,1
61,63.5,0.58862,0.8819100000000001,0.020525,1,-59.5,5.8997,921.25,1
62,63.75,0.58862,0.8819100000000001,0.020525,1,-63.5,5.7325,925.25,1
63,64.5,0.67069,0.8359700000000001,0.043332,1,-59.0,0.49394,920.25,1
64,64.575,0.67069,0.8359700000000001,0.043332,1,-59.5,5.4395,921.75,1
65,64.75,0.67069,0.8359700000000001,0.043332,4,-57.5,5.4057,924.75,1
66,65.75,0.51826,0.92784,-0.047893,1,-61.0,0.9832799999999999,922.75,1
67,66.75,0.78795,0.81301,0.08894400000000001,4,-56.5,1.2993,920.25,1
68,67.0,0.78795,0.81301,0.08894400000000001,4,-57.5,6.1727,921.75,1
69,67.5,0.78795,0.81301,0.08894400000000001,1,-64.5,4.5222,922.25,1
70,68.25,0.78795,0.81301,0.08894400000000001,1,-61.5,5.4993,921.25,1
71,69.0,0.78795,0.81301,0.08894400000000001,4,-58.5,0.25004,924.25,1
72,70.75,0.57689,0.8704200000000001,0.020525,1,-67.5,1.7549,921.25,1
73,71.5,0.57689,0.8704200000000001,0.020525,4,-59.0,0.48933999999999994,924.25,1
74,72.0,0.57689,0.8704200000000001,0.020525,4,-58.0,1.5156,923.25,1
75,73.0,0.57689,0.8704200000000001,0.020525,4,-57.0,1.2118,922.75,1
76,73.25,0.57689,0.8704200000000001,0.020525,4,-56.5,5.3306,921.25,1
77,74.0,0.58862,0.79004,-0.12771,1,-59.0,0.46173000000000003,920.25,1
78,74.25,0.58862,0.79004,-0.12771,1,-57.0,5.1572,921.75,1
79,74.75,0.58862,0.79004,-0.12771,4,-59.5,4.6449,922.25,1
80,75.25,0.58862,0.79004,-0.12771,1,-57.5,6.0316,923.75,1
81,77.0,1.128,-0.26641,-0.036489999999999995,1,-65.0,1.5693,924.75,3
82,77.5,1.128,-0.26641,-0.036489999999999995,1,-68.5,0.4019,925.75,3
83,78.25,1.2218,-0.30086,-0.16192,3,-55.0,5.484,921.25,3
84,79.0,0.8934799999999999,-0.19751,-0.25315,3,-50.0,1.2701,921.75,3
85,79.525,1.0694,-0.24344000000000002,-0.17332999999999998,3,-49.5,5.0621,924.75,3
86,80.5,1.0928,-0.26641,-0.17332999999999998,3,-49.5,0.26538,922.75,3
87,81.5,0.9169299999999999,-0.17454,-0.23034000000000002,3,-49.5,1.0170000000000001,921.75,3
88,82.0,0.9403799999999999,-0.17454,-0.23034000000000002,3,-49.0,4.8919,924.75,3
89,82.25,0.8934799999999999,-0.17454,-0.24174,3,-49.5,0.60285,922.25,3
90,82.325,0.8934799999999999,-0.17454,-0.24174,3,-50.0,4.1985,925.75,3
91,82.5,0.8934799999999999,-0.17454,-0.24174,3,-50.0,4.2062,925.75,3
92,82.6,0.8934799999999999,-0.17454,-0.24174,3,-48.5,5.6404,923.75,3
93,82.75,1.1983,-0.28938,-0.11631,3,-49.0,0.12579,922.75,3
94,83.0,0.9872799999999999,-0.16305999999999998,-0.21894,3,-49.5,4.4424,925.25,3
95,83.5,1.1397,-0.26641,-0.13912,3,-48.5,5.1296,924.25,3
96,84.0,0.96383,-0.17454,-0.23034000000000002,3,-49.0,0.8621,921.75,3
97,84.25,0.8934799999999999,-0.18603,-0.24174,3,-48.5,5.9135,923.25,3
98,84.5,0.9169299999999999,-0.17454,-0.23034000000000002,3,-48.5,4.7814,924.75,3
99,84.75,0.8934799999999999,-0.17454,-0.24174,3,-50.0,4.0896,925.75,3
100,85.0,1.1632,-0.28938,-0.13912,3,-48.5,5.5438,923.75,3
101,85.5,0.8934799999999999,-0.17454,-0.24174,3,-49.5,1.2732,921.25,3
102,85.6,0.9169299999999999,-0.17454,-0.23034000000000002,3,-49.0,4.4271,925.25,3
103,86.0,1.2101,-0.30086,-0.09350499999999999,3,-48.5,5.1036,924.25,3
104,86.1,1.2101,-0.30086,-0.09350499999999999,3,-48.0,5.1204,924.25,3
105,86.15,1.2101,-0.30086,-0.09350499999999999,3,-48.5,5.0913,924.25,3
106,86.5,0.97555,-0.17454,-0.21894,3,-49.5,0.81915,921.75,3
107,86.575,0.9169299999999999,-0.17454,-0.24174,3,-48.5,5.8475,923.25,3
108,86.75,0.8934799999999999,-0.17454,-0.24174,3,-48.5,4.7308,924.75,3
109,86.85,0.8934799999999999,-0.17454,-0.24174,3,-48.5,4.7231,924.75,3
110,87.0,1.3859,-0.35827,-0.047893,3,-48.5,4.7185,924.75,3
111,87.075,1.128,-0.25493000000000005,-0.13912,3,-49.0,0.4019,922.25,3
112,87.25,0.96383,-0.16305999999999998,-0.21894,3,-50.0,4.0436,925.75,3
113,87.5,1.0576,-0.20899,-0.17332999999999998,3,-48.5,5.4548,923.75,3
114,87.6,1.0576,-0.20899,-0.17332999999999998,3,-48.0,5.4686,923.75,3
115,87.75,1.2101,-0.31234,-0.10490999999999999,3,-48.5,6.277,922.75,3
116,87.825,1.2101,-0.31234,-0.10490999999999999,3,-48.5,0.012272,922.75,3
117,88.0,1.2218,-0.28938,-0.10490999999999999,3,-49.0,4.3857,925.25,3
118,88.5,1.2804,-0.31234,-0.082102,3,-48.5,5.1036,924.25,3
119,88.75,1.2101,-0.30086,-0.09350499999999999,3,-49.5,0.83142,921.75,3
120,89.0,1.2218,-0.28938,-0.09350499999999999,3,-48.5,5.8782,923.25,3
121,89.25,1.2335,-0.28938,-0.09350499999999999,3,-48.5,4.7109,924.75,3
122,89.325,1.2335,-0.28938,-0.09350499999999999,3,-48.5,4.7155,924.75,3
123,89.75,0.9521,-0.16305999999999998,-0.23034000000000002,3,-49.5,3.9960000000000004,925.75,3
124,89.85,1.0342,-0.17454,-0.19613,3,-48.5,5.3996,923.75,3
125,90.0,1.0694,-0.22048,-0.17332999999999998,3,-48.5,6.1927,922.75,3
126,90.075,1.0694,-0.22048,-0.17332999999999998,3,-48.5,6.2034,922.75,3
127,90.5,1.1397,-0.25493000000000005,-0.13912,3,-49.0,4.2921,925.25,3
128,90.75,0.9872799999999999,-0.17454,-0.21894,3,-48.5,5.0023,924.25,3
129,91.5,1.0811,-0.22048,-0.15052000000000001,3,-48.5,5.78,923.25,3
130,91.75,1.1397,-0.24344000000000002,-0.13912,3,-48.5,4.6541,924.75,3
131,92.25,0.9052,-0.16305999999999998,-0.23034000000000002,3,-50.0,3.9607,925.75,3
132,92.375,0.92865,-0.15158,-0.21894,3,-48.5,5.3766,923.75,3
133,92.5,1.1514,-0.26641,-0.15052000000000001,3,-48.5,6.1697,922.75,3
134,92.575,1.1514,-0.26641,-0.15052000000000001,3,-48.5,6.1881,922.75,3
135,92.625,1.1514,-0.26641,-0.15052000000000001,3,-48.5,6.1651,922.75,3
136,92.75,0.96383,-0.16305999999999998,-0.23034000000000002,3,-49.5,1.0723,921.25,3
137,93.0,0.87003,-0.17454,-0.25315,3,-49.0,4.2568,925.25,3
138,93.075,0.97555,-0.17454,-0.20754,3,-50.0,1.3975,920.75,3
139,93.25,0.97555,-0.17454,-0.20754,3,-50.0,1.3852,920.75,3
140,93.5,1.1045,-0.24344000000000002,-0.16192,3,-48.5,4.9287,924.25,3
141,94.5,0.9403799999999999,-0.17454,-0.21894,3,-49.0,0.2393,922.25,3
142,94.6,0.9521,-0.16305999999999998,-0.21894,3,-50.0,3.8794,925.75,3
143,94.75,1.1163,-0.25493000000000005,-0.13912,3,-48.0,5.3183,923.75,3
144,95.0,1.0107,-0.16305999999999998,-0.20754,3,-48.5,6.1329,922.75,3
145,95.25,0.9521,-0.16305999999999998,-0.23034000000000002,3,-49.0,4.2691,925.25,3
146,95.75,1.2570000000000001,-0.31234,-0.09350499999999999,3,-48.5,4.9317,924.25,3
147,96.0,1.2218,-0.27789,-0.10490999999999999,3,-50.5,1.6966,920.25,3
148,96.25,1.2335,-0.30086,-0.10490999999999999,3,-48.5,5.7033,923.25,3
149,96.5,0.9403799999999999,-0.17454,-0.23034000000000002,3,-49.0,4.5682,924.75,3
150,97.25,0.97555,-0.17454,-0.24174,3,-48.5,5.3091,923.75,3
151,97.5,0.9052,-0.16305999999999998,-0.23034000000000002,3,-49.0,6.1160000000000005,922.75,3
152,98.0,0.97555,-0.16305999999999998,-0.20754,3,-50.5,1.4097,920.75,3
153,98.1,0.9872799999999999,-0.17454,-0.20754,3,-48.5,4.967,924.25,3
154,98.75,1.0342,-0.20899,-0.18473,3,-48.5,5.6757,923.25,3
155,99.0,0.9052,-0.18603,-0.24174,3,-49.0,4.5452,924.75,3
156,99.25,1.0576,-0.19751,-0.18473,3,-50.0,3.8672,925.75,3
157,99.5,1.0576,-0.19751,-0.18473,3,-50.5,3.8549,925.75,3
158,99.6,0.9052,-0.17454,-0.25315,3,-48.5,5.2769,923.75,3
159,99.65,0.9052,-0.17454,-0.25315,3,-48.5,5.2829999999999995,923.75,3
160,99.75,1.1045,-0.23196,-0.15052000000000001,3,-49.0,6.0608,922.75,3
161,100.0,1.2101,-0.28938,-0.10490999999999999,3,-49.5,0.9786799999999999,921.25,3
162,100.25,0.9052,-0.16305999999999998,-0.23034000000000002,3,-49.5,4.1832,925.25,3
163,100.75,1.0107,-0.17454,-0.20754,3,-48.5,4.9271,924.25,3
164,101.0,1.0576,-0.20899,-0.16192,3,-49.5,0.65961,921.75,3
165,101.25,1.0576,-0.20899,-0.16192,3,-48.5,5.7079,923.25,3
166,101.5,0.92865,-0.16305999999999998,-0.23034000000000002,3,-49.0,4.605,924.75,3
167,101.75,0.96383,-0.17454,-0.23034000000000002,3,-50.0,3.8595,925.75,3
168,102.25,0.9052,-0.17454,-0.24174,3,-49.0,6.0485,922.75,3
169,102.5,0.9169299999999999,-0.17454,-0.23034000000000002,3,-50.0,0.98175,921.25,3
170,102.6,0.9169299999999999,-0.17454,-0.23034000000000002,3,-49.5,0.98175,921.25,3
171,102.75,1.1163,-0.24344000000000002,-0.15052000000000001,3,-49.5,4.1832,925.25,3
172,102.83,1.1163,-0.24344000000000002,-0.15052000000000001,3,-49.5,4.1985,925.25,3
173,102.85,0.88175,-0.17454,-0.24174,3,-50.0,1.3269,920.75,3
174,103.0,0.88175,-0.17454,-0.24174,3,-50.0,1.3361,920.75,3
175,103.08,0.9872799999999999,-0.17454,-0.20754,3,-48.5,4.8949,924.25,3
176,103.5,1.1514,-0.24344000000000002,-0.12771,3,-49.5,0.5875100000000001,921.75,3
177,103.58,1.1514,-0.24344000000000002,-0.12771,3,-48.5,5.6665,923.25,3
178,103.75,1.1045,-0.23196,-0.16192,3,-49.0,4.5314,924.75,3
179,104.25,0.9521,-0.16305999999999998,-0.21894,3,-50.0,3.8442,925.75,3
180,104.5,0.92865,-0.16305999999999998,-0.23034000000000002,3,-48.5,5.2309,923.75,3
181,104.75,0.9052,-0.17454,-0.24174,3,-49.0,5.9948,922.75,3
182,105.0,0.9872799999999999,-0.17454,-0.21894,3,-49.5,0.93419,921.25,3
183,105.08,0.9872799999999999,-0.17454,-0.21894,3,-50.0,4.1602,925.25,3
184,105.25,1.0694,-0.20899,-0.19613,3,-50.0,1.2855,920.75,3
185,105.5,0.9872799999999999,-0.17454,-0.21894,3,-49.0,4.855,924.25,3
186,106.0,1.1749,-0.26641,-0.12771,3,-49.5,0.5507,921.75,3
187,106.25,0.9990100000000001,-0.17454,-0.20754,3,-48.5,5.622000000000001,923.25,3
188,106.35,0.9052,-0.17454,-0.24174,3,-49.0,4.5084,924.75,3
189,107.0,1.128,-0.25493000000000005,-0.13912,3,-48.5,5.2631,923.75,3
190,107.1,1.128,-0.24344000000000002,-0.16192,3,-49.0,6.0654,922.75,3
191,107.5,1.0225,-0.18603,-0.20754,3,-50.0,4.2369,925.25,3
192,108.0,0.9169299999999999,-0.16305999999999998,-0.25315,3,-48.5,4.9057,924.25,3
193,108.75,1.0576,-0.22048,-0.17332999999999998,3,-49.0,4.5559,924.75,3
194,109.25,0.9872799999999999,-0.16305999999999998,-0.20754,3,-50.5,3.8702,925.75,3
195,109.5,1.1749,-0.27789,-0.12771,3,-49.0,5.2784,923.75,3
196,109.75,0.9521,-0.17454,-0.23034000000000002,3,-50.0,1.0201,921.25,3
197,110.0,0.88175,-0.16305999999999998,-0.25315,3,-50.0,4.2445,925.25,3
198,110.1,0.88175,-0.16305999999999998,-0.25315,3,-50.0,4.2445,925.25,3
199,110.25,0.8934799999999999,-0.16305999999999998,-0.24174,3,-49.0,4.9594,924.25,3
200,111.0,0.88175,-0.16305999999999998,-0.25315,1,-66.0,1.2747,923.25,3
201,111.5,0.9872799999999999,-0.17454,-0.24174,1,-62.5,2.0448,922.25,3
202,111.75,0.9872799999999999,-0.17454,-0.24174,1,-63.0,0.5230899999999999,923.75,3
203,112.0,0.9872799999999999,-0.17454,-0.24174,1,-62.5,1.5739,922.75,3
204,112.5,1.2570000000000001,-0.32383,-0.11631,1,-64.5,0.48473999999999995,920.75,3
205,112.75,1.2570000000000001,-0.32383,-0.11631,3,-50.5,4.5099,924.25,3
206,112.85,1.2570000000000001,-0.32383,-0.11631,1,-64.0,6.274,924.25,3
207,113.25,1.0225,-0.18603,-0.19613,1,-63.5,5.8598,921.75,3
208,113.75,0.9521,-0.16305999999999998,-0.25315,1,-65.0,5.846,924.75,3
209,114.0,0.9052,-0.15158,-0.24174,1,-67.0,4.8244,925.75,3
210,114.75,1.2218,-0.28938,-0.12771,1,-64.5,0.044485000000000004,921.25,3
211,115.0,1.0107,-0.18603,-0.20754,1,-65.0,0.5108199999999999,920.75,3
212,116.0,1.128,-0.25493000000000005,-0.17332999999999998,1,-64.5,1.0584,923.25,3
213,116.25,1.128,-0.25493000000000005,-0.17332999999999998,1,-64.0,2.1108,922.25,3
214,116.5,0.96383,-0.15158,-0.23034000000000002,1,-68.0,1.534,925.75,3
215,117.0,0.9169299999999999,-0.16305999999999998,-0.25315,3,-50.0,5.6819,922.75,3
216,117.75,0.9521,-0.17454,-0.25315,1,-65.5,6.2249,924.25,3
217,118.0,0.9521,-0.17454,-0.25315,1,-66.0,0.98635,920.25,3
218,118.5,1.1397,-0.26641,-0.16192,1,-67.0,5.6466,924.75,3
219,118.75,1.1397,-0.26641,-0.16192,1,-64.5,5.2125,922.25,3
220,119.0,1.1397,-0.26641,-0.16192,1,-68.5,1.5524,925.75,3
221,119.25,1.128,-0.26641,-0.16192,1,-64.0,1.6398,922.75,3
222,119.5,1.128,-0.26641,-0.16192,1,-65.5,0.033748,921.25,3
223,119.75,1.128,-0.26641,-0.16192,1,-67.0,5.1803,925.25,3
224,120.0,0.9052,-0.16305999999999998,-0.25315,1,-66.0,6.2234,924.25,3
225,120.5,1.339,-0.34679,-0.09350499999999999,1,-64.5,5.757000000000001,921.75,3
226,120.75,1.339,-0.34679,-0.09350499999999999,1,-64.0,4.2461,923.25,3
227,121.0,1.339,-0.34679,-0.09350499999999999,1,-66.0,5.6803,924.75,3
228,121.25,1.339,-0.34679,-0.09350499999999999,3,-50.0,6.0592,922.25,3
229,121.35,1.339,-0.34679,-0.09350499999999999,1,-64.0,5.2309,922.25,3
230,121.5,1.1045,-0.23196,-0.17332999999999998,3,-49.5,4.9057,923.75,3
231,121.58,1.1045,-0.23196,-0.17332999999999998,1,-65.0,0.55377,923.75,3
232,121.75,1.1045,-0.23196,-0.17332999999999998,1,-64.0,4.7461,922.75,3
233,122.0,1.1045,-0.23196,-0.17332999999999998,1,-67.0,5.1987,925.25,3
234,122.5,1.128,-0.23196,-0.17332999999999998,1,-65.5,0.07209700000000001,924.25,3
235,123.0,1.2804,-0.31234,-0.10490999999999999,1,-64.5,5.8215,921.75,3
236,123.25,1.2804,-0.31234,-0.10490999999999999,3,-49.5,5.3152,923.25,3
237,123.5,1.2335,-0.30086,-0.12771,3,-50.0,6.0746,922.25,3
238,124.0,1.2921,-0.32383,-0.09350499999999999,1,-65.0,0.5767800000000001,923.75,3
239,124.25,1.2921,-0.32383,-0.09350499999999999,1,-64.0,4.7768,922.75,3
240,125.0,1.2921,-0.32383,-0.10490999999999999,1,-65.5,0.001534,924.25,3
241,125.5,1.2218,-0.30086,-0.10490999999999999,1,-64.5,5.8138,921.75,3
242,125.78,1.1749,-0.26641,-0.12771,1,-66.5,5.7831,924.75,3
243,126.0,1.1749,-0.26641,-0.12771,3,-50.0,6.0516,922.25,3
244,126.5,0.88175,-0.16305999999999998,-0.26455,1,-65.0,0.63507,923.75,3
245,126.6,0.88175,-0.16305999999999998,-0.26455,1,-63.5,4.8014,922.75,3
246,127.0,1.0694,-0.20899,-0.19613,1,-65.5,3.6984,920.75,3
247,127.25,1.0694,-0.20899,-0.19613,1,-65.5,0.018408,924.25,3
248,127.5,1.0694,-0.20899,-0.19613,1,-66.5,0.98175,920.25,3
249,128.0,0.92865,-0.16305999999999998,-0.25315,1,-67.0,1.1597,923.25,3
250,128.25,0.92865,-0.16305999999999998,-0.25315,3,-50.5,0.73324,922.25,3
251,128.75,1.2335,-0.31234,-0.11631,1,-67.0,2.0693,923.75,3
252,129.75,1.0576,0.46851000000000004,-0.0022806,1,-58.0,4.7385,920.75,1
253,130.0,1.0576,0.46851000000000004,-0.0022806,3,-57.5,0.76852,920.25,1
254,130.25,1.0576,0.46851000000000004,-0.0022806,1,-61.5,0.003068,921.75,1
255,130.75,1.0576,0.46851000000000004,-0.0022806,1,-58.5,1.7994,922.25,1
256,131.75,1.0576,0.46851000000000004,-0.0022806,3,-66.5,0.28991999999999996,921.25,1
257,132.5,1.0576,0.46851000000000004,-0.0022806,1,-59.5,5.5776,921.75,1
258,135.75,0.56517,0.89339,0.031928,3,-65.5,6.0424,922.25,1
259,137.25,0.56517,0.89339,0.031928,1,-59.0,0.2393,920.25,1
260,138.25,0.56517,0.89339,0.031928,1,-58.5,1.7595,922.25,1
261,139.5,0.56517,0.89339,0.031928,1,-58.5,6.1283,920.75,1
262,140.0,0.56517,0.89339,0.031928,1,-58.5,2.1414,921.75,1
263,141.25,0.56517,0.89339,0.031928,1,-59.5,5.5346,921.25,1
264,142.25,0.56517,0.89339,0.031928,1,-58.5,5.2662,921.75,1
265,144.75,0.58862,0.8819100000000001,0.031928,1,-59.0,0.059825,920.25,1
266,146.0,0.58862,0.8819100000000001,0.031928,3,-65.5,5.5637,922.75,1
267,147.25,0.58862,0.8819100000000001,0.031928,1,-58.5,0.067495,920.25,1
268,148.0,0.58862,0.8819100000000001,0.031928,3,-66.0,5.757000000000001,922.25,1
269,149.5,0.58862,0.8819100000000001,0.031928,3,-66.5,4.5329,924.25,1
270,150.5,0.58862,0.8819100000000001,0.031928,1,-58.5,1.5693,922.25,1
271,152.5,0.69414,0.84746,0.077541,3,-66.0,5.1342,923.25,1
272,153.75,0.69414,0.84746,0.077541,1,-58.5,5.4502,921.25,1
273,154.5,0.69414,0.84746,0.077541,1,-58.5,1.8899,921.75,1
274,155.75,0.69414,0.84746,0.077541,1,-59.0,1.1213,922.75,1
275,156.75,0.69414,0.84746,0.077541,1,-58.5,6.2126,920.25,1
276,157.78,0.69414,0.84746,0.077541,3,-66.5,5.6404,922.25,1
277,159.25,0.69414,0.84746,0.077541,1,-59.0,6.1589,920.25,1
278,161.5,0.60034,0.8704200000000001,0.031928,1,-59.0,5.6681,920.75,1
279,162.25,0.60034,0.8704200000000001,0.031928,3,-68.0,0.7992,924.75,1
280,163.75,0.60034,0.8704200000000001,0.031928,1,-58.5,2.5311,920.75,1
281,164.5,0.60034,0.8704200000000001,0.031928,1,-60.0,0.49854,923.25,1
282,166.5,0.60034,0.8704200000000001,0.031928,3,-67.5,0.5353600000000001,920.25,1
283,168.75,0.60034,0.8704200000000001,0.031928,1,-59.5,5.5499,920.75,1
284,171.5,0.6472399999999999,0.8704200000000001,0.077541,3,-67.0,5.9733,921.75,1
285,173.25,0.6472399999999999,0.8704200000000001,0.077541,1,-58.5,4.9317,921.25,1
286,174.75,0.6472399999999999,0.8704200000000001,0.077541,3,-67.0,5.4886,922.25,1
287,176.5,0.6472399999999999,0.8704200000000001,0.077541,3,-67.5,5.6711,921.75,1
288,178.75,0.6472399999999999,0.8704200000000001,0.077541,3,-68.0,0.36969,920.25,1
289,183.5,0.61207,0.8704200000000001,0.031928,1,-60.0,5.6834,920.25,1
290,186.25,0.61207,0.8704200000000001,0.031928,1,-59.5,1.2763,921.75,1
291,188.25,0.61207,0.8704200000000001,0.031928,3,-68.0,6.2004,920.75,1
292,191.75,0.48308999999999996,0.89339,0.12315,4,-68.0,2.0126,922.25,1
293,192.5,0.18995,0.92784,-0.0022806,1,-50.5,5.0683,921.25,4
294,192.6,0.18995,0.92784,-0.0022806,1,-49.5,1.1566,921.25,4
295,193.0,0.20168,1.0197,-0.025087,1,-47.5,2.5372,920.75,4
296,193.08,0.15478,0.8359700000000001,-0.059296,1,-47.5,4.987,920.75,4
297,193.25,0.30721,1.0542,-0.047893,1,-51.0,4.3749,924.25,4
298,193.33,0.30721,1.0542,-0.047893,1,-52.0,5.7217,924.25,4
299,193.5,0.025796,1.0656,-0.23034000000000002,2,-57.0,5.3214,921.75,4
300,197.5,0.44791000000000003,0.98526,-0.21894,2,-59.0,3.6724,925.25,2
301,198.75,0.44791000000000003,0.98526,-0.21894,2,-58.0,0.11812,924.75,2
302,200.25,0.49481,0.9163600000000001,-0.16192,2,-57.0,1.6659,920.75,2
303,201.5,0.49481,0.9163600000000001,-0.16192,2,-57.5,0.95567,922.25,2
304,204.0,0.63552,0.8589399999999999,-0.11631,2,-57.5,0.8851100000000001,922.25,2
305,205.75,0.54171,0.89339,-0.15052000000000001,2,-57.0,5.0483,920.25,2
306,206.0,0.54171,0.89339,-0.15052000000000001,2,-58.5,6.1727,924.75,2
307,207.0,0.54171,0.89339,-0.15052000000000001,2,-58.0,0.76852,922.75,2
308,207.75,0.54171,0.89339,-0.15052000000000001,2,-57.0,1.5923,920.75,2
309,208.25,0.54171,0.89339,-0.15052000000000001,2,-57.5,1.1305,921.75,2
310,209.25,0.54171,0.89339,-0.15052000000000001,2,-58.0,0.61206,922.75,2
311,211.0,0.54171,0.8819100000000001,-0.16192,2,-58.0,5.9488,924.75,2
312,212.5,0.54171,0.8819100000000001,-0.16192,2,-58.0,4.493,920.75,2
313,214.25,0.54171,0.8819100000000001,-0.16192,2,-58.5,0.4648,922.75,2
314,215.25,0.54171,0.8819100000000001,-0.16192,2,-58.0,4.6633,920.25,2
315,217.0,0.54171,0.8819100000000001,-0.16192,2,-58.5,1.1259,921.25,2
316,218.0,0.54171,0.8819100000000001,-0.16192,2,-58.5,0.8544299999999999,921.75,2
317,221.75,0.5534399999999999,0.9048700000000001,-0.16192,2,-58.5,1.0216,921.25,2
318,223.25,0.5534399999999999,0.9048700000000001,-0.16192,2,-60.0,5.711,924.75,2
319,224.75,0.5534399999999999,0.9048700000000001,-0.16192,2,-59.5,6.0776,924.25,2
320,227.0,0.5534399999999999,0.9048700000000001,-0.16192,2,-58.5,4.5084,920.75,2
321,229.0,0.5534399999999999,0.9048700000000001,-0.16192,2,-58.5,1.0017,921.25,2
322,230.5,0.5534399999999999,0.9048700000000001,-0.16192,2,-60.0,5.8307,924.75,2
323,236.25,0.49481,0.9048700000000001,-0.17332999999999998,2,-59.5,0.99095,921.25,2
324,242.25,0.49481,0.9048700000000001,-0.17332999999999998,2,-59.5,0.80074,921.75,2
325,244.5,0.49481,0.9048700000000001,-0.17332999999999998,2,-59.5,6.2203,924.25,2
326,245.0,0.49481,0.9048700000000001,-0.17332999999999998,2,-58.0,0.45406,923.25,2
327,246.0,0.49481,0.9048700000000001,-0.17332999999999998,2,-58.5,0.8145399999999999,922.75,2
328,248.25,0.5534399999999999,0.8704200000000001,-0.16192,2,-57.5,0.1534,923.75,2
329,250.0,0.7527699999999999,0.82449,-0.070699,2,-57.5,5.6404,924.75,2
330,256.0,0.49481,0.9048700000000001,-0.16192,2,-57.0,1.0446,925.25,2
331,256.5,0.49481,0.9048700000000001,-0.16192,2,-57.5,1.5018,924.25,2
332,257.5,0.49481,0.9048700000000001,-0.16192,2,-58.5,0.087437,922.25,2
333,259.0,0.49481,0.9048700000000001,-0.16192,2,-59.5,4.8581,924.25,2
334,260.0,0.49481,0.9048700000000001,-0.16192,2,-58.5,5.4027,922.25,2
335,260.75,0.49481,0.9048700000000001,-0.16192,2,-57.0,1.4036,925.25,2
336,263.0,-0.10318,0.92784,-0.070699,1,-67.0,1.8899,922.75,4
337,263.25,-0.10318,0.92784,-0.070699,1,-65.5,0.99095,921.25,4
338,265.25,0.35411,1.0542,-0.13912,1,-69.0,0.39423,923.75,4
339,268.75,0.096148,1.0771,-0.013684,1,-57.0,0.65961,924.25,4
340,269.5,-0.19699,0.8359700000000001,0.054735,1,-58.5,1.4864,924.75,1
341,270.25,-0.19699,0.8359700000000001,0.054735,3,-59.0,6.1436,922.75,1
342,270.75,-0.19699,0.8359700000000001,0.054735,3,-57.5,6.0807,925.25,1
343,271.0,0.78795,0.57186,0.043332,4,-59.0,2.2626,920.75,1
344,271.5,0.78795,0.57186,0.043332,4,-66.0,0.4694,921.75,1
345,274.0,1.2452,-0.28938,-0.025087,3,-57.0,1.0692,921.75,3
346,274.5,1.2452,-0.28938,-0.025087,4,-67.0,3.8748,924.75,3
347,275.25,1.2452,-0.28938,-0.025087,4,-65.5,5.7877,922.75,3
348,275.75,1.2452,-0.28938,-0.025087,3,-56.0,1.6322,920.75,3
349,276.0,1.2452,-0.28938,-0.025087,3,-56.0,1.939,920.25,3
350,276.25,1.2452,-0.28938,-0.025087,4,-66.0,0.48167,921.75,3
351,277.25,1.0928,-0.26641,-0.0022806,4,-68.0,2.5495,925.75,3
352,277.75,1.0928,-0.26641,-0.0022806,4,-65.5,0.90045,921.25,3
353,279.75,1.0694,-0.27789,0.0091224,4,-65.5,4.5912,923.75,3
354,280.25,1.0694,-0.27789,0.0091224,4,-66.0,0.84983,921.25,3
355,282.0,1.3156,-0.38124,0.10035,4,-65.5,6.0868,922.25,3
356,282.75,1.0342,-0.24344000000000002,-0.013684,4,-66.0,0.8667,921.25,3
357,283.25,1.0342,-0.24344000000000002,-0.013684,4,-66.0,4.0436,924.25,3
358,283.75,1.0342,-0.24344000000000002,-0.013684,4,-66.0,0.3068,921.75,3
359,284.75,0.9872799999999999,-0.20899,-0.036489999999999995,4,-67.0,5.5361,922.75,3
360,285.75,1.1163,-0.31234,0.031928,4,-68.0,4.0451,924.25,3
361,286.25,1.1163,-0.31234,0.031928,4,-67.0,0.30373,921.75,3
362,286.75,1.1163,-0.31234,0.031928,4,-67.0,5.9887,922.25,3
363,287.75,1.1163,-0.28938,0.031928,3,-56.5,4.9011,925.25,3
364,288.75,1.2335,-0.35827,0.066138,4,-68.0,0.36049000000000003,921.75,3
365,289.25,1.2335,-0.35827,0.066138,4,-67.5,6.0454,922.25,3
366,290.25,1.2687,-0.35827,0.08894400000000001,3,-56.5,4.8857,925.25,3
367,290.5,1.2687,-0.35827,0.08894400000000001,3,-55.5,1.6091,920.75,3
368,290.75,1.2687,-0.35827,0.08894400000000001,3,-56.0,1.9113,920.25,3
369,291.75,1.0811,-0.27789,-0.0022806,3,-57.5,1.4297,925.75,3
370,292.0,1.0811,-0.27789,-0.0022806,3,-56.5,5.7816,923.75,3
371,292.5,1.0811,-0.27789,-0.0022806,3,-56.0,4.3918,921.25,3
372,292.75,1.0811,-0.27789,-0.0022806,3,-57.0,4.8474,925.25,3
373,293.5,1.1749,-0.31234,0.054735,3,-56.5,6.1114,923.25,3
374,294.25,1.1749,-0.31234,0.054735,3,-56.5,5.6589,923.75,3
375,295.25,1.1163,-0.27789,0.031928,3,-56.5,4.5866,920.75,3
376,295.75,1.1163,-0.27789,0.031928,1,-63.5,0.19635,920.25,3
377,296.25,1.1163,-0.27789,0.031928,3,-57.0,1.9159,924.75,3
378,296.5,1.1163,-0.27789,0.031928,3,-58.0,1.3284,925.75,3
379,297.0,1.1163,-0.27789,0.031928,3,-56.5,0.061359000000000004,922.75,3
380,298.0,1.3273,-0.39271999999999996,0.10035,3,-56.5,5.3091,924.25,3
381,298.5,1.3273,-0.39271999999999996,0.10035,3,-57.0,5.9166,923.25,3
382,299.25,1.3273,-0.39271999999999996,0.10035,1,-66.0,4.8535,925.75,3
383,300.25,1.0928,-0.27789,0.020525,3,-57.0,5.2048,924.25,3
384,300.75,1.0928,-0.27789,0.020525,3,-57.0,0.63967,921.75,3
385,301.25,1.0928,-0.27789,0.020525,3,-56.5,0.28071999999999997,922.25,3
386,301.75,1.0928,-0.27789,0.020525,3,-56.5,5.5039,923.75,3
387,302.0,1.0928,-0.27789,0.020525,3,-56.5,6.1697,922.75,3
388,303.0,1.1749,-0.32383,0.043332,3,-56.5,4.7032,920.25,3
389,303.25,1.1749,-0.32383,0.043332,3,-56.5,5.7892,923.25,3
390,303.75,1.1749,-0.32383,0.043332,3,-56.5,0.18868,922.25,3
391,304.0,1.1749,-0.32383,0.043332,1,-63.5,0.30833,923.75,3
392,305.0,1.0928,-0.27789,0.020525,3,-56.5,4.3212,920.75,3
393,305.25,1.0928,-0.27789,0.020525,1,-63.0,0.27151,920.25,3
394,306.25,1.0928,-0.27789,0.020525,3,-56.5,0.14573,922.25,3
395,306.5,1.0928,-0.27789,0.020525,3,-58.0,1.0278,925.75,3
396,306.75,1.0928,-0.27789,0.020525,3,-56.5,6.0147,922.75,3
397,307.75,1.0811,-0.27789,0.0091224,3,-57.0,4.5437,920.25,3
398,308.25,1.0811,-0.27789,0.0091224,3,-56.5,5.6604,923.25,3
