,time,frontal,vertical,lateral,id,rssi,phase,freq,label
0,0.0,0.51826,0.89339,0.13455999999999999,4,-56.5,5.8368,921.75,1
1,0.25,0.51826,0.89339,0.13455999999999999,3,-68.0,4.8412,925.75,1
2,0.75,0.51826,0.89339,0.13455999999999999,4,-55.5,3.6417,924.25,1
3,1.25,0.51826,0.89339,0.13455999999999999,3,-57.5,1.7779,924.75,1
4,1.75,0.51826,0.89339,0.13455999999999999,4,-61.5,0.24083000000000002,922.75,1
5,141.25,0.43618999999999997,0.93932,0.077541,4,-55.0,0.36816,921.75,4
6,142.0,0.42446000000000006,0.93932,0.10035,4,-53.0,4.7891,923.25,4
7,142.25,0.42446000000000006,0.93932,0.10035,4,-58.5,0.29606,920.25,4
8,142.75,0.42446000000000006,0.93932,0.10035,1,-57.0,5.7724,921.25,4
9,145.5,0.42446000000000006,0.93932,0.19157000000000002,1,-66.0,2.1307,922.75,4
10,146.0,0.42446000000000006,0.93932,0.19157000000000002,2,-56.5,1.4619,921.75,4
11,146.75,0.49481,1.169,0.20297,2,-56.0,4.3995,924.25,2
12,147.0,0.49481,1.169,0.20297,2,-57.0,5.3781,920.25,2
13,148.25,0.6472399999999999,0.8704200000000001,0.19157000000000002,2,-56.0,1.083,925.25,2
14,149.0,0.6472399999999999,0.8704200000000001,0.19157000000000002,2,-56.0,0.90505,925.75,2
15,149.5,0.6472399999999999,0.8704200000000001,0.19157000000000002,2,-57.5,4.625,923.25,2
16,151.75,0.51826,0.9163600000000001,0.08894400000000001,2,-58.5,4.8627,923.25,2
17,156.0,0.62379,0.84746,0.16876,2,-57.5,4.8397,921.75,2
18,158.28,0.61207,0.8704200000000001,0.15736,2,-56.5,5.1036,921.75,2
19,158.75,0.61207,0.8704200000000001,0.15736,1,-67.5,1.0170000000000001,925.75,2
20,159.5,0.61207,0.8704200000000001,0.15736,2,-56.0,4.5789,923.75,2
21,159.75,0.61207,0.8704200000000001,0.15736,2,-57.5,5.5745,921.25,2
22,161.0,0.57689,0.8819100000000001,0.13455999999999999,2,-56.0,3.5665,925.75,2
23,161.25,0.57689,0.8819100000000001,0.13455999999999999,2,-56.5,4.2599,924.25,2
24,161.75,0.57689,0.8819100000000001,0.13455999999999999,1,-66.5,5.4088,923.75,2
25,162.75,0.57689,0.8819100000000001,0.13455999999999999,2,-57.0,3.7705,925.25,2
26,163.5,0.57689,0.8819100000000001,0.13455999999999999,2,-57.0,0.5553,925.75,2
27,164.0,0.57689,0.8819100000000001,0.13455999999999999,2,-57.5,4.4838,923.25,2
28,165.0,0.57689,0.8819100000000001,0.13455999999999999,2,-57.5,4.8597,922.75,2
29,166.75,0.58862,0.8359700000000001,0.14595999999999998,2,-58.0,4.7906,923.75,2
30,167.75,0.58862,0.8359700000000001,0.14595999999999998,2,-57.0,4.1556,925.25,2
31,170.0,0.61207,0.84746,0.19157000000000002,2,-57.0,3.9485,925.25,2
32,170.75,0.61207,0.84746,0.19157000000000002,2,-57.5,5.0545,922.25,2
33,171.25,0.61207,0.84746,0.19157000000000002,2,-57.5,4.7063,923.25,2
34,172.0,0.61207,0.84746,0.19157000000000002,1,-68.0,0.69029,924.75,2
35,173.0,0.61207,0.84746,0.19157000000000002,2,-57.5,4.9103,922.25,2
36,174.75,0.7645,0.77856,0.24859,2,-57.5,4.8075,922.75,2
37,175.5,0.7645,0.77856,0.24859,2,-57.5,4.8704,922.25,2
38,176.5,0.7645,0.77856,0.24859,2,-57.5,1.2195,923.75,2
39,178.75,0.70587,0.80152,0.22578,2,-58.5,5.6052,920.25,2
40,179.5,0.70587,0.80152,0.22578,2,-58.0,4.7799,922.75,2
41,180.25,0.70587,0.80152,0.22578,2,-58.0,5.1496,921.75,2
42,182.75,0.58862,0.84746,0.18017,2,-58.0,5.1158,921.75,2
43,184.25,0.58862,0.84746,0.18017,2,-57.5,3.9761,924.75,2
44,185.5,0.58862,0.84746,0.18017,2,-57.5,0.25924,925.75,2
45,188.25,0.8231200000000001,0.74411,0.2828,2,-57.5,4.6572,923.25,2
46,190.25,0.62379,0.84746,0.19157000000000002,2,-56.5,0.81915,925.75,2
47,190.75,0.62379,0.84746,0.19157000000000002,2,-57.0,4.7922,923.25,2
48,191.5,0.62379,0.84746,0.19157000000000002,1,-65.5,0.27151,924.75,2
49,192.5,0.62379,0.84746,0.19157000000000002,1,-64.5,0.94186,922.25,2
50,195.75,0.58862,0.8589399999999999,0.16876,2,-59.0,5.5499,920.25,2
51,196.75,0.58862,0.8589399999999999,0.16876,2,-57.5,4.5483,922.75,2
52,197.75,0.58862,0.8589399999999999,0.16876,2,-57.5,0.28685,925.75,2
53,198.25,0.58862,0.8589399999999999,0.16876,2,-59.0,5.5637,920.25,2
54,200.25,0.7527699999999999,0.76708,0.24859,2,-57.5,3.9485,924.25,2
55,201.25,0.7527699999999999,0.76708,0.24859,2,-57.5,0.58905,924.75,2
56,202.0,0.7527699999999999,0.76708,0.24859,2,-59.0,5.1664,920.75,2
57,203.0,0.7527699999999999,0.76708,0.24859,2,-58.0,4.3151,923.25,2
58,205.25,0.62379,0.82449,0.18017,2,-58.5,4.3442,923.25,2
59,206.78,0.62379,0.82449,0.18017,2,-58.0,0.25771,925.25,2
60,207.5,0.62379,0.82449,0.18017,2,-58.5,3.9561,924.25,2
61,209.5,0.62379,0.82449,0.18017,2,-59.0,4.809,921.75,2
62,211.0,0.62379,0.82449,0.18017,2,-59.0,5.0345,921.25,2
63,213.75,0.7176,0.79004,0.22578,2,-58.5,0.40037,925.25,2
64,214.5,0.7176,0.79004,0.22578,2,-56.0,4.8274,922.25,2
65,215.75,0.70587,0.80152,0.22578,2,-56.0,4.1924,924.75,2
66,216.28,0.70587,0.80152,0.22578,2,-57.0,4.5483,922.75,2
67,217.5,0.70587,0.80152,0.22578,2,-58.0,4.2246,923.25,2
68,219.75,0.62379,0.8704200000000001,0.13455999999999999,2,-57.5,4.0298,924.25,2
69,220.5,0.62379,0.8704200000000001,0.13455999999999999,2,-57.0,3.8442,924.75,2
70,221.0,0.62379,0.8704200000000001,0.13455999999999999,2,-57.0,3.7935,925.25,2
71,221.75,0.62379,0.8704200000000001,0.13455999999999999,2,-58.0,4.9456,922.25,2
72,222.5,0.62379,0.8704200000000001,0.13455999999999999,2,-57.5,4.5851,923.25,2
73,224.5,0.68242,0.81301,0.20297,2,-57.0,4.1049,924.25,2
