,time,frontal,vertical,lateral,id,rssi,phase,freq,label
0,0.0,-0.044557,0.93932,0.11175,1,-58.0,0.17794000000000001,920.75,4
1,0.25,-0.044557,0.93932,0.11175,1,-60.0,0.4694,920.25,4
2,0.75,-0.044557,0.93932,0.11175,3,-68.5,0.15033,923.25,1
3,1.5,-0.044557,0.93932,0.11175,4,-57.5,5.1082,925.75,1
4,2.5,0.61207,0.89339,0.0091224,4,-57.5,4.3949,920.75,1
5,3.0,0.61207,0.89339,0.0091224,1,-65.0,3.6386,920.25,1
6,4.0,0.69414,0.8359700000000001,0.054735,4,-57.5,5.6328,925.75,1
7,5.0,0.54171,0.9048700000000001,0.0091224,1,-67.5,0.084369,920.75,1
8,5.75,0.58862,0.8704200000000001,-0.036489999999999995,4,-57.0,0.19175,924.75,1
9,6.0,0.58862,0.8704200000000001,-0.036489999999999995,1,-66.5,1.8116,922.25,1
10,7.5,0.43618999999999997,0.96229,-0.070699,4,-57.0,0.948,924.25,1
11,8.25,0.43618999999999997,0.96229,-0.070699,4,-57.5,0.44178999999999996,924.75,1
12,9.5,0.5534399999999999,0.89339,-0.025087,1,-67.0,2.6492,921.25,1
13,10.0,0.5534399999999999,0.89339,-0.025087,4,-56.0,4.8351,920.25,1
14,10.25,0.5534399999999999,0.89339,-0.025087,4,-56.5,0.15033,921.75,1
15,11.25,0.54171,0.9048700000000001,-0.013684,4,-57.0,1.3468,923.75,1
16,11.5,0.54171,0.9048700000000001,-0.013684,1,-68.0,1.3208,922.75,1
17,12.25,0.54171,0.9048700000000001,-0.013684,4,-57.5,0.9019799999999999,924.25,1
18,12.75,0.54171,0.9048700000000001,-0.013684,1,-68.0,3.4852,920.25,1
19,14.0,0.48308999999999996,0.93932,-0.036489999999999995,1,-68.0,1.1382,922.75,1
20,15.75,0.44791000000000003,0.96229,-0.070699,1,-67.5,1.7211,922.25,1
21,17.5,0.7645,0.81301,0.066138,1,-67.0,1.9343,921.75,1
22,19.0,0.54171,0.8819100000000001,-0.025087,4,-56.5,0.7133,921.25,1
23,19.5,0.54171,0.8819100000000001,-0.025087,1,-67.5,6.0285,920.75,1
24,20.0,0.54171,0.8819100000000001,-0.025087,1,-66.5,1.9313,921.75,1
25,20.75,0.54171,0.8819100000000001,-0.025087,1,-66.5,1.4281,922.25,1
26,21.25,0.54171,0.8819100000000001,-0.025087,1,-67.5,0.9434,922.75,1
27,22.75,0.58862,0.8704200000000001,0.0091224,1,-68.0,0.64427,923.25,1
28,23.5,0.58862,0.8704200000000001,0.0091224,1,-67.5,0.092039,923.75,1
29,24.75,0.54171,0.9048700000000001,-0.013684,1,-66.0,1.9037,921.75,1
30,25.5,0.54171,0.9048700000000001,-0.013684,1,-66.5,1.5432,922.25,1
31,26.25,0.54171,0.9048700000000001,-0.013684,1,-66.5,2.3593,921.25,1
32,27.75,0.67069,0.84746,0.031928,4,-57.0,1.7380000000000002,923.25,1
33,28.5,0.67069,0.84746,0.031928,4,-57.0,1.3683,923.75,1
34,28.75,0.67069,0.84746,0.031928,4,-56.5,0.77159,921.25,1
35,29.25,0.67069,0.84746,0.031928,1,-67.5,5.9641,920.75,1
36,31.25,0.5534399999999999,0.9048700000000001,-0.0022806,4,-58.5,1.8224,925.25,1
37,31.75,0.5534399999999999,0.9048700000000001,-0.0022806,1,-61.0,0.47553,924.25,1
38,34.25,1.0811,0.078086,0.24859,3,-57.5,0.5706399999999999,924.25,3
39,35.25,1.0811,0.078086,0.24859,3,-58.0,0.32981,924.75,3
40,37.25,1.0811,0.078086,0.24859,3,-58.0,1.1213,923.25,3
41,38.0,1.0811,0.078086,0.24859,3,-58.0,0.61206,923.75,3
42,38.75,1.0811,0.078086,0.24859,3,-58.5,6.0055,925.25,3
43,40.0,1.1163,-0.27789,-0.12771,3,-58.0,6.1697,924.75,3
44,40.5,1.1163,-0.27789,-0.12771,3,-57.0,0.54456,923.75,3
45,41.0,1.1163,-0.27789,-0.12771,3,-57.0,5.395,921.25,3
46,41.75,1.1163,-0.27789,-0.12771,3,-58.0,6.0439,920.25,3
47,42.25,1.1163,-0.27789,-0.12771,3,-58.0,6.0454,924.75,3
48,42.75,1.1163,-0.27789,-0.12771,3,-58.5,5.5193,925.75,3
49,44.0,1.0811,-0.26641,-0.16192,3,-57.5,0.14726,924.25,3
50,44.5,1.0811,-0.26641,-0.16192,3,-56.0,1.9006,921.75,3
51,46.0,1.1866,-0.32383,-0.12771,3,-58.0,5.7662,925.25,3
52,46.75,1.1866,-0.32383,-0.12771,3,-58.0,6.0838,920.25,3
53,48.25,1.1163,-0.28938,-0.15052000000000001,3,-57.0,5.3827,921.25,3
54,48.75,1.1163,-0.28938,-0.15052000000000001,3,-57.5,0.1488,924.25,3
55,49.5,1.1163,-0.28938,-0.15052000000000001,3,-58.0,6.0822,924.75,3
56,50.75,1.2101,-0.32383,-0.11631,3,-58.0,5.8153,925.25,3
57,51.25,1.2101,-0.32383,-0.11631,3,-57.5,0.18101,924.25,3
58,52.0,1.2101,-0.32383,-0.11631,3,-57.0,0.8835700000000001,923.25,3
59,52.5,1.2101,-0.32383,-0.11631,3,-58.5,5.5361,925.75,3
60,53.75,1.0928,-0.26641,-0.15052000000000001,3,-57.5,0.21015999999999999,924.25,3
61,54.25,1.0928,-0.26641,-0.15052000000000001,3,-56.5,5.0944,921.75,3
62,54.5,1.0928,-0.26641,-0.15052000000000001,3,-58.0,6.1421,924.75,3
63,55.25,1.0928,-0.26641,-0.15052000000000001,3,-56.5,1.2318,922.75,3
64,55.75,1.0928,-0.26641,-0.15052000000000001,3,-57.0,5.4272,921.25,3
65,56.25,1.0928,-0.26641,-0.15052000000000001,3,-57.5,0.19175,924.25,3
66,57.25,1.1045,-0.27789,-0.15052000000000001,3,-56.0,1.6076,922.25,3
67,57.75,1.1045,-0.27789,-0.15052000000000001,3,-57.0,0.5553,923.75,3
68,58.0,1.1045,-0.27789,-0.15052000000000001,3,-57.0,5.4334,921.25,3
69,58.75,1.1045,-0.27789,-0.15052000000000001,3,-58.5,6.1221,920.25,3
70,59.5,1.1045,-0.27789,-0.15052000000000001,3,-58.0,6.1313,924.75,3
71,60.75,1.0811,-0.25493000000000005,-0.16192,3,-58.0,5.8245,925.25,3
72,61.25,1.0811,-0.25493000000000005,-0.16192,3,-58.0,6.1528,920.25,3
73,61.75,1.0811,-0.25493000000000005,-0.16192,3,-56.5,0.9065799999999999,923.25,3
74,62.25,1.0811,-0.25493000000000005,-0.16192,3,-58.5,5.5085,925.75,3
75,63.5,0.97555,-0.18603,-0.21894,3,-57.5,0.1626,924.25,3
76,64.5,0.97555,-0.18603,-0.21894,3,-56.5,1.6045,922.25,3
77,65.0,0.97555,-0.18603,-0.21894,3,-57.0,0.53076,923.75,3
78,65.25,0.97555,-0.18603,-0.21894,3,-57.0,5.4349,921.25,3
79,66.0,0.97555,-0.18603,-0.21894,3,-57.5,0.13959000000000002,924.25,3
80,67.5,1.0811,-0.25493000000000005,-0.15052000000000001,3,-57.0,0.49241,923.75,3
81,67.75,1.0811,-0.25493000000000005,-0.15052000000000001,3,-57.0,5.3981,921.25,3
82,68.5,1.0811,-0.25493000000000005,-0.15052000000000001,3,-57.5,0.1488,924.25,3
83,69.0,1.0811,-0.25493000000000005,-0.15052000000000001,3,-57.0,0.83449,923.25,3
84,70.0,1.1163,-0.27789,-0.15052000000000001,3,-57.0,5.4027,921.25,3
85,71.0,1.1163,-0.27789,-0.15052000000000001,3,-58.0,6.119,920.25,3
86,71.5,1.1163,-0.27789,-0.15052000000000001,3,-56.5,0.83909,923.25,3
87,72.0,1.1163,-0.27789,-0.15052000000000001,3,-56.5,4.6556,922.25,3
88,73.25,1.0811,-0.25493000000000005,-0.17332999999999998,3,-57.5,0.056757,924.25,3
89,73.75,1.0811,-0.25493000000000005,-0.17332999999999998,3,-56.5,0.78693,923.25,3
90,74.5,1.0811,-0.25493000000000005,-0.17332999999999998,3,-58.0,5.3674,925.75,3
91,75.75,1.0459,-0.23196,-0.18473,3,-58.0,5.9534,920.25,3
92,76.75,1.0459,-0.23196,-0.18473,3,-56.5,1.4496,922.25,3
93,77.25,1.0459,-0.23196,-0.18473,3,-57.0,0.36816,923.75,3
94,77.5,1.0459,-0.23196,-0.18473,3,-57.0,2.169,921.25,3
95,78.0,1.0459,-0.23196,-0.18473,3,-57.0,0.0061359,924.25,3
96,79.0,1.1163,-0.28938,-0.15052000000000001,3,-56.5,1.422,922.25,3
97,79.75,1.1163,-0.28938,-0.15052000000000001,3,-56.5,1.0999,922.75,3
98,80.0,1.1163,-0.28938,-0.15052000000000001,3,-58.0,5.6282,925.25,3
99,81.5,1.1045,-0.26641,-0.15052000000000001,3,-56.5,1.4481,922.25,3
100,82.0,1.1045,-0.26641,-0.15052000000000001,3,-57.0,0.32827,923.75,3
101,82.25,1.1045,-0.26641,-0.15052000000000001,3,-56.5,1.0784,922.75,3
102,82.75,1.1045,-0.26641,-0.15052000000000001,3,-57.5,5.6036,920.75,3
103,83.25,1.1045,-0.26641,-0.15052000000000001,3,-57.0,4.944,921.75,3
104,85.75,0.58862,0.84746,0.08894400000000001,4,-64.0,0.27918000000000004,921.75,1
105,86.25,0.58862,0.84746,0.08894400000000001,1,-65.0,6.0347,924.75,1
106,87.25,0.58862,0.84746,0.08894400000000001,1,-67.5,1.379,925.25,1
107,89.5,0.58862,0.84746,0.08894400000000001,1,-61.5,4.0512,921.25,1
108,92.0,0.58862,0.84746,0.08894400000000001,1,-61.0,4.1862,921.25,1
109,93.75,0.58862,0.84746,0.08894400000000001,1,-61.5,0.21169000000000002,922.25,1
110,95.5,0.58862,0.84746,0.08894400000000001,3,-69.0,2.4559,921.75,1
111,99.25,0.56517,0.8704200000000001,0.054735,1,-61.0,4.0543,921.25,1
112,101.0,0.56517,0.8704200000000001,0.054735,1,-62.0,0.20861999999999997,922.25,1
113,102.75,0.56517,0.8704200000000001,0.054735,1,-61.5,3.6187,921.75,1
114,104.75,0.56517,0.8704200000000001,0.054735,1,-61.5,4.6342,920.75,1
115,107.25,0.56517,0.8704200000000001,0.054735,4,-61.0,0.7761899999999999,924.25,1
116,110.25,0.61207,0.8704200000000001,0.08894400000000001,1,-62.0,0.53689,921.75,1
117,112.0,0.61207,0.8704200000000001,0.08894400000000001,1,-61.0,4.5360000000000005,920.75,1
118,113.25,0.61207,0.8704200000000001,0.08894400000000001,1,-62.0,0.036816,922.25,1
119,114.75,0.61207,0.8704200000000001,0.08894400000000001,4,-59.0,4.5513,920.25,1
120,116.25,0.61207,0.8704200000000001,0.08894400000000001,1,-62.0,5.8874,922.75,1
121,118.75,0.7527699999999999,0.8359700000000001,0.13455999999999999,1,-61.0,4.1249,921.25,1
122,120.0,0.7527699999999999,0.8359700000000001,0.13455999999999999,1,-62.0,0.44178999999999996,921.75,1
123,122.0,0.7527699999999999,0.8359700000000001,0.13455999999999999,4,-59.5,4.4762,920.25,1
124,123.5,0.7527699999999999,0.8359700000000001,0.13455999999999999,1,-62.5,5.8261,922.75,1
125,126.25,0.6472399999999999,0.8704200000000001,0.10035,3,-68.5,5.4533,921.25,1
126,127.75,0.6472399999999999,0.8704200000000001,0.10035,1,-62.0,0.17487,922.25,1
127,129.25,0.6472399999999999,0.8704200000000001,0.10035,1,-60.5,1.7288,920.25,1
128,131.0,0.6472399999999999,0.8704200000000001,0.10035,1,-60.5,4.1172,921.25,1
129,132.25,0.6472399999999999,0.8704200000000001,0.10035,1,-62.0,5.4917,923.25,1
130,134.0,0.6472399999999999,0.8704200000000001,0.10035,1,-60.5,4.4624,920.75,1
131,137.0,0.56517,0.89339,0.066138,1,-60.5,0.3252,921.75,1
132,138.5,0.56517,0.89339,0.066138,3,-68.0,5.1925,921.25,1
133,139.75,0.56517,0.89339,0.066138,1,-61.5,2.2289,923.25,1
134,140.75,0.56517,0.89339,0.066138,1,-60.0,3.9178,921.25,1
135,143.25,0.56517,0.89339,0.066138,1,-60.5,4.0574,921.25,1
136,144.25,0.56517,0.89339,0.066138,1,-61.5,2.2749,923.25,1
137,146.0,0.56517,0.89339,0.066138,1,-59.0,5.2324,920.75,1
138,146.5,0.56517,0.89339,0.066138,1,-60.0,0.64427,921.75,1
139,148.0,0.037521,0.82449,-0.025087,4,-61.5,0.7792600000000001,922.75,4
140,149.0,0.49481,0.81301,-0.025087,1,-59.0,1.8822,920.25,4
141,165.5,0.48308999999999996,0.9163600000000001,-0.025087,2,-57.0,5.1419,925.25,2
142,166.75,0.37756,0.98526,-0.09350499999999999,2,-58.0,4.8765,925.75,2
143,174.25,0.62379,0.8704200000000001,0.020525,2,-57.5,1.5493,925.75,2
144,182.25,0.33066,1.0197,-0.070699,2,-57.0,5.3965,925.25,2
145,182.75,0.33066,1.0197,-0.070699,2,-56.5,5.4426,924.25,2
146,183.75,0.43618999999999997,0.96229,-0.013684,2,-56.0,0.14726,922.25,2
147,184.25,0.43618999999999997,0.96229,-0.013684,2,-57.0,5.9181,923.75,2
148,185.5,0.56517,0.89339,0.054735,2,-54.0,0.70103,921.75,2
149,191.25,0.42446000000000006,0.95081,-0.0022806,2,-57.0,5.167999999999999,925.75,2
150,193.5,0.45963999999999994,0.95081,-0.013684,2,-56.5,5.5085,924.75,2
151,198.75,0.50654,0.92784,0.020525,2,-57.0,5.1296,925.75,2
152,202.25,0.62379,0.8704200000000001,0.077541,2,-56.0,5.7187,924.25,2
153,209.75,0.31893,0.99674,-0.070699,2,-56.0,5.7279,924.25,2
154,212.0,0.58862,0.8819100000000001,0.066138,2,-56.5,5.6987,924.25,2
155,212.75,0.47136000000000006,0.95081,-0.013684,2,-56.5,5.5193,924.75,2
156,213.25,0.47136000000000006,0.95081,-0.013684,2,-57.0,5.1496,925.75,2
157,216.5,0.6472399999999999,0.8589399999999999,0.077541,2,-57.0,5.4502,925.25,2
158,217.75,0.38928,0.98526,-0.025087,2,-57.0,5.5975,924.75,2
159,218.0,0.38928,0.98526,-0.025087,2,-58.0,5.2109,925.75,2
160,220.0,0.41273000000000004,0.96229,-0.025087,2,-56.5,6.1037,923.25,2
161,220.5,0.41273000000000004,0.96229,-0.025087,2,-58.0,1.9313,925.75,2
162,224.25,0.42446000000000006,0.95081,-0.013684,2,-57.0,5.6512,924.25,2
163,225.25,0.67069,0.84746,0.10035,2,-58.0,5.1189,925.75,2
164,228.5,0.49481,0.92784,0.031928,2,-57.5,5.2677,925.25,2
165,230.25,0.68242,0.8704200000000001,0.08894400000000001,2,-56.5,0.16107,922.25,2
166,231.25,0.40101,0.98526,-0.025087,2,-55.5,1.0983,920.75,2
167,232.5,0.42446000000000006,0.95081,-0.0022806,2,-56.5,0.158,922.25,2
168,233.0,0.42446000000000006,0.95081,-0.0022806,2,-57.0,5.7938,923.75,2
169,233.5,0.42446000000000006,0.95081,-0.0022806,2,-58.0,5.2109,925.25,2
170,234.0,0.42446000000000006,0.95081,-0.0022806,2,-57.0,5.6481,924.25,2
171,235.5,0.41273000000000004,0.96229,-0.013684,2,-57.0,5.5776,923.75,2
172,236.0,0.41273000000000004,0.96229,-0.013684,2,-57.5,4.9977,925.25,2
173,237.5,0.50654,0.93932,0.020525,2,-57.5,1.7319,925.75,2
174,238.5,0.50654,0.93932,0.020525,2,-57.5,1.3913,925.25,2
175,240.5,-0.091458,0.98526,-0.10490999999999999,2,-50.5,3.8549,922.75,4
176,240.6,-0.091458,0.98526,-0.10490999999999999,2,-49.5,4.5743,921.25,4
177,240.65,-0.091458,0.98526,-0.10490999999999999,2,-47.5,4.6449,921.25,4
178,240.75,-0.0093803,0.97377,-0.11631,2,-46.0,5.1618,921.25,4
179,240.88,0.014071,0.93932,-0.13912,2,-51.0,3.9884,925.25,4
180,241.0,0.17823,1.0197,-0.13912,2,-50.0,5.9779,920.75,4
181,241.5,0.15478,1.0886,-0.20754,2,-49.5,0.092039,920.25,4
182,241.75,0.23685,0.99674,-0.18473,2,-49.5,6.185,921.75,4
183,242.0,0.23685,1.0771,-0.15052000000000001,2,-50.0,0.59058,923.25,4
184,242.25,0.41273000000000004,0.9048700000000001,0.020525,2,-48.0,1.9098,922.25,4
185,242.35,0.28376,0.99674,-0.070699,2,-48.0,1.8561,922.25,4
186,242.75,0.36583000000000004,0.99674,-0.047893,2,-48.5,0.59518,923.75,4
187,242.85,0.36583000000000004,0.99674,-0.047893,2,-48.5,0.57371,923.75,4
188,242.88,0.36583000000000004,0.99674,-0.047893,2,-47.5,0.98175,922.75,4
189,242.93,0.24858000000000002,0.97377,-0.11631,2,-47.5,0.93726,922.75,4
190,243.0,0.24858000000000002,0.97377,-0.11631,2,-47.5,0.94647,922.75,4
191,243.08,0.24858000000000002,0.97377,-0.11631,2,-48.0,0.92806,922.75,4
192,243.13,0.22513000000000002,1.0197,-0.10490999999999999,2,-47.0,1.6966,921.25,4
193,243.18,0.22513000000000002,1.0082,-0.11631,2,-47.5,1.7503,921.25,4
194,243.25,0.22513000000000002,1.0082,-0.11631,2,-47.0,1.781,921.25,4
195,243.33,0.24858000000000002,1.0082,-0.10490999999999999,2,-51.0,0.21475999999999998,925.25,4
196,243.5,0.24858000000000002,1.0082,-0.10490999999999999,2,-47.5,2.4191,920.75,4
197,243.58,0.2134,1.0197,-0.10490999999999999,2,-48.0,2.5449,920.75,4
198,243.63,0.36583000000000004,0.98526,-0.025087,2,-49.0,1.0968,924.25,4
199,243.75,0.2603,0.99674,-0.082102,2,-48.0,6.2157,920.25,4
200,244.0,0.24858000000000002,0.99674,-0.10490999999999999,2,-48.0,6.2034,920.25,4
201,244.1,0.24858000000000002,0.99674,-0.10490999999999999,2,-47.0,2.3040000000000003,921.75,4
202,244.13,0.22513000000000002,1.0082,-0.082102,2,-47.5,2.2979,921.75,4
203,244.25,0.33066,1.0082,-0.070699,2,-48.0,1.6766,923.25,4
204,244.5,0.49481,0.9048700000000001,-0.025087,2,-49.0,1.4143,924.75,4
205,244.58,0.49481,0.9048700000000001,-0.025087,2,-49.0,1.7595,924.75,4
206,244.6,0.2134,1.0197,-0.17332999999999998,2,-48.5,2.2028,924.75,4
207,244.75,0.20168,1.0197,-0.070699,1,-68.0,4.2507,922.25,4
