,time,frontal,vertical,lateral,id,rssi,phase,freq,label
0,0.0,0.025796,1.0427,-0.16192,1,-46.5,4.7109,922.25,4
1,1.25,0.31893,0.84746,-0.025087,2,-51.0,5.5039,920.75,4
2,2.0,-0.06800700000000001,1.0082,0.10035,2,-47.0,6.0408,921.75,4
3,2.025,-0.032831,0.93932,-0.0022806,2,-46.0,4.4041,923.25,4
4,2.075,-0.044557,0.99674,0.0091224,2,-47.0,0.28991999999999996,923.25,4
5,2.1,-0.044557,0.99674,0.0091224,2,-47.0,6.2817,923.25,4
6,3.25,-0.30251999999999996,0.98526,0.12315,2,-57.5,6.0239,925.25,2
7,36.25,0.5534399999999999,0.89339,0.031928,2,-57.5,1.7135,924.75,2
8,36.75,0.5534399999999999,0.89339,0.031928,2,-58.5,1.2134,925.75,2
9,37.25,0.5534399999999999,0.89339,0.031928,2,-56.5,0.30373,921.25,2
10,37.75,0.5534399999999999,0.89339,0.031928,2,-56.5,1.7564,925.25,2
11,39.25,0.33066,0.98526,-0.047893,2,-56.0,1.1858,925.75,2
12,49.25,0.5534399999999999,0.89339,0.020525,2,-57.0,2.1108,923.75,2
13,49.5,0.5534399999999999,0.89339,0.020525,2,-57.5,0.061359000000000004,921.25,2
14,50.25,0.5534399999999999,0.89339,0.020525,2,-58.0,1.8377,924.25,2
15,50.75,0.5534399999999999,0.89339,0.020525,2,-57.5,2.3547,923.25,2
16,51.25,0.5534399999999999,0.89339,0.020525,2,-56.5,5.9825,922.25,2
17,58.25,0.74105,0.8359700000000001,0.08894400000000001,2,-56.0,1.4849,924.75,2
18,66.0,0.7176,0.84746,0.08894400000000001,2,-57.0,0.59365,925.75,2
19,67.25,0.8934799999999999,0.74411,0.054735,2,-57.5,6.1144,924.25,2
20,68.0,0.8934799999999999,0.74411,0.054735,2,-58.5,5.6635,924.75,2
21,70.0,0.8934799999999999,0.74411,0.054735,2,-58.0,4.1617,921.75,2
22,73.5,0.9403799999999999,0.72114,0.0091224,2,-57.0,5.9058,923.75,2
23,74.25,0.9403799999999999,0.72114,0.0091224,2,-58.0,5.1849,925.25,2
24,74.75,0.9403799999999999,0.72114,0.0091224,2,-57.5,1.1336,920.25,2
25,76.25,0.69414,0.82449,-0.047893,2,-57.0,0.16414,922.75,2
26,77.0,0.69414,0.82449,-0.047893,2,-57.5,1.0216,920.75,2
27,77.5,0.69414,0.82449,-0.047893,2,-57.5,5.9457,923.25,2
28,79.525,0.77622,0.79004,-0.013684,2,-57.5,1.3438,920.25,2
29,80.5,0.77622,0.79004,-0.013684,2,-58.0,0.24697,922.25,2
30,81.0,0.77622,0.79004,-0.013684,2,-58.0,6.2203,922.75,2
31,81.75,0.77622,0.79004,-0.013684,2,-57.5,1.0109,920.75,2
32,82.25,0.77622,0.79004,-0.013684,2,-58.0,0.44638999999999995,921.75,2
33,85.0,0.69414,0.82449,-0.059296,2,-58.5,5.2754,924.75,2
34,86.0,0.69414,0.82449,-0.059296,2,-58.0,0.75012,921.25,2
35,88.75,0.74105,0.80152,-0.036489999999999995,2,-59.0,5.0882,925.25,2
36,89.5,0.74105,0.80152,-0.036489999999999995,2,-57.0,0.5415,921.75,2
37,90.75,0.58862,0.8704200000000001,-0.11631,2,-57.5,6.1497,922.75,2
38,91.5,0.58862,0.8704200000000001,-0.11631,2,-57.5,5.461,924.25,2
39,92.0,0.58862,0.8704200000000001,-0.11631,2,-57.5,0.43105,921.75,2
40,92.5,0.58862,0.8704200000000001,-0.11631,2,-57.5,0.33594,922.25,2
41,93.5,0.58862,0.8704200000000001,-0.11631,2,-57.5,0.72864,921.25,2
42,94.25,0.58862,0.8704200000000001,-0.11631,2,-57.5,1.1244,920.25,2
43,95.0,0.58862,0.8704200000000001,-0.11631,2,-57.0,0.11965,922.25,2
44,96.0,0.65897,0.8359700000000001,-0.082102,2,-58.5,5.2477,925.25,2
45,97.0,0.65897,0.8359700000000001,-0.082102,2,-57.5,0.45713000000000004,921.75,2
46,97.5,0.65897,0.8359700000000001,-0.082102,2,-57.0,0.13192,922.25,2
47,98.0,0.65897,0.8359700000000001,-0.082102,2,-57.5,6.1329,922.75,2
48,98.75,0.65897,0.8359700000000001,-0.082102,2,-57.5,0.99095,920.75,2
49,99.25,0.65897,0.8359700000000001,-0.082102,2,-57.0,0.56757,921.75,2
50,101.5,-0.29079,0.79004,0.25999,2,-50.0,0.049087,920.25,2
51,101.75,0.0023451,0.96229,0.0091224,2,-48.5,0.07363099999999999,921.75,4
52,101.83,0.060972000000000005,0.96229,0.0091224,2,-48.5,0.26231,921.75,4
53,102.0,0.10787000000000001,0.9163600000000001,-0.036489999999999995,2,-49.0,2.8379,923.25,4
54,102.1,0.29548,0.95081,0.043332,1,-67.0,0.48933999999999994,924.75,4
55,102.25,0.17823,1.0197,-0.047893,2,-47.0,3.9761,922.25,4
56,102.5,0.17823,1.0197,-0.047893,2,-46.5,4.0267,922.25,4
57,102.6,0.20168,0.97377,-0.036489999999999995,1,-67.5,0.7792600000000001,925.75,4
58,102.75,0.20168,0.97377,-0.036489999999999995,2,-46.0,4.1387,923.75,4
59,103.0,0.1665,1.0197,-0.036489999999999995,2,-45.5,4.7737,922.75,4
60,103.1,0.1196,0.99674,-0.070699,2,-45.5,4.921,922.75,4
61,103.25,0.10787000000000001,1.0656,-0.12771,2,-46.0,5.6926,921.25,4
62,103.35,0.096148,1.0197,-0.11631,2,-46.0,5.8583,921.25,4
63,103.4,0.13132,1.0656,-0.19613,2,-46.5,4.1985,925.25,4
64,103.5,0.13132,0.97377,-0.12771,2,-47.0,5.0253,925.25,4
65,103.6,0.13132,0.97377,-0.12771,2,-47.0,5.2355,925.25,4
66,103.65,0.13132,0.97377,-0.12771,2,-46.5,1.8254,920.75,4
67,103.68,0.15478,1.0656,-0.11631,2,-47.5,2.8609,920.75,4
68,103.75,0.17823,1.0312,-0.12771,2,-46.5,4.3166,920.75,4
69,104.0,0.22513000000000002,1.1001,-0.10490999999999999,1,-65.5,4.6357,924.25,4
70,104.08,0.22513000000000002,1.1001,-0.10490999999999999,2,-50.0,3.9730000000000003,920.25,4
71,107.0,0.2603,0.82449,0.21438000000000001,1,-61.0,0.8835700000000001,923.25,1
72,107.25,0.2603,0.82449,0.21438000000000001,1,-60.0,5.8905,922.25,1
73,108.0,0.2603,0.82449,0.21438000000000001,1,-67.5,0.20402,921.25,1
74,109.0,0.2603,0.82449,0.21438000000000001,1,-66.0,1.3514,920.25,1
75,109.75,0.2603,0.82449,0.21438000000000001,4,-57.0,6.1789,922.25,1
76,111.0,0.56517,0.8819100000000001,0.054735,1,-66.0,0.83449,920.75,1
77,111.75,0.56517,0.8819100000000001,0.054735,4,-57.5,5.1879,923.25,1
78,112.5,0.56517,0.8819100000000001,0.054735,4,-58.0,1.4909999999999999,923.75,1
79,113.0,0.56517,0.8819100000000001,0.054735,1,-66.5,0.43872,921.25,1
80,114.5,0.77622,0.81301,0.11175,4,-57.0,5.892,922.25,1
81,115.25,0.77622,0.81301,0.11175,4,-57.5,5.3183,922.75,1
82,115.75,0.77622,0.81301,0.11175,4,-57.0,1.1474,920.75,1
83,116.25,0.77622,0.81301,0.11175,4,-57.0,1.6736,920.25,1
84,117.0,0.77622,0.81301,0.11175,4,-57.5,6.0132,922.25,1
85,118.75,0.79967,0.80152,0.11175,1,-66.0,0.7148399999999999,920.25,1
86,119.75,0.79967,0.80152,0.11175,1,-64.5,4.5206,923.75,1
87,120.75,0.79967,0.80152,0.11175,4,-57.0,1.1781,920.75,1
88,121.25,0.79967,0.80152,0.11175,1,-65.5,0.75625,920.25,1
89,122.28,0.79967,0.80152,0.11175,4,-58.0,1.379,923.75,1
90,122.75,0.79967,0.80152,0.11175,1,-65.0,0.082835,925.25,1
91,124.5,0.69414,0.8359700000000001,0.077541,4,-60.0,5.6987,925.75,1
92,126.75,0.69414,0.8359700000000001,0.077541,1,-65.0,5.4855,922.25,1
93,127.75,0.69414,0.8359700000000001,0.077541,1,-64.0,3.048,925.25,1
94,128.75,0.69414,0.8359700000000001,0.077541,4,-58.0,6.2617,921.75,1
95,129.5,0.69414,0.8359700000000001,0.077541,4,-58.5,4.4501,923.75,1
96,130.25,0.69414,0.8359700000000001,0.077541,4,-57.0,4.2507,920.75,1
97,130.75,0.69414,0.8359700000000001,0.077541,1,-65.5,0.61819,920.25,1
98,133.0,0.69414,0.84746,0.077541,1,-64.5,0.7915300000000001,924.25,1
99,133.75,0.69414,0.84746,0.077541,1,-64.5,3.5159,924.75,1
100,134.75,0.69414,0.84746,0.077541,1,-64.0,4.9394,922.75,1
101,135.75,0.69414,0.84746,0.077541,1,-64.5,0.46786000000000005,920.25,1
102,137.0,0.69414,0.84746,0.077541,1,-63.5,2.0279,922.75,1
103,138.25,0.69414,0.84746,0.077541,1,-64.5,0.57524,920.25,1
104,140.75,0.72932,0.82449,0.08894400000000001,4,-58.0,6.1160000000000005,921.75,1
105,141.75,0.72932,0.82449,0.08894400000000001,1,-63.5,1.0784,923.75,1
106,143.0,0.72932,0.82449,0.08894400000000001,1,-64.5,0.40957,920.25,1
107,144.5,0.72932,0.82449,0.08894400000000001,4,-58.5,1.9359,922.75,1
108,145.5,0.72932,0.82449,0.08894400000000001,1,-65.5,1.0876,920.25,1
109,146.75,0.72932,0.82449,0.08894400000000001,1,-64.0,5.122000000000001,922.75,1
110,148.0,0.72932,0.82449,0.08894400000000001,4,-58.5,6.0331,921.75,1
111,151.0,0.63552,0.84746,0.066138,1,-59.5,1.6935,924.75,1
112,151.5,0.63552,0.84746,0.066138,1,-58.0,4.3872,923.75,1
113,151.75,0.63552,0.84746,0.066138,1,-56.5,4.5667,921.25,1
114,152.25,0.63552,0.84746,0.066138,3,-57.0,5.0928,920.75,1
115,152.5,0.63552,0.84746,0.066138,1,-57.0,1.4711,920.25,1
116,153.25,0.9990100000000001,-0.036746,0.23718000000000003,4,-60.5,0.54456,923.25,3
117,154.0,0.83485,-0.18603,-0.082102,3,-47.0,0.9019799999999999,923.75,3
118,154.13,0.8934799999999999,-0.15158,-0.15052000000000001,3,-47.0,0.62126,923.75,3
119,154.15,0.8934799999999999,-0.12861,-0.11631,3,-47.0,1.218,922.75,3
120,154.25,0.8934799999999999,-0.12861,-0.11631,3,-47.0,1.1735,922.75,3
121,154.35,0.8934799999999999,-0.12861,-0.11631,3,-47.5,1.0707,922.75,3
122,154.4,0.9169299999999999,-0.20899,-0.15052000000000001,1,-67.5,1.4358,921.25,3
123,154.5,0.9169299999999999,-0.20899,-0.15052000000000001,1,-65.5,0.34360999999999997,925.25,3
124,154.75,0.9169299999999999,-0.20899,-0.15052000000000001,3,-50.0,2.2964,920.75,3
125,155.0,1.2687,-0.31234,-0.013684,1,-68.5,1.06,924.25,3
126,155.75,1.3625,-0.35827,0.0091224,3,-52.0,0.18254,923.25,3
127,163.0,0.9052,-0.15158,-0.19613,3,-49.0,0.20861999999999997,923.25,3
128,163.13,1.3039,-0.31234,-0.025087,3,-49.5,5.4579,924.75,3
129,163.25,1.3039,-0.31234,-0.025087,3,-49.0,5.4763,924.75,3
130,163.35,0.9169299999999999,-0.14009000000000002,-0.18473,3,-48.5,1.0999,922.25,3
131,163.5,0.9169299999999999,-0.15158,-0.17332999999999998,3,-50.0,4.8934,925.75,3
132,163.75,1.3625,-0.32383,-0.0022806,3,-48.5,0.056757,923.75,3
133,164.0,0.9052,-0.16305999999999998,-0.18473,3,-48.0,0.83909,922.75,3
134,164.25,0.9990100000000001,-0.17454,-0.16192,3,-49.0,1.9942,921.25,3
135,164.33,0.9169299999999999,-0.14009000000000002,-0.17332999999999998,3,-49.0,5.3797,925.25,3
136,164.75,1.0107,-0.15158,-0.13912,3,-48.5,6.0761,924.25,3
137,165.0,0.8934799999999999,-0.16305999999999998,-0.18473,3,-48.5,1.6368,921.75,3
138,165.25,1.2218,-0.28938,-0.059296,3,-48.0,0.5353600000000001,923.25,3
139,165.5,1.0576,-0.17454,-0.12771,3,-49.0,5.6711,924.75,3
140,165.6,1.0576,-0.17454,-0.12771,3,-48.5,5.688,924.75,3
141,165.65,1.0576,-0.17454,-0.12771,3,-49.0,5.6681,924.75,3
142,165.68,0.9052,-0.15158,-0.17332999999999998,3,-49.0,5.645,924.75,3
143,165.75,0.9990100000000001,-0.15158,-0.15052000000000001,3,-48.0,1.2318,922.25,3
144,165.83,0.9990100000000001,-0.15158,-0.15052000000000001,3,-47.5,1.2425,922.25,3
145,165.88,0.9990100000000001,-0.15158,-0.15052000000000001,3,-49.5,5.0023,925.75,3
146,166.0,0.9052,-0.14009000000000002,-0.18473,3,-49.0,4.9778,925.75,3
147,166.25,0.9169299999999999,-0.15158,-0.16192,3,-47.5,0.003068,923.75,3
148,166.33,0.9169299999999999,-0.15158,-0.16192,3,-47.5,0.001534,923.75,3
149,166.38,1.0811,-0.19751,-0.11631,3,-47.5,0.7639199999999999,922.75,3
150,166.5,1.0225,-0.16305999999999998,-0.13912,3,-48.0,1.8837,921.25,3
151,166.75,1.1163,-0.22048,-0.09350499999999999,3,-49.0,5.306,925.25,3
152,167.0,0.9052,-0.15158,-0.17332999999999998,3,-48.5,2.3224,920.75,3
153,167.1,1.3273,-0.31234,-0.013684,3,-48.5,6.0531,924.25,3
154,167.15,1.3273,-0.31234,-0.013684,3,-48.0,6.0608,924.25,3
155,167.5,1.0107,-0.15158,-0.15052000000000001,3,-48.0,1.5539,921.75,3
156,167.75,0.8934799999999999,-0.15158,-0.18473,3,-48.5,0.51542,923.25,3
157,168.0,1.2101,-0.27789,-0.047893,3,-49.0,5.7509,924.75,3
158,168.1,1.2101,-0.27789,-0.047893,3,-49.5,5.757000000000001,924.75,3
159,168.13,0.9169299999999999,-0.15158,-0.17332999999999998,3,-48.5,1.3530000000000002,922.25,3
160,168.5,0.9052,-0.15158,-0.17332999999999998,3,-49.0,0.059825,923.75,3
161,168.75,0.9403799999999999,-0.14009000000000002,-0.16192,3,-48.5,0.84216,922.75,3
162,169.5,1.1397,-0.22048,-0.070699,3,-50.0,5.9058,924.25,3
163,169.75,1.2452,-0.27789,-0.036489999999999995,3,-50.0,2.5295,920.25,3
164,170.25,0.9052,-0.12861,-0.17332999999999998,3,-49.5,0.31753000000000003,923.25,3
165,170.35,0.9052,-0.12861,-0.17332999999999998,3,-50.0,5.5591,924.75,3
166,170.5,1.0928,-0.19751,-0.10490999999999999,3,-50.5,5.5515,924.75,3
167,171.0,0.97555,-0.14009000000000002,-0.17332999999999998,3,-49.5,6.2479,923.75,3
168,171.1,0.9052,-0.15158,-0.18473,3,-49.5,6.254,923.75,3
169,171.25,1.0576,-0.18603,-0.11631,3,-49.5,0.73324,922.75,3
170,171.35,1.0576,-0.18603,-0.11631,3,-49.5,1.8346,921.25,3
171,171.53,0.8934799999999999,-0.15158,-0.17332999999999998,3,-50.0,5.2829999999999995,925.25,3
172,171.75,1.1163,-0.19751,-0.09350499999999999,3,-50.5,5.28,925.25,3
173,171.83,1.1163,-0.19751,-0.09350499999999999,3,-50.0,2.2119999999999997,920.75,3
174,171.88,1.1163,-0.19751,-0.09350499999999999,3,-50.0,2.2135,920.75,3
175,173.5,0.9169299999999999,-0.14009000000000002,-0.18473,3,-49.5,6.1681,923.75,3
176,174.25,0.9403799999999999,-0.14009000000000002,-0.16192,3,-49.5,2.0985,920.75,3
177,174.5,1.2452,-0.26641,-0.025087,3,-50.5,2.4283,920.25,3
178,174.75,1.2452,-0.26641,-0.025087,3,-50.5,5.5822,920.25,3
179,175.25,0.97555,-0.12861,-0.15052000000000001,3,-50.0,5.5131,924.75,3
180,175.35,0.96383,-0.12861,-0.15052000000000001,3,-49.0,1.0784,922.25,3
181,175.75,1.0576,-0.17454,-0.09350499999999999,3,-49.5,6.1574,923.75,3
182,176.25,0.9169299999999999,-0.12861,-0.17332999999999998,3,-49.5,1.7441,921.25,3
183,176.75,1.1163,-0.19751,-0.09350499999999999,3,-50.0,5.8,924.25,3
184,177.25,0.9403799999999999,-0.14009000000000002,-0.16192,3,-49.0,1.3668,921.75,3
185,177.75,0.9521,-0.14009000000000002,-0.17332999999999998,3,-50.5,5.4564,924.75,3
186,178.25,0.96383,-0.12861,-0.16192,3,-51.0,4.8827,925.75,3
187,178.5,0.8934799999999999,-0.15158,-0.17332999999999998,3,-49.5,0.63967,922.75,3
188,178.75,1.1749,-0.24344000000000002,-0.059296,3,-50.5,5.1772,925.25,3
189,179.0,1.1983,-0.24344000000000002,-0.047893,3,-50.0,2.1184,920.75,3
190,179.5,0.9169299999999999,-0.12861,-0.17332999999999998,3,-50.0,5.8322,924.25,3
191,179.6,0.9052,-0.12861,-0.17332999999999998,3,-49.0,1.3837,921.75,3
192,180.0,1.0107,-0.12861,-0.13912,3,-50.5,5.4579,924.75,3
193,181.5,1.1163,-0.20899,-0.09350499999999999,3,-50.0,2.0739,920.75,3
194,182.25,0.9169299999999999,-0.12861,-0.17332999999999998,3,-49.5,0.26998,923.25,3
195,182.5,0.9169299999999999,-0.12861,-0.17332999999999998,3,-49.5,0.27458,923.25,3
196,182.65,0.9169299999999999,-0.12861,-0.17332999999999998,3,-50.5,5.4886,924.75,3
197,183.25,0.92865,-0.12861,-0.17332999999999998,3,-50.0,6.1267,923.75,3
198,183.5,1.0694,-0.18603,-0.10490999999999999,3,-49.5,0.61052,922.75,3
199,183.75,1.1045,-0.19751,-0.09350499999999999,3,-50.5,5.1772,925.25,3
200,184.0,0.96383,-0.14009000000000002,-0.16192,3,-50.0,2.0647,920.75,3
201,184.25,0.96383,-0.14009000000000002,-0.16192,3,-50.0,5.8077,924.25,3
202,184.33,1.1866,-0.25493000000000005,-0.070699,3,-50.5,5.5591,920.25,3
203,184.75,0.9403799999999999,-0.14009000000000002,-0.17332999999999998,3,-50.0,0.2485,923.25,3
204,185.0,1.0107,-0.14009000000000002,-0.15052000000000001,3,-50.5,5.4993,924.75,3
205,185.25,0.8934799999999999,-0.12861,-0.17332999999999998,3,-49.5,1.0661,922.25,3
206,185.5,1.2218,-0.27789,-0.047893,3,-50.0,6.1881,923.75,3
207,185.75,1.1983,-0.24344000000000002,-0.059296,3,-50.0,0.67035,922.75,3
208,186.5,0.97555,-0.12861,-0.16192,3,-50.5,5.7846,924.25,3
209,186.75,0.9052,-0.12861,-0.17332999999999998,3,-50.5,5.7969,924.25,3
210,187.25,1.0107,-0.14009000000000002,-0.15052000000000001,3,-50.5,5.4932,924.75,3
211,187.75,0.92865,-0.14009000000000002,-0.17332999999999998,3,-51.0,4.9072,925.75,3
212,188.0,1.0342,-0.15158,-0.13912,3,-50.5,6.1313,923.75,3
213,188.25,0.9990100000000001,-0.12861,-0.16192,3,-50.0,0.61666,922.75,3
214,188.35,0.9990100000000001,-0.12861,-0.16192,3,-50.0,0.6151300000000001,922.75,3
215,188.5,0.9169299999999999,-0.12861,-0.18473,3,-49.5,1.7135,921.25,3
216,188.75,0.9169299999999999,-0.12861,-0.17332999999999998,3,-50.5,5.2139999999999995,925.25,3
217,189.0,0.92865,-0.12861,-0.17332999999999998,3,-50.0,2.1062,920.75,3
218,189.75,1.128,-0.18603,-0.09350499999999999,3,-50.0,0.26538,923.25,3
219,190.5,0.96383,-0.12861,-0.15052000000000001,3,-50.0,6.0577,923.75,3
220,190.6,0.96383,-0.12861,-0.15052000000000001,3,-49.5,0.5476300000000001,922.75,3
221,190.75,0.9521,-0.15158,-0.17332999999999998,3,-50.0,1.6644,921.25,3
222,191.5,0.92865,-0.15158,-0.18473,3,-50.5,5.7264,924.25,3
223,191.6,0.92865,-0.15158,-0.18473,3,-50.5,5.7187,924.25,3
224,191.75,1.1749,-0.24344000000000002,-0.070699,3,-50.0,1.2916,921.75,3
225,193.0,0.92865,-0.12861,-0.17332999999999998,3,-50.0,6.0408,923.75,3
226,193.1,0.9052,-0.14009000000000002,-0.19613,3,-50.0,0.46326000000000006,922.75,3
227,193.75,1.1866,-0.24344000000000002,-0.070699,3,-50.0,1.9436,920.75,3
228,194.0,0.9052,-0.15158,-0.19613,3,-50.5,5.645,924.25,3
229,194.75,0.9521,-0.14009000000000002,-0.17332999999999998,3,-50.5,5.3674,924.75,3
230,195.5,1.2804,-0.28938,-0.025087,3,-50.0,0.5476300000000001,922.75,3
231,195.75,0.9052,-0.12861,-0.19613,3,-50.0,1.6552,921.25,3
232,195.85,0.9052,-0.12861,-0.19613,3,-50.0,1.6552,921.25,3
233,197.0,0.83485,0.43406000000000006,-0.025087,3,-52.0,0.25617,924.75,3
234,198.0,0.7645,0.81301,0.23718000000000003,4,-58.0,4.8504,922.75,1
235,198.5,0.7645,0.81301,0.23718000000000003,1,-57.5,5.9825,920.75,1
236,198.75,0.7645,0.81301,0.23718000000000003,1,-57.5,0.17027,924.25,1
237,199.25,0.7645,0.81301,0.23718000000000003,1,-57.0,5.5009,921.75,1
238,199.5,0.7645,0.81301,0.23718000000000003,1,-59.0,6.2709,924.75,1
239,200.25,0.7645,0.81301,0.23718000000000003,1,-58.5,0.8851100000000001,923.75,1
240,201.0,0.7645,0.81301,0.23718000000000003,1,-59.5,0.18561,920.75,1
241,201.75,0.7645,0.81301,0.23718000000000003,1,-59.0,1.3023,923.25,1
242,203.5,0.57689,0.8704200000000001,0.12315,1,-59.5,0.56297,924.25,1
243,204.5,0.57689,0.8704200000000001,0.12315,3,-68.5,5.6144,924.75,1
244,205.5,0.57689,0.8704200000000001,0.12315,1,-59.5,5.8368,921.25,1
245,206.5,0.57689,0.8704200000000001,0.12315,1,-59.0,5.4778,921.75,1
246,207.75,0.57689,0.8704200000000001,0.12315,3,-68.5,0.49701000000000006,922.75,1
247,209.0,0.57689,0.8704200000000001,0.12315,3,-68.5,0.86977,921.75,1
248,210.25,0.57689,0.8704200000000001,0.12315,1,-59.5,4.6679,922.75,1
249,212.0,0.62379,0.8589399999999999,0.10035,1,-58.5,1.7595,922.25,1
250,212.75,0.62379,0.8589399999999999,0.10035,1,-59.0,2.5019,921.25,1
251,214.0,0.62379,0.8589399999999999,0.10035,1,-59.0,2.2074,921.75,1
252,214.75,0.62379,0.8589399999999999,0.10035,3,-68.0,5.9626,923.75,1
253,216.0,0.62379,0.8589399999999999,0.10035,1,-59.5,0.11505,924.25,1
254,216.75,0.62379,0.8589399999999999,0.10035,3,-68.5,0.70563,922.25,1
255,218.0,0.62379,0.8589399999999999,0.10035,1,-59.5,5.9979,920.75,1
256,220.0,0.58862,0.8704200000000001,0.11175,1,-58.0,5.5346,921.25,1
257,220.75,0.58862,0.8704200000000001,0.11175,1,-58.5,0.092039,924.25,1
258,221.25,0.58862,0.8704200000000001,0.11175,1,-58.0,0.8268200000000001,923.25,1
259,222.25,0.58862,0.8704200000000001,0.11175,1,-58.5,0.41878000000000004,923.75,1
260,222.75,0.58862,0.8704200000000001,0.11175,3,-68.5,4.9271,925.25,1
261,223.5,0.58862,0.8704200000000001,0.11175,1,-57.0,5.0146,921.75,1
262,225.25,0.42446000000000006,0.81301,0.21438000000000001,1,-57.5,1.1106,925.25,4
263,238.0,1.3039,-0.082679,-0.025087,3,-49.0,1.2425,921.75,3
264,239.0,0.9169299999999999,-0.11713,-0.11631,3,-50.0,6.0838,925.75,3
265,239.1,1.1983,-0.23196,-0.0022806,3,-49.0,5.8153,925.75,3
266,239.25,0.9169299999999999,-0.15158,-0.11631,3,-47.5,0.91579,923.75,3
267,239.33,0.9169299999999999,-0.15158,-0.11631,3,-47.0,0.93266,923.75,3
268,239.38,0.9169299999999999,-0.15158,-0.11631,3,-47.0,0.8927799999999999,923.75,3
269,239.43,0.9169299999999999,-0.15158,-0.13912,1,-67.5,0.10278,922.75,3
270,239.75,1.1163,-0.20899,-0.036489999999999995,1,-67.0,1.4389,921.25,3
271,239.85,1.1163,-0.20899,-0.036489999999999995,3,-48.0,5.9012,925.25,3
272,239.88,1.1163,-0.20899,-0.036489999999999995,3,-47.5,5.9104,925.25,3
273,240.0,0.8934799999999999,-0.15158,-0.15052000000000001,3,-48.0,2.9069,920.75,3
274,240.25,1.128,-0.23196,-0.070699,1,-64.0,4.9793,924.25,3
275,240.35,1.128,-0.23196,-0.070699,1,-67.5,2.3224,920.25,3
276,240.5,1.128,-0.23196,-0.070699,1,-67.5,2.2964,920.25,3
277,240.75,1.0694,-0.18603,-0.09350499999999999,3,-46.5,1.037,923.25,3
278,240.83,0.88175,-0.15158,-0.17332999999999998,3,-46.0,1.0416,923.25,3
279,241.0,0.9052,-0.12861,-0.15052000000000001,3,-47.0,6.1497,924.75,3
280,241.1,0.9169299999999999,-0.15158,-0.15052000000000001,3,-47.0,6.1221,924.75,3
281,241.15,0.9169299999999999,-0.15158,-0.15052000000000001,3,-46.0,1.7779,922.25,3
282,241.25,0.9169299999999999,-0.15158,-0.15052000000000001,3,-46.0,1.7319,922.25,3
283,241.33,0.9169299999999999,-0.12861,-0.13912,3,-48.0,5.4196,925.75,3
284,241.5,1.1983,-0.26641,-0.036489999999999995,1,-64.5,0.49394,925.75,3
285,241.75,1.1983,-0.26641,-0.036489999999999995,1,-62.0,5.5085,923.75,3
286,241.85,1.1983,-0.26641,-0.036489999999999995,3,-46.0,1.3192,922.75,3
287,241.9,0.9169299999999999,-0.12861,-0.17332999999999998,3,-46.0,1.3238,922.75,3
288,242.0,0.8934799999999999,-0.16305999999999998,-0.17332999999999998,1,-62.5,0.20095,922.75,3
289,242.1,0.8934799999999999,-0.16305999999999998,-0.17332999999999998,3,-47.0,2.3899,921.25,3
290,242.15,0.8934799999999999,-0.16305999999999998,-0.17332999999999998,3,-46.5,2.4022,921.25,3
291,242.25,1.1866,-0.24344000000000002,-0.047893,3,-47.5,5.6957,925.25,3
292,242.33,1.1866,-0.24344000000000002,-0.047893,3,-47.0,5.7064,925.25,3
293,242.38,1.1866,-0.24344000000000002,-0.047893,1,-63.0,0.89584,925.25,3
294,242.5,1.0928,-0.17454,-0.10490999999999999,3,-47.5,2.6707,920.75,3
295,242.6,0.8934799999999999,-0.15158,-0.17332999999999998,3,-46.5,0.07209700000000001,924.25,3
296,242.75,0.9052,-0.15158,-0.18473,1,-62.0,4.9317,924.25,3
297,243.0,0.9052,-0.15158,-0.18473,3,-48.0,2.9897,920.25,3
298,243.08,0.9052,-0.15158,-0.18473,3,-48.0,6.1405,920.25,3
299,243.13,0.8934799999999999,-0.14009000000000002,-0.17332999999999998,3,-46.0,1.9297,921.75,3
300,243.18,0.9169299999999999,-0.15158,-0.16192,3,-46.5,1.9205,921.75,3
301,243.25,0.9052,-0.15158,-0.17332999999999998,1,-62.0,5.8644,923.25,3
302,243.35,0.9052,-0.15158,-0.17332999999999998,3,-46.0,0.78847,923.25,3
303,243.5,0.8934799999999999,-0.14009000000000002,-0.16192,1,-62.5,1.3131,924.75,3
304,243.6,0.8934799999999999,-0.14009000000000002,-0.16192,3,-47.0,5.9304,924.75,3
305,243.65,0.9052,-0.14009000000000002,-0.16192,3,-46.0,1.5463,922.25,3
306,243.75,0.9052,-0.15158,-0.17332999999999998,3,-46.0,1.537,922.25,3
307,243.83,0.9052,-0.15158,-0.17332999999999998,3,-47.5,5.2738,925.75,3
308,244.0,0.9521,-0.16305999999999998,-0.17332999999999998,3,-47.5,5.2631,925.75,3
309,244.1,0.9521,-0.16305999999999998,-0.17332999999999998,3,-47.5,5.2738,925.75,3
310,244.15,1.1514,-0.24344000000000002,-0.059296,3,-46.0,0.36355,923.75,3
311,244.25,0.9169299999999999,-0.15158,-0.17332999999999998,3,-46.0,1.1536,922.75,3
312,244.33,0.9169299999999999,-0.15158,-0.17332999999999998,3,-46.0,1.1336,922.75,3
313,244.35,0.9169299999999999,-0.15158,-0.15052000000000001,1,-62.5,0.082835,922.75,3
314,244.5,0.9169299999999999,-0.15158,-0.15052000000000001,1,-63.5,1.5002,921.25,3
315,244.75,0.9169299999999999,-0.15158,-0.15052000000000001,1,-63.5,0.85903,925.25,3
316,244.85,0.9169299999999999,-0.15158,-0.15052000000000001,3,-47.0,2.5955,920.75,3
317,244.9,0.8934799999999999,-0.12861,-0.17332999999999998,1,-64.5,5.0637,920.75,3
318,245.0,0.8934799999999999,-0.12861,-0.17332999999999998,3,-46.5,6.251,924.25,3
319,245.08,0.8934799999999999,-0.12861,-0.17332999999999998,1,-62.0,1.7748,924.25,3
320,245.25,0.8934799999999999,-0.12861,-0.17332999999999998,3,-48.0,6.0592,920.25,3
321,245.35,0.8934799999999999,-0.12861,-0.17332999999999998,3,-47.5,2.9222,920.25,3
322,245.38,0.9403799999999999,-0.12861,-0.16192,3,-48.0,2.9130000000000003,920.25,3
323,245.43,0.9403799999999999,-0.12861,-0.16192,3,-46.0,1.8561,921.75,3
324,245.5,1.1163,-0.20899,-0.09350499999999999,3,-46.0,1.804,921.75,3
325,245.6,0.8934799999999999,-0.14009000000000002,-0.17332999999999998,3,-46.0,0.69796,923.25,3
326,245.75,0.92865,-0.16305999999999998,-0.18473,3,-46.0,0.6764899999999999,923.25,3
327,245.85,0.9169299999999999,-0.15158,-0.17332999999999998,3,-47.0,5.8061,924.75,3
328,245.88,0.9169299999999999,-0.15158,-0.17332999999999998,3,-47.0,5.8184,924.75,3
329,246.0,0.9990100000000001,-0.14009000000000002,-0.13912,3,-47.0,5.8092,924.75,3
330,246.1,0.9990100000000001,-0.14009000000000002,-0.13912,3,-46.0,1.4251,922.25,3
331,246.13,0.9052,-0.14009000000000002,-0.17332999999999998,3,-46.0,1.4143,922.25,3
332,246.25,0.9052,-0.14009000000000002,-0.17332999999999998,1,-65.0,0.26384,925.75,3
333,246.33,0.9052,-0.14009000000000002,-0.17332999999999998,3,-48.0,5.1649,925.75,3
334,246.5,0.9052,-0.14009000000000002,-0.17332999999999998,1,-62.0,5.2616,923.75,3
335,246.58,0.9052,-0.14009000000000002,-0.17332999999999998,3,-46.5,0.25464000000000003,923.75,3
336,246.63,0.8934799999999999,-0.15158,-0.18473,1,-62.5,6.2004,922.75,3
337,246.75,0.8934799999999999,-0.15158,-0.18473,3,-46.0,1.0232,922.75,3
338,246.85,0.9052,-0.12861,-0.17332999999999998,3,-46.5,2.1292,921.25,3
339,247.0,0.9169299999999999,-0.15158,-0.17332999999999998,3,-46.5,2.1307,921.25,3
340,247.1,0.92865,-0.15158,-0.16192,1,-64.0,0.7025600000000001,925.25,3
341,247.25,0.92865,-0.15158,-0.16192,1,-64.0,4.941,920.75,3
342,247.35,0.92865,-0.15158,-0.16192,1,-64.0,4.9624,920.75,3
343,247.5,0.92865,-0.15158,-0.16192,3,-46.5,6.1651,924.25,3
344,247.58,0.9169299999999999,-0.14009000000000002,-0.17332999999999998,3,-46.5,6.1881,924.25,3
345,247.63,0.9169299999999999,-0.14009000000000002,-0.17332999999999998,3,-46.5,6.2019,924.25,3
346,247.75,0.9052,-0.15158,-0.17332999999999998,3,-48.0,2.8931,920.25,3
347,247.83,0.9052,-0.15158,-0.17332999999999998,3,-48.0,2.8992,920.25,3
348,247.88,0.9052,-0.15158,-0.17332999999999998,3,-48.0,2.8885,920.25,3
349,247.93,0.9169299999999999,-0.14009000000000002,-0.16192,1,-63.5,1.0247,921.75,3
350,248.0,0.9169299999999999,-0.14009000000000002,-0.16192,3,-46.0,1.8254,921.75,3
351,248.08,0.8934799999999999,-0.12861,-0.16192,3,-46.0,0.68416,923.25,3
352,248.25,0.8934799999999999,-0.12861,-0.15052000000000001,3,-46.0,0.69796,923.25,3
353,248.33,0.8934799999999999,-0.15158,-0.17332999999999998,1,-63.0,4.4194,924.75,3
354,248.5,0.8934799999999999,-0.15158,-0.17332999999999998,1,-63.0,4.3918,924.75,3
355,248.6,0.8934799999999999,-0.15158,-0.17332999999999998,3,-46.0,1.3898,922.25,3
356,248.65,0.9052,-0.12861,-0.17332999999999998,1,-63.0,0.48473999999999995,922.25,3
357,248.75,0.9052,-0.12861,-0.17332999999999998,3,-47.5,5.1327,925.75,3
358,248.83,0.9052,-0.12861,-0.17332999999999998,3,-47.5,5.1419,925.75,3
359,249.0,0.9872799999999999,-0.14009000000000002,-0.15052000000000001,1,-62.0,5.2815,923.75,3
360,249.1,0.9872799999999999,-0.14009000000000002,-0.15052000000000001,3,-46.0,1.0063,922.75,3
361,249.13,0.8934799999999999,-0.15158,-0.18473,3,-46.0,1.0170000000000001,922.75,3
362,249.25,0.9052,-0.17454,-0.19613,1,-62.5,6.2402,922.75,3
363,249.35,0.9052,-0.17454,-0.19613,1,-63.5,1.3637,921.25,3
364,249.5,0.9052,-0.17454,-0.19613,1,-63.5,0.7179,925.25,3
365,249.75,0.9052,-0.17454,-0.19613,3,-47.0,2.4513,920.75,3
366,249.83,0.8934799999999999,-0.15158,-0.19613,1,-64.0,1.7518,920.75,3
367,249.88,0.8934799999999999,-0.15158,-0.19613,3,-46.5,6.1144,924.25,3
368,250.0,0.9052,-0.14009000000000002,-0.18473,3,-46.5,6.1098,924.25,3
369,250.1,0.9052,-0.15158,-0.17332999999999998,3,-46.5,6.1129,924.25,3
370,250.25,0.9169299999999999,-0.16305999999999998,-0.19613,3,-48.0,2.7826,920.25,3
371,250.35,1.2101,-0.27789,-0.047893,3,-46.0,1.7242,921.75,3
372,250.5,0.8934799999999999,-0.16305999999999998,-0.19613,3,-46.0,1.7089,921.75,3
373,250.6,0.9169299999999999,-0.15158,-0.17332999999999998,3,-46.0,0.54456,923.25,3
374,250.63,0.9169299999999999,-0.15158,-0.17332999999999998,3,-46.5,0.48933999999999994,923.25,3
375,250.75,0.9052,-0.16305999999999998,-0.17332999999999998,3,-47.0,5.5269,924.75,3
376,250.85,0.96383,-0.16305999999999998,-0.17332999999999998,1,-60.5,0.948,924.75,3
377,251.0,0.96383,-0.16305999999999998,-0.17332999999999998,3,-46.5,1.1152,922.25,3
378,251.1,0.9052,-0.12861,-0.17332999999999998,3,-46.5,1.1198,922.25,3
379,251.13,0.9052,-0.12861,-0.17332999999999998,3,-48.0,4.8658,925.75,3
380,251.25,0.8934799999999999,-0.15158,-0.17332999999999998,1,-61.5,6.2694,925.75,3
381,251.33,0.8934799999999999,-0.15158,-0.17332999999999998,3,-47.0,0.013806,923.75,3
382,251.5,0.9052,-0.12861,-0.17332999999999998,3,-47.0,0.013806,923.75,3
383,251.6,0.9052,-0.12861,-0.17332999999999998,3,-46.5,0.80994,922.75,3
384,251.65,0.9403799999999999,-0.14009000000000002,-0.16192,1,-60.5,6.0178,922.75,3
385,251.75,0.9403799999999999,-0.14009000000000002,-0.16192,3,-47.0,1.8515,921.25,3
386,251.83,0.9052,-0.12861,-0.17332999999999998,3,-47.0,1.8408,921.25,3
387,251.88,0.9052,-0.12861,-0.17332999999999998,3,-47.0,1.8484,921.25,3
388,252.0,1.2921,-0.30086,-0.025087,1,-61.5,0.46633,925.25,3
389,252.25,1.2921,-0.30086,-0.025087,3,-47.5,2.1783,920.75,3
390,252.35,0.9169299999999999,-0.12861,-0.17332999999999998,3,-48.0,2.1721,920.75,3
391,252.4,0.9169299999999999,-0.15158,-0.19613,1,-60.0,1.4097,924.25,3
392,252.5,0.9169299999999999,-0.15158,-0.19613,3,-48.5,2.4881,920.25,3
393,252.75,0.9872799999999999,-0.12861,-0.17332999999999998,3,-48.5,2.4912,920.25,3
394,252.83,0.9169299999999999,-0.15158,-0.18473,1,-61.5,0.65501,921.75,3
395,252.88,0.9169299999999999,-0.15158,-0.18473,3,-46.5,0.33594,923.25,3
396,253.0,0.9052,-0.14009000000000002,-0.18473,3,-46.5,0.34054,923.25,3
397,253.1,0.9169299999999999,-0.15158,-0.19613,1,-60.5,5.4855,923.25,3
398,253.25,0.9169299999999999,-0.15158,-0.19613,3,-47.5,5.4932,924.75,3
399,253.33,0.9169299999999999,-0.15158,-0.19613,3,-47.0,5.5039,924.75,3
400,253.38,1.0342,-0.17454,-0.12771,3,-46.5,1.1167,922.25,3
401,253.5,0.8934799999999999,-0.15158,-0.20754,3,-46.5,1.1059999999999999,922.25,3
402,253.6,0.9052,-0.15158,-0.19613,3,-48.0,4.8765,925.75,3
403,253.63,0.9052,-0.15158,-0.19613,3,-48.0,4.8796,925.75,3
404,253.75,0.9052,-0.15158,-0.19613,3,-48.0,4.8765,925.75,3
405,253.85,0.9052,-0.15158,-0.18473,3,-46.5,6.2464,923.75,3
406,253.9,0.9169299999999999,-0.15158,-0.17332999999999998,3,-46.5,6.2494,923.75,3
407,254.0,0.9052,-0.15158,-0.18473,1,-61.0,5.9917,922.75,3
408,254.1,0.9052,-0.15158,-0.18473,3,-46.5,0.76852,922.75,3
409,254.13,0.8934799999999999,-0.14009000000000002,-0.18473,1,-62.0,1.1183,921.25,3
410,254.25,0.8934799999999999,-0.14009000000000002,-0.18473,3,-47.0,1.8592,921.25,3
411,254.5,0.9169299999999999,-0.12861,-0.17332999999999998,1,-61.5,0.4648,925.25,3
412,254.6,0.9169299999999999,-0.12861,-0.17332999999999998,3,-47.5,2.1951,920.75,3
413,254.75,0.9052,-0.14009000000000002,-0.17332999999999998,1,-62.5,4.7109,920.75,3
414,254.85,0.9052,-0.14009000000000002,-0.17332999999999998,1,-60.5,1.4711,924.25,3
415,254.88,0.9052,-0.14009000000000002,-0.17332999999999998,3,-47.0,5.8629,924.25,3
416,255.0,0.88175,-0.12861,-0.17332999999999998,3,-48.0,2.5127,920.25,3
417,255.25,1.1749,-0.24344000000000002,-0.082102,1,-62.0,0.632,921.75,3
418,255.35,1.1749,-0.24344000000000002,-0.082102,3,-46.5,1.4527,921.75,3
419,255.4,0.8934799999999999,-0.14009000000000002,-0.19613,3,-46.5,0.30373,923.25,3
420,255.5,0.9052,-0.15158,-0.19613,3,-46.5,0.29913,923.25,3
421,255.6,0.9052,-0.15158,-0.18473,1,-61.0,0.9203899999999999,924.75,3
422,255.75,0.9052,-0.15158,-0.18473,3,-47.0,5.4625,924.75,3
423,255.83,0.9052,-0.15158,-0.18473,3,-47.0,5.461,924.75,3
424,255.88,0.97555,-0.12861,-0.17332999999999998,1,-61.5,0.12732000000000002,922.25,3
425,256.0,0.97555,-0.12861,-0.17332999999999998,3,-48.0,4.8152,925.75,3
426,256.1,0.97555,-0.14009000000000002,-0.17332999999999998,3,-48.0,4.8305,925.75,3
427,256.25,0.8934799999999999,-0.12861,-0.18473,1,-60.5,1.8530000000000002,923.75,3
428,256.35,0.8934799999999999,-0.12861,-0.18473,3,-46.5,0.6995,922.75,3
429,256.5,0.8934799999999999,-0.15158,-0.19613,3,-46.5,0.68109,922.75,3
430,256.57,0.8934799999999999,-0.15158,-0.19613,3,-46.5,0.69489,922.75,3
431,256.63,0.9169299999999999,-0.14009000000000002,-0.17332999999999998,1,-62.5,1.0523,921.25,3
432,256.75,0.9169299999999999,-0.14009000000000002,-0.17332999999999998,1,-62.0,0.40957,925.25,3
433,256.85,0.9169299999999999,-0.14009000000000002,-0.17332999999999998,3,-47.5,5.1235,925.25,3
434,257.0,0.8934799999999999,-0.12861,-0.19613,3,-47.5,2.1292,920.75,3
435,257.1,0.8934799999999999,-0.12861,-0.19613,3,-47.5,2.1368,920.75,3
436,257.15,0.8934799999999999,-0.12861,-0.19613,3,-47.5,2.1476,920.75,3
437,257.25,0.8934799999999999,-0.15158,-0.18473,1,-60.5,1.3944,924.25,3
438,257.35,0.8934799999999999,-0.15158,-0.18473,3,-47.0,5.8153,924.25,3
439,257.38,0.9052,-0.15158,-0.19613,3,-48.0,2.4943,920.25,3
440,257.43,0.9052,-0.15158,-0.19613,3,-48.0,2.5019,920.25,3
441,257.5,0.9052,-0.15158,-0.19613,3,-48.5,2.4819999999999998,920.25,3
442,257.6,0.9169299999999999,-0.15158,-0.18473,1,-63.5,5.0529,920.25,3
443,257.75,0.9169299999999999,-0.15158,-0.18473,3,-46.5,1.4803,921.75,3
444,257.82,0.9169299999999999,-0.15158,-0.18473,3,-46.5,1.4849,921.75,3
445,257.88,1.0928,-0.19751,-0.10490999999999999,3,-46.5,0.31753000000000003,923.25,3
446,258.0,0.8934799999999999,-0.12861,-0.18473,1,-60.5,5.4886,923.25,3
447,258.07,0.8934799999999999,-0.12861,-0.18473,3,-47.0,5.4656,924.75,3
448,258.13,0.8934799999999999,-0.12861,-0.18473,3,-47.0,5.4809,924.75,3
449,258.25,0.97555,-0.12861,-0.16192,1,-61.5,0.16567,922.25,3
450,258.35,0.97555,-0.12861,-0.16192,3,-46.5,1.1091,922.25,3
451,258.5,0.9052,-0.14009000000000002,-0.19613,1,-62.0,6.2142,925.75,3
452,258.6,0.9052,-0.14009000000000002,-0.19613,3,-46.5,6.1973,923.75,3
453,258.63,0.9052,-0.14009000000000002,-0.18473,3,-46.5,6.1804,923.75,3
454,258.75,0.9169299999999999,-0.15158,-0.19613,3,-46.5,0.6995,922.75,3
455,258.82,0.9169299999999999,-0.14009000000000002,-0.18473,3,-46.5,0.67955,922.75,3
456,259.0,0.9169299999999999,-0.14009000000000002,-0.18473,3,-46.5,0.6918300000000001,922.75,3
457,259.1,0.8934799999999999,-0.15158,-0.19613,1,-62.5,1.0707,921.25,3
458,259.25,0.8934799999999999,-0.15158,-0.19613,1,-62.0,0.43718,925.25,3
459,259.32,0.8934799999999999,-0.15158,-0.19613,3,-47.5,5.1511,925.25,3
460,259.5,0.92865,-0.14009000000000002,-0.18473,3,-47.5,2.1568,920.75,3
461,259.57,1.0811,-0.19751,-0.12771,3,-47.5,2.1721,920.75,3
462,259.63,1.0811,-0.19751,-0.12771,3,-47.0,5.8399,924.25,3
463,259.75,0.9521,-0.14009000000000002,-0.17332999999999998,1,-60.5,1.4067,924.25,3
464,259.85,0.9521,-0.14009000000000002,-0.17332999999999998,3,-48.5,2.4989,920.25,3
465,260.0,0.92865,-0.14009000000000002,-0.18473,3,-46.5,1.4757,921.75,3
466,260.1,0.88175,-0.16305999999999998,-0.20754,3,-46.5,1.4603,921.75,3
467,260.13,0.88175,-0.16305999999999998,-0.20754,3,-46.5,1.4742,921.75,3
468,260.25,1.0459,-0.16305999999999998,-0.15052000000000001,1,-60.5,5.4579,923.25,3
469,260.5,1.0459,-0.16305999999999998,-0.15052000000000001,3,-47.0,5.4625,924.75,3
470,260.57,0.9052,-0.14009000000000002,-0.19613,3,-47.0,5.4456,924.75,3
471,260.63,0.9052,-0.14009000000000002,-0.19613,3,-47.0,5.4548,924.75,3
472,260.75,1.0225,-0.15158,-0.16192,3,-46.5,1.0815,922.25,3
473,260.85,0.8934799999999999,-0.15158,-0.19613,3,-48.0,4.8366,925.75,3
474,261.0,1.2101,-0.26641,-0.070699,1,-62.5,6.231,925.75,3
475,261.07,1.2101,-0.26641,-0.070699,3,-46.5,6.2356,923.75,3
476,261.25,0.8934799999999999,-0.14009000000000002,-0.19613,3,-46.5,0.76085,922.75,3
477,261.35,0.9169299999999999,-0.16305999999999998,-0.19613,3,-46.5,0.73324,922.75,3
478,261.4,0.9052,-0.15158,-0.18473,3,-46.5,0.7378399999999999,922.75,3
479,261.5,0.9052,-0.15158,-0.18473,3,-47.0,1.8561,921.25,3
480,261.57,0.96383,-0.14009000000000002,-0.17332999999999998,3,-47.0,1.8362,921.25,3
481,261.75,0.9052,-0.15158,-0.18473,1,-61.5,0.43718,925.25,3
482,261.82,0.9052,-0.15158,-0.18473,3,-47.5,2.1752,920.75,3
483,261.88,0.9052,-0.15158,-0.18473,3,-47.5,2.1859,920.75,3
484,262.0,0.9169299999999999,-0.14009000000000002,-0.18473,1,-63.0,4.6986,920.75,3
485,262.25,0.9052,-0.12861,-0.19613,3,-47.0,5.8322,924.25,3
486,262.35,0.8934799999999999,-0.16305999999999998,-0.19613,1,-63.5,5.0836,920.25,3
487,262.5,0.8934799999999999,-0.16305999999999998,-0.19613,1,-62.0,0.6642100000000001,921.75,3
488,262.57,0.8934799999999999,-0.16305999999999998,-0.19613,3,-46.5,1.4757,921.75,3
489,262.63,0.8934799999999999,-0.16305999999999998,-0.19613,3,-46.5,1.4803,921.75,3
490,262.75,0.88175,-0.12861,-0.19613,1,-61.0,5.5162,923.25,3
491,262.82,0.88175,-0.12861,-0.19613,1,-61.5,0.9388,924.75,3
492,263.0,0.88175,-0.12861,-0.19613,3,-47.0,5.4809,924.75,3
493,263.07,0.88175,-0.12861,-0.19613,3,-47.0,5.4886,924.75,3
494,263.13,0.9052,-0.12861,-0.19613,1,-62.0,0.17181,922.25,3
495,263.25,0.9052,-0.12861,-0.19613,3,-46.5,1.1045,922.25,3
496,263.35,0.9169299999999999,-0.12861,-0.17332999999999998,3,-48.0,4.832,925.75,3
497,263.5,1.2335,-0.27789,-0.059296,3,-46.5,6.2004,923.75,3
498,263.6,0.88175,-0.15158,-0.19613,3,-46.5,6.1957,923.75,3
499,263.65,0.9052,-0.15158,-0.20754,3,-46.5,0.72097,922.75,3
500,263.75,0.9169299999999999,-0.15158,-0.19613,3,-46.5,0.72097,922.75,3
501,263.85,0.9052,-0.15158,-0.20754,1,-62.5,1.1075,921.25,3
502,264.0,0.9052,-0.15158,-0.20754,1,-62.5,1.0922,921.25,3
503,264.07,0.9052,-0.15158,-0.20754,3,-47.5,5.1266,925.25,3
504,264.25,0.9052,-0.12861,-0.20754,1,-61.5,0.41417,925.25,3
505,264.35,0.9052,-0.12861,-0.20754,1,-63.0,1.4926,920.75,3
506,264.5,0.9052,-0.12861,-0.20754,1,-60.5,1.399,924.25,3
507,264.57,0.9052,-0.12861,-0.20754,3,-46.5,5.8475,924.25,3
508,264.75,0.9169299999999999,-0.14009000000000002,-0.19613,1,-63.5,1.9006,920.25,3
509,264.82,0.9169299999999999,-0.14009000000000002,-0.19613,3,-46.5,1.4926,921.75,3
510,265.0,0.9169299999999999,-0.14009000000000002,-0.19613,3,-46.5,1.5033,921.75,3
511,265.13,0.9169299999999999,-0.12861,-0.18473,1,-61.5,0.6381399999999999,921.75,3
512,265.25,0.9169299999999999,-0.12861,-0.18473,3,-46.5,0.3252,923.25,3
513,265.35,0.9169299999999999,-0.16305999999999998,-0.19613,3,-47.0,5.484,924.75,3
514,265.38,0.92865,-0.15158,-0.18473,3,-47.0,5.484,924.75,3
515,265.5,0.92865,-0.12861,-0.17332999999999998,1,-61.5,0.15033,922.25,3
516,265.57,0.92865,-0.12861,-0.17332999999999998,3,-46.5,1.1075,922.25,3
517,265.75,0.92865,-0.12861,-0.18473,1,-62.0,6.2126,925.75,3
518,265.85,0.92865,-0.12861,-0.18473,1,-60.5,5.0008,923.75,3
519,266.0,0.92865,-0.12861,-0.18473,1,-60.0,1.8454,923.75,3
520,266.25,0.92865,-0.12861,-0.18473,3,-46.5,0.70717,922.75,3
521,266.35,0.88175,-0.12861,-0.19613,1,-61.0,5.9334,922.75,3
522,266.38,0.88175,-0.12861,-0.19613,1,-62.5,1.0584,921.25,3
523,266.5,0.88175,-0.12861,-0.19613,1,-62.0,0.41417,925.25,3
524,266.75,0.96383,-0.14009000000000002,-0.17332999999999998,3,-47.5,2.1445,920.75,3
525,266.82,0.96383,-0.14009000000000002,-0.17332999999999998,3,-47.5,2.1506,920.75,3
526,266.88,1.2335,-0.27789,-0.059296,3,-47.0,5.8077,924.25,3
527,267.0,0.8934799999999999,-0.14009000000000002,-0.19613,3,-47.0,5.8107,924.25,3
528,267.07,0.9052,-0.14009000000000002,-0.19613,1,-64.0,5.01,920.25,3
529,267.25,0.9052,-0.14009000000000002,-0.19613,3,-46.5,1.4419,921.75,3
530,267.35,0.9052,-0.14009000000000002,-0.19613,3,-46.5,1.4603,921.75,3
531,267.5,0.9521,-0.14009000000000002,-0.18473,1,-62.0,0.61666,921.75,3
532,267.6,0.9521,-0.14009000000000002,-0.18473,3,-46.5,0.30526,923.25,3
533,267.75,0.9052,-0.15158,-0.19613,1,-60.5,5.4778,923.25,3
534,267.85,0.9052,-0.15158,-0.19613,3,-47.0,5.4855,924.75,3
535,268.0,0.9052,-0.12861,-0.18473,3,-46.5,1.1183,922.25,3
536,268.07,0.9169299999999999,-0.15158,-0.20754,3,-46.5,1.1137,922.25,3
537,268.13,0.9169299999999999,-0.15158,-0.20754,3,-46.5,1.1198,922.25,3
538,268.25,0.9169299999999999,-0.15158,-0.19613,1,-62.0,6.2356,925.75,3
539,268.35,0.9169299999999999,-0.15158,-0.19613,3,-46.5,6.2433,923.75,3
540,268.5,0.9052,-0.12861,-0.18473,1,-60.0,1.8991,923.75,3
541,268.6,0.9052,-0.12861,-0.18473,3,-46.5,0.74245,922.75,3
542,268.63,0.9052,-0.14009000000000002,-0.19613,3,-46.5,0.7317100000000001,922.75,3
543,268.75,0.9052,-0.14009000000000002,-0.19613,3,-46.5,0.73324,922.75,3
544,268.85,0.9169299999999999,-0.16305999999999998,-0.19613,1,-62.5,1.0845,921.25,3
545,269.0,0.9169299999999999,-0.16305999999999998,-0.19613,1,-61.5,0.43718,925.25,3
546,269.25,0.8934799999999999,-0.12861,-0.19613,3,-47.5,2.1675,920.75,3
547,269.35,0.8934799999999999,-0.12861,-0.19613,3,-47.5,2.1752,920.75,3
548,269.38,0.8934799999999999,-0.12861,-0.19613,3,-47.5,2.1522,920.75,3
549,269.43,0.8934799999999999,-0.15158,-0.21894,1,-61.0,4.5206,924.25,3
550,269.5,0.8934799999999999,-0.15158,-0.21894,3,-47.0,5.8261,924.25,3
551,269.6,0.8934799999999999,-0.15158,-0.21894,3,-47.0,5.8307,924.25,3
