,time,frontal,vertical,lateral,id,rssi,phase,freq,label
0,0.0,0.58862,0.8819100000000001,0.10035,4,-56.5,5.461,923.75,1
1,0.25,0.58862,0.8819100000000001,0.10035,4,-56.5,4.5406,924.75,1
2,0.75,0.58862,0.8819100000000001,0.10035,4,-56.5,4.1479,925.25,1
3,1.5,0.57689,0.8819100000000001,0.08894400000000001,4,-57.5,0.81148,922.25,1
4,1.75,0.57689,0.8819100000000001,0.08894400000000001,1,-62.0,5.4011,925.75,1
5,2.5,0.61207,0.8589399999999999,0.11175,4,-57.0,5.4686,923.75,1
6,2.75,0.61207,0.8589399999999999,0.11175,1,-63.5,6.2663,924.75,1
7,3.25,0.61207,0.8589399999999999,0.11175,3,-59.5,4.1816,925.25,1
8,3.5,0.61207,0.8589399999999999,0.11175,4,-58.5,1.0983,921.75,1
9,4.0,0.61207,0.8589399999999999,0.11175,4,-57.0,0.25617,925.75,1
10,5.0,0.54171,0.9048700000000001,0.066138,4,-56.5,5.5315,923.75,1
11,5.075,0.54171,0.9048700000000001,0.066138,4,-56.5,4.5851,924.75,1
12,5.5,0.54171,0.9048700000000001,0.066138,4,-57.5,0.22089,922.75,1
13,5.75,0.54171,0.9048700000000001,0.066138,3,-59.5,4.3289,925.25,1
14,6.25,0.54171,0.9048700000000001,0.066138,1,-66.0,2.0463,922.25,1
15,7.25,0.56517,0.8819100000000001,0.077541,4,-57.0,5.2708,923.75,1
16,7.5,0.56517,0.8819100000000001,0.077541,4,-57.0,4.289,924.75,1
17,7.75,0.56517,0.8819100000000001,0.077541,4,-58.0,6.274,922.75,1
18,8.25,0.56517,0.8819100000000001,0.077541,4,-57.0,3.8288,925.25,1
19,9.0,0.8114,0.76708,0.20297,4,-57.0,4.9747,924.25,1
20,9.25,0.8114,0.76708,0.20297,4,-57.5,5.9887,923.25,1
21,9.75,0.8114,0.76708,0.20297,4,-57.0,5.417999999999999,923.75,1
22,10.5,0.7527699999999999,0.80152,0.18017,4,-57.0,3.95,925.25,1
23,10.75,0.7527699999999999,0.80152,0.18017,4,-58.5,2.0509,920.75,1
24,11.25,0.7527699999999999,0.80152,0.18017,4,-58.0,0.70563,922.25,1
25,11.35,0.7527699999999999,0.80152,0.18017,2,-66.5,5.0376,925.75,1
26,11.75,0.7527699999999999,0.80152,0.18017,4,-57.0,5.9733,923.25,1
27,12.25,0.7527699999999999,0.80152,0.18017,1,-64.5,1.0492,923.75,1
28,12.75,0.68242,0.82449,0.14595999999999998,4,-57.5,0.19175,922.75,1
29,13.25,0.68242,0.82449,0.14595999999999998,4,-58.5,2.0877,920.75,1
30,13.5,0.68242,0.82449,0.14595999999999998,4,-57.5,0.76085,922.25,1
31,13.75,0.68242,0.82449,0.14595999999999998,4,-57.0,3.5588,925.75,1
32,14.0,0.68242,0.82449,0.14595999999999998,4,-56.5,5.0897,924.25,1
33,14.5,0.62379,0.8589399999999999,0.10035,4,-56.5,5.5116,923.75,1
34,14.75,0.62379,0.8589399999999999,0.10035,4,-56.5,4.5667,924.75,1
35,15.0,0.62379,0.8589399999999999,0.10035,4,-57.5,0.25156999999999996,922.75,1
36,15.25,0.62379,0.8589399999999999,0.10035,4,-57.0,4.0528,925.25,1
37,16.0,0.67069,0.8359700000000001,0.14595999999999998,4,-58.0,0.6995,922.25,1
38,16.075,0.67069,0.8359700000000001,0.14595999999999998,4,-57.0,0.36969,925.75,1
39,16.25,0.67069,0.8359700000000001,0.14595999999999998,3,-59.0,1.7058,924.25,1
40,16.5,0.67069,0.8359700000000001,0.14595999999999998,1,-64.5,1.4205,923.25,1
41,17.0,0.67069,0.8359700000000001,0.14595999999999998,4,-56.5,5.3965,923.75,1
42,17.75,0.50654,0.9048700000000001,0.066138,4,-57.5,0.092039,922.75,1
43,17.85,0.50654,0.9048700000000001,0.066138,4,-57.0,3.8902,925.25,1
44,18.25,0.50654,0.9048700000000001,0.066138,1,-66.0,2.5449,921.75,1
45,18.75,0.50654,0.9048700000000001,0.066138,4,-57.0,0.32214,925.75,1
46,19.0,0.77622,0.79004,0.16876,4,-57.0,6.0025,923.25,1
47,19.5,0.77622,0.79004,0.16876,4,-56.5,5.4763,923.75,1
48,19.6,0.77622,0.79004,0.16876,4,-56.5,4.4884,924.75,1
49,19.75,0.77622,0.79004,0.16876,1,-67.0,6.1651,921.25,1
50,20.75,0.60034,0.84746,0.08894400000000001,4,-58.0,0.5507,922.25,1
51,21.0,0.60034,0.84746,0.08894400000000001,4,-57.0,0.13499,925.75,1
52,21.25,0.60034,0.84746,0.08894400000000001,1,-63.5,0.43412,924.25,1
53,22.0,0.68242,0.80152,0.15736,4,-56.5,4.2905,924.75,1
54,22.25,0.68242,0.80152,0.15736,4,-58.5,1.4573,921.25,1
55,22.5,0.68242,0.80152,0.15736,4,-57.0,3.8748,925.25,1
56,22.75,0.68242,0.80152,0.15736,4,-58.5,1.9528,920.75,1
57,23.5,0.57689,0.8819100000000001,0.066138,4,-54.5,3.3794,925.75,1
58,23.75,0.57689,0.8819100000000001,0.066138,4,-56.5,4.8888,924.25,1
59,23.85,0.57689,0.8819100000000001,0.066138,4,-57.0,5.8537,923.25,1
60,24.25,0.57689,0.8819100000000001,0.066138,1,-68.5,0.61206,920.25,1
61,24.5,0.57689,0.8819100000000001,0.066138,4,-56.5,4.3764,924.75,1
62,25.25,0.68242,0.82449,0.13455999999999999,4,-59.0,1.8914,920.75,1
63,26.5,0.49481,0.74411,0.48805,4,-59.0,6.1528,923.25,1
64,26.75,0.49481,0.74411,0.48805,4,-56.0,5.5085,923.75,1
65,27.0,0.49481,0.74411,0.48805,1,-67.5,1.0124,924.75,1
66,27.75,0.49481,0.74411,0.48805,4,-68.5,5.191,920.75,1
67,99.525,0.58862,-0.34679,0.9783799999999999,4,-58.5,0.70717,923.25,3
68,101.25,0.78795,0.80152,0.25999,3,-66.5,1.0492,922.25,1
69,103.75,0.63552,0.81301,0.16876,1,-66.0,5.8813,925.75,1
70,104.25,0.63552,0.81301,0.16876,3,-64.5,0.55837,923.25,1
71,105.5,0.63552,0.81301,0.16876,3,-68.0,4.8781,920.75,1
72,107.0,0.70587,0.77856,0.18017,4,-57.5,6.1773,923.75,1
73,108.0,0.70587,0.77856,0.18017,4,-57.0,4.6817,925.25,1
74,108.78,0.70587,0.77856,0.18017,4,-57.0,5.5929,924.25,1
75,109.53,0.70587,0.77856,0.18017,3,-64.5,0.13499,923.75,1
76,111.25,0.6472399999999999,0.80152,0.14595999999999998,4,-56.5,4.1126,925.75,1
77,111.75,0.6472399999999999,0.80152,0.14595999999999998,3,-65.0,0.31753000000000003,923.25,1
78,113.25,0.6472399999999999,0.80152,0.14595999999999998,3,-67.0,4.2046,921.75,1
79,113.75,0.6472399999999999,0.80152,0.14595999999999998,4,-56.5,3.9055,925.75,1
80,114.5,0.6472399999999999,0.80152,0.14595999999999998,4,-57.0,5.8936,923.75,1
81,115.25,0.72932,0.79004,0.16876,4,-56.5,4.4117,925.25,1
82,116.0,0.72932,0.79004,0.16876,1,-66.0,5.5776,925.75,1
83,117.0,0.8934799999999999,0.72114,0.22578,4,-56.5,4.8382,924.75,1
84,117.5,0.8934799999999999,0.72114,0.22578,4,-56.5,4.3887,925.25,1
85,118.5,0.8934799999999999,0.72114,0.22578,4,-56.5,3.7659,925.75,1
86,119.5,0.7527699999999999,0.75559,0.18017,4,-56.5,4.7538,924.75,1
87,120.0,0.7527699999999999,0.75559,0.18017,4,-56.5,4.3335,925.25,1
88,120.75,0.7527699999999999,0.75559,0.18017,3,-66.5,1.037,922.25,1
89,122.0,0.8114,0.74411,0.20297,4,-57.0,1.5294,924.75,1
90,123.75,0.68242,0.79004,0.13455999999999999,4,-57.0,5.8061,923.25,1
91,124.25,0.68242,0.79004,0.13455999999999999,4,-56.0,5.306,923.75,1
92,124.5,0.68242,0.79004,0.13455999999999999,1,-67.5,5.6941,921.25,1
93,125.0,0.68242,0.79004,0.13455999999999999,4,-56.0,0.41878000000000004,925.25,1
94,126.0,0.70587,0.79004,0.13455999999999999,4,-56.0,4.6449,924.25,1
95,126.5,0.70587,0.79004,0.13455999999999999,4,-56.5,5.0621,923.75,1
96,127.0,0.70587,0.79004,0.13455999999999999,4,-58.5,1.2164,921.25,1
97,127.5,0.70587,0.79004,0.13455999999999999,1,-61.5,5.6282,925.25,4
98,129.25,0.61207,0.76708,0.13455999999999999,1,-55.5,1.8699,924.75,4
99,129.75,0.61207,0.76708,0.13455999999999999,4,-68.0,0.29299000000000003,925.25,4
100,131.0,0.48308999999999996,0.8704200000000001,0.043332,2,-67.0,1.2379,923.25,4
101,132.0,0.48308999999999996,0.8704200000000001,0.043332,2,-56.5,4.6771,921.25,4
102,132.75,0.57689,0.79004,0.22578,2,-53.0,5.2477,922.25,4
103,135.75,0.40101,0.9163600000000001,0.21438000000000001,2,-56.0,1.5539,924.25,2
104,136.75,0.74105,0.80152,0.16876,2,-56.5,5.5193,922.75,2
105,137.25,0.74105,0.80152,0.16876,2,-58.5,5.9749,920.75,2
106,138.28,0.74105,0.80152,0.16876,2,-57.0,5.484,923.25,2
107,140.25,0.54171,0.89339,0.14595999999999998,2,-59.0,5.8813,922.25,2
108,142.0,0.54171,0.89339,0.14595999999999998,2,-57.5,1.6322,925.25,2
109,143.0,0.54171,0.89339,0.14595999999999998,2,-57.5,5.2278,924.25,2
110,144.25,0.54171,0.89339,0.14595999999999998,2,-59.0,5.731,922.75,2
111,146.5,0.56517,0.8819100000000001,0.15736,2,-60.0,0.25771,921.25,2
112,149.25,0.56517,0.8819100000000001,0.15736,2,-57.0,4.9486,925.25,2
113,150.25,0.56517,0.8819100000000001,0.15736,2,-56.5,3.9837,925.75,2
114,151.75,0.56517,0.8819100000000001,0.15736,2,-57.0,5.3183,925.25,2
115,152.75,0.56517,0.8819100000000001,0.15736,2,-57.5,5.8445,924.25,2
116,154.0,0.56517,0.8819100000000001,0.15736,2,-58.5,6.1605,922.75,2
117,155.25,0.56517,0.8819100000000001,0.15736,2,-58.0,5.5898,924.25,2
118,158.03,0.57689,0.89339,0.11175,2,-59.5,0.58905,920.25,2
119,158.75,0.57689,0.89339,0.11175,2,-59.5,0.25156999999999996,921.25,2
120,160.0,0.57689,0.89339,0.11175,2,-56.5,1.6552,925.75,2
121,161.25,0.57689,0.89339,0.11175,2,-59.0,5.8751,922.75,2
122,163.25,0.5534399999999999,0.8819100000000001,0.11175,2,-56.0,4.648,924.75,2
123,164.0,0.5534399999999999,0.8819100000000001,0.11175,2,-56.5,4.6019,925.25,2
124,164.75,0.5534399999999999,0.8819100000000001,0.11175,2,-57.0,4.8612,925.75,2
125,165.5,0.5534399999999999,0.8819100000000001,0.11175,2,-57.5,5.7248,923.75,2
126,166.25,0.5534399999999999,0.8819100000000001,0.11175,2,-58.0,5.9488,922.75,2
127,166.75,0.5534399999999999,0.8819100000000001,0.11175,2,-59.0,6.2387,921.75,2
128,168.25,0.5534399999999999,0.8589399999999999,0.12315,2,-59.0,0.2255,921.25,2
129,169.0,0.5534399999999999,0.8589399999999999,0.12315,2,-59.0,0.37736,920.75,2
130,169.75,0.5534399999999999,0.8589399999999999,0.12315,2,-57.0,5.4487,924.25,2
131,170.5,0.5534399999999999,0.8589399999999999,0.12315,2,-56.5,5.2293,924.75,2
132,171.25,0.5534399999999999,0.8589399999999999,0.12315,2,-56.5,4.9578,925.25,2
133,172.0,0.5534399999999999,0.8589399999999999,0.12315,2,-56.5,4.6878,925.75,2
134,172.75,0.5534399999999999,0.8589399999999999,0.12315,2,-60.0,0.39576999999999996,920.25,2
135,174.75,0.5534399999999999,0.89339,0.12315,2,-57.0,5.3367,924.25,2
136,175.5,0.5534399999999999,0.89339,0.12315,2,-57.0,5.1174,924.75,2
137,176.0,0.5534399999999999,0.89339,0.12315,2,-56.5,4.9732,925.25,2
138,178.5,0.60034,0.8704200000000001,0.13455999999999999,2,-57.0,4.9793,925.25,2
139,179.25,0.60034,0.8704200000000001,0.13455999999999999,2,-56.5,4.7538,925.75,2
140,179.75,0.60034,0.8704200000000001,0.13455999999999999,2,-57.5,5.7325,923.25,2
141,180.25,0.60034,0.8704200000000001,0.13455999999999999,2,-56.5,5.1235,924.75,2
142,181.0,0.60034,0.8704200000000001,0.13455999999999999,2,-56.0,4.9839,925.25,2
143,181.5,0.60034,0.8704200000000001,0.13455999999999999,2,-58.5,0.021476,921.75,2
144,182.75,0.56517,0.8589399999999999,0.14595999999999998,2,-56.0,5.1128,924.75,2
145,183.25,0.56517,0.8589399999999999,0.14595999999999998,2,-56.5,4.8474,925.25,2
146,183.75,0.56517,0.8589399999999999,0.14595999999999998,2,-58.5,6.2203,921.75,2
147,184.25,0.56517,0.8589399999999999,0.14595999999999998,2,-56.5,5.2953,924.25,2
148,185.0,0.56517,0.8589399999999999,0.14595999999999998,2,-57.0,5.4886,923.75,2
149,186.25,0.6472399999999999,0.84746,0.19157000000000002,2,-58.0,6.0516,922.25,2
150,187.03,0.6472399999999999,0.84746,0.19157000000000002,2,-56.5,5.2999,924.25,2
151,187.53,0.6472399999999999,0.84746,0.19157000000000002,2,-56.5,5.122000000000001,924.75,2
