,time,frontal,vertical,lateral,id,rssi,phase,freq,label
0,0.0,0.30721,0.89339,0.020525,2,-56.5,5.5745,923.25,4
1,3.0,0.30721,0.89339,0.020525,2,-56.5,5.9227,922.25,2
2,3.025,0.30721,0.89339,0.020525,2,-57.0,1.1582,925.75,2
3,5.25,0.31893,0.96229,0.08894400000000001,2,-57.5,1.3131,924.75,2
4,5.75,0.31893,0.96229,0.08894400000000001,2,-57.0,4.7722,923.75,2
5,6.5,0.31893,0.96229,0.08894400000000001,2,-57.5,6.1697,920.75,2
6,8.5,0.23685,0.99674,0.066138,2,-57.0,5.2846,922.75,2
7,8.75,0.23685,0.99674,0.066138,2,-59.0,1.2072,925.25,2
8,9.5,0.23685,0.99674,0.066138,2,-57.5,0.009203900000000001,920.25,2
9,10.0,0.23685,0.99674,0.066138,2,-59.5,1.2885,924.75,2
10,10.75,0.23685,0.99674,0.066138,2,-58.0,5.1511,922.75,2
11,12.75,0.29548,0.98526,0.077541,2,-57.5,5.2125,922.25,2
12,14.25,0.29548,0.98526,0.077541,2,-57.5,6.096,920.25,2
13,15.75,0.29548,0.98526,0.077541,2,-57.5,5.079,922.75,2
14,18.25,0.29548,0.97377,0.066138,2,-57.0,5.6297,921.25,2
15,19.0,0.29548,0.97377,0.066138,2,-59.0,1.3085,924.25,2
16,19.75,0.29548,0.97377,0.066138,2,-58.0,1.6429,923.25,2
17,20.75,0.29548,0.97377,0.066138,2,-57.5,5.5499,921.25,2
18,21.75,0.29548,0.97377,0.066138,2,-57.0,6.0331,920.25,2
19,22.25,0.29548,0.97377,0.066138,2,-58.0,4.7538,923.25,2
20,24.75,0.43618999999999997,0.9163600000000001,0.13455999999999999,2,-57.5,5.0821,922.25,2
21,25.75,0.43618999999999997,0.9163600000000001,0.13455999999999999,2,-57.5,5.5576,921.25,2
22,27.75,0.36583000000000004,0.95081,0.08894400000000001,2,-58.0,1.0876,923.75,2
23,28.25,0.36583000000000004,0.95081,0.08894400000000001,2,-59.0,0.60592,925.25,2
24,30.25,0.28376,0.97377,0.08894400000000001,2,-57.5,1.2533,923.75,2
25,31.25,0.28376,0.97377,0.08894400000000001,2,-58.5,4.1816,924.25,2
26,32.5,0.28376,0.98526,0.066138,2,-57.5,1.2548,923.75,2
27,34.5,0.54171,0.89339,0.16876,2,-59.0,0.8268200000000001,924.75,2
28,36.0,0.45963999999999994,0.9048700000000001,0.14595999999999998,2,-58.0,1.014,924.25,2
29,36.75,0.45963999999999994,0.9048700000000001,0.14595999999999998,2,-58.0,0.7915300000000001,924.75,2
30,37.5,0.45963999999999994,0.9048700000000001,0.14595999999999998,2,-57.5,1.1505,923.75,2
31,39.0,0.33066,0.96229,0.08894400000000001,2,-57.0,1.376,923.25,2
32,40.5,0.36583000000000004,0.93932,0.10035,2,-59.0,0.55223,925.25,2
33,42.25,0.37756,0.93932,0.10035,2,-57.5,1.1351,923.75,2
34,44.0,0.28376,0.99674,0.066138,2,-57.0,1.2901,923.25,2
35,44.75,0.28376,0.99674,0.066138,2,-57.0,1.014,923.75,2
36,48.0,0.33066,0.97377,0.08894400000000001,2,-58.5,0.44638999999999995,925.25,2
37,49.75,0.33066,0.96229,0.08894400000000001,2,-57.0,4.5943,922.75,2
38,50.75,0.33066,0.96229,0.08894400000000001,2,-58.0,0.78386,924.25,2
39,53.75,0.45963999999999994,0.9163600000000001,0.13455999999999999,2,-57.0,1.1474,923.25,2
40,54.5,0.45963999999999994,0.9163600000000001,0.13455999999999999,2,-58.0,4.0114,923.75,2
41,55.25,0.45963999999999994,0.9163600000000001,0.13455999999999999,2,-59.5,0.29452,925.25,2
42,57.0,0.29548,0.98526,0.054735,2,-57.5,0.8743700000000001,923.75,2
43,58.5,0.37756,0.95081,0.08894400000000001,2,-57.5,4.1325,923.25,2
44,59.5,0.37756,0.95081,0.08894400000000001,2,-58.0,0.81148,923.75,2
45,60.25,0.37756,0.95081,0.08894400000000001,2,-58.0,0.65501,924.25,2
46,62.0,0.49481,0.89339,0.14595999999999998,2,-57.0,1.2011,922.75,2
47,62.25,0.49481,0.89339,0.14595999999999998,2,-59.5,0.18561,925.25,2
48,63.5,0.33066,0.97377,0.066138,2,-57.5,1.0048,923.25,2
49,64.5,0.33066,0.97377,0.066138,2,-57.0,1.1505,922.75,2
50,69.0,0.47136000000000006,0.9163600000000001,0.11175,2,-58.0,0.8621,923.75,2
51,70.25,0.47136000000000006,0.9163600000000001,0.11175,2,-58.5,0.42031,924.25,2
52,71.75,0.35411,0.96229,0.077541,2,-57.5,0.9434,922.75,2
53,74.0,0.31893,0.98526,0.066138,2,-58.0,3.6693,923.75,2
54,75.0,0.31893,0.98526,0.066138,2,-58.5,0.33134,924.25,2
55,79.0,0.31893,0.77856,0.020525,2,-49.5,4.6403,922.75,4
56,79.25,0.41273000000000004,0.92784,0.08894400000000001,2,-50.5,4.7461,921.25,4
57,79.75,0.037521,0.82449,0.066138,1,-65.0,1.0937,920.75,4
58,81.75,0.037521,0.82449,0.066138,1,-62.0,1.8346,925.25,4
59,87.5,-0.25561,0.82449,0.066138,4,-59.5,0.7992,921.75,1
60,89.0,-0.25561,0.82449,0.066138,1,-67.0,5.4809,921.25,1
61,91.5,-0.25561,0.82449,0.066138,1,-65.0,5.2217,921.25,1
62,98.75,0.5534399999999999,0.89339,0.13455999999999999,1,-66.0,5.1956,921.25,1
63,100.5,0.5534399999999999,0.89339,0.13455999999999999,4,-58.5,0.03835,922.25,1
64,102.0,0.5534399999999999,0.89339,0.13455999999999999,4,-58.0,5.1312,920.25,1
65,103.5,0.5534399999999999,0.89339,0.13455999999999999,1,-65.5,3.8472,922.75,1
66,107.0,0.5534399999999999,0.8819100000000001,0.14595999999999998,1,-65.5,4.7538,921.75,1
67,109.0,0.5534399999999999,0.8819100000000001,0.14595999999999998,4,-58.0,4.6572,920.75,1
68,110.75,0.5534399999999999,0.8819100000000001,0.14595999999999998,1,-66.0,3.907,922.75,1
69,112.5,0.5534399999999999,0.8819100000000001,0.14595999999999998,1,-65.5,4.1356,922.25,1
70,114.25,0.5534399999999999,0.8819100000000001,0.14595999999999998,4,-58.5,0.5230899999999999,921.75,1
71,116.0,0.5534399999999999,0.8819100000000001,0.14595999999999998,1,-65.0,4.875,921.25,1
72,118.25,0.5534399999999999,0.8819100000000001,0.14595999999999998,4,-58.5,4.1648,921.25,1
73,121.75,0.5534399999999999,0.8819100000000001,0.14595999999999998,1,-65.0,0.13499,923.25,1
74,127.25,0.62379,0.8704200000000001,0.14595999999999998,1,-65.0,4.1356,922.25,1
75,130.5,0.62379,0.8704200000000001,0.14595999999999998,1,-64.5,4.9103,921.25,1
76,133.75,0.62379,0.8704200000000001,0.14595999999999998,1,-67.0,4.9962,920.25,1
77,136.25,0.62379,0.8704200000000001,0.14595999999999998,1,-66.0,5.5791,920.25,1
78,141.0,0.62379,0.8704200000000001,0.14595999999999998,1,-65.5,5.3827,920.25,1
79,145.5,0.63552,0.8589399999999999,0.18017,4,-58.5,5.3858,920.75,1
80,146.5,0.63552,0.8589399999999999,0.18017,4,-61.0,1.0907,922.25,1
81,148.75,1.0811,-0.23196,-0.070699,3,-49.5,1.9006,923.25,3
82,150.75,1.1514,-0.24344000000000002,-0.013684,3,-58.5,0.8805,920.25,3
83,152.0,1.339,-0.31234,0.054735,1,-66.5,5.5515,923.75,3
84,152.5,1.1397,-0.22048,-0.025087,1,-67.0,0.7639199999999999,925.25,3
85,153.0,1.1397,-0.22048,-0.025087,1,-66.0,1.6751,924.25,3
86,153.75,1.128,-0.24344000000000002,-0.047893,1,-67.0,1.1428,924.75,3
87,154.0,1.128,-0.24344000000000002,-0.047893,1,-67.0,0.5092800000000001,922.25,3
88,154.5,1.0694,-0.18603,-0.082102,1,-66.5,6.1743,922.75,3
89,155.5,1.1163,-0.22048,-0.047893,1,-66.5,1.5493,924.25,3
90,156.0,1.1163,-0.22048,-0.047893,1,-66.5,5.6328,923.25,3
91,156.75,1.0694,-0.17454,-0.070699,1,-68.5,0.07976699999999999,925.75,3
92,158.5,1.1514,-0.25493000000000005,-0.025087,1,-66.5,5.622000000000001,923.25,3
93,158.75,1.1514,-0.25493000000000005,-0.025087,1,-67.0,0.9986200000000001,924.75,3
94,159.5,1.1163,-0.20899,-0.047893,1,-67.5,6.1068,922.75,3
95,161.0,1.1514,-0.24344000000000002,-0.025087,1,-67.0,2.4130000000000003,923.25,3
96,161.25,1.1514,-0.24344000000000002,-0.025087,1,-67.5,3.5282,922.25,3
97,161.75,1.2921,-0.30086,0.020525,1,-67.5,6.1022,922.75,3
98,165.25,1.1397,-0.22048,-0.047893,1,-67.5,4.5007,924.25,3
99,171.5,1.0576,-0.17454,-0.082102,1,-67.0,4.8474,923.75,3
100,172.25,1.1749,-0.24344000000000002,-0.025087,1,-67.5,4.2967,924.25,3
101,173.25,1.3859,-0.32383,0.054735,1,-68.0,5.4104,923.25,3
102,177.25,1.3625,-0.32383,0.043332,1,-68.0,1.2318,924.25,3
103,178.0,1.2804,-0.28938,0.031928,1,-68.0,2.2319,923.25,3
104,185.25,1.3273,-0.31234,0.020525,3,-51.0,0.34975,923.25,3
105,187.5,1.128,-0.22048,-0.047893,3,-51.5,1.445,921.75,3
106,188.5,1.2101,-0.26641,-0.013684,3,-51.0,0.6918300000000001,922.75,3
107,190.75,0.97555,-0.15158,-0.12771,3,-52.0,4.8198,925.75,3
108,193.75,1.3742,-0.32383,0.043332,3,-51.5,5.0974,925.25,3
109,196.5,0.9169299999999999,-0.15158,-0.15052000000000001,3,-51.0,5.0897,925.25,3
110,197.25,1.0107,-0.16305999999999998,-0.11631,3,-50.5,0.2255,923.25,3
111,198.25,0.9990100000000001,-0.14009000000000002,-0.11631,3,-50.5,6.1052,923.75,3
112,198.5,0.9521,-0.15158,-0.12771,3,-50.5,0.62433,922.75,3
113,202.0,0.9872799999999999,-0.15158,-0.11631,3,-51.0,1.3698,921.75,3
114,204.0,1.0342,-0.17454,-0.10490999999999999,3,-51.0,5.6665,924.25,3
115,204.5,0.96383,-0.15158,-0.12771,3,-51.0,1.3008,921.75,3
116,205.5,1.2804,-0.28938,0.0091224,3,-51.0,6.0285,923.75,3
117,208.5,1.2570000000000001,-0.28938,-0.0022806,3,-51.5,4.9992,925.25,3
118,211.0,1.3039,-0.31234,0.031928,3,-51.5,5.0575,925.25,3
119,212.6,0.9169299999999999,-0.12861,-0.13912,3,-51.0,5.2861,924.75,3
120,212.75,0.9872799999999999,-0.15158,-0.13912,3,-51.0,5.9779,923.75,3
121,214.25,0.9403799999999999,-0.15158,-0.13912,3,-50.5,0.09510700000000001,923.25,3
122,216.25,1.0459,-0.17454,-0.10490999999999999,3,-51.0,5.6251,924.25,3
123,220.5,1.0342,-0.15158,-0.070699,3,-49.0,1.649,922.75,3
124,220.75,0.96383,-0.12861,-0.11631,3,-50.0,5.9472,925.25,3
125,221.0,0.9990100000000001,-0.12861,-0.10490999999999999,3,-50.0,0.36355,924.25,3
126,221.75,0.9521,-0.11713,-0.12771,3,-50.5,1.0784,923.25,3
127,223.25,1.1983,-0.24344000000000002,0.0091224,1,-68.5,0.62126,925.25,3
128,225.0,0.54171,0.89339,0.18017,1,-58.5,0.51388,923.75,1
129,226.5,0.54171,0.89339,0.18017,4,-62.5,3.8764,921.75,1
130,227.25,0.54171,0.89339,0.18017,1,-58.0,0.71023,923.75,1
131,228.0,0.54171,0.89339,0.18017,1,-58.5,5.9288,925.25,1
132,229.5,0.58862,0.8819100000000001,0.10035,1,-58.0,5.2048,922.25,1
133,230.0,0.58862,0.8819100000000001,0.10035,1,-57.5,1.6352,922.75,1
134,230.5,0.58862,0.8819100000000001,0.10035,1,-58.0,5.8414,925.25,1
135,231.0,0.58862,0.8819100000000001,0.10035,1,-59.0,0.38195999999999997,920.25,1
136,231.5,0.58862,0.8819100000000001,0.10035,3,-68.5,0.12272000000000001,924.75,1
137,232.5,0.58862,0.8819100000000001,0.10035,1,-57.5,1.6674,922.75,1
138,232.75,0.58862,0.8819100000000001,0.10035,1,-58.0,5.8245,925.25,1
139,233.25,0.58862,0.8819100000000001,0.10035,3,-68.5,0.30526,924.25,1
140,234.75,0.51826,0.9163600000000001,0.11175,1,-58.0,0.9127200000000001,923.75,1
141,235.0,0.51826,0.9163600000000001,0.11175,1,-58.5,5.9718,921.25,1
142,235.5,0.51826,0.9163600000000001,0.11175,1,-59.0,0.010738,920.75,1
143,236.25,0.51826,0.9163600000000001,0.11175,1,-58.5,2.3424,921.75,1
144,236.75,0.51826,0.9163600000000001,0.11175,1,-58.0,5.0437,922.25,1
145,237.5,0.51826,0.9163600000000001,0.11175,1,-58.5,4.6633,922.75,1
146,240.25,0.74105,0.82449,0.20297,1,-59.0,6.1421,920.75,1
147,241.0,0.74105,0.82449,0.20297,1,-59.0,5.3919,921.75,1
148,241.75,0.74105,0.82449,0.20297,1,-58.5,2.0049,922.25,1
149,243.0,0.74105,0.82449,0.20297,1,-58.5,0.43105,924.25,1
150,243.75,0.74105,0.82449,0.20297,1,-58.5,4.3412,923.25,1
151,245.5,0.68242,0.8359700000000001,0.20297,1,-58.5,0.48933999999999994,924.25,1
152,246.0,0.68242,0.8359700000000001,0.20297,1,-58.0,1.2333,923.25,1
153,246.75,0.68242,0.8359700000000001,0.20297,1,-58.5,0.79614,923.75,1
154,248.0,0.68242,0.8359700000000001,0.20297,4,-61.0,5.8629,920.25,1
155,250.75,0.62379,0.8589399999999999,0.12315,1,-58.0,5.2232,921.75,1
156,251.25,0.62379,0.8589399999999999,0.12315,1,-58.0,1.6889,922.25,1
157,252.0,0.62379,0.8589399999999999,0.12315,1,-58.0,1.3376,922.75,1
158,252.5,0.62379,0.8589399999999999,0.12315,1,-59.0,6.0209,920.75,1
159,254.25,0.77622,0.82449,0.19157000000000002,1,-58.0,0.5997899999999999,923.75,1
160,255.25,0.77622,0.82449,0.19157000000000002,1,-58.0,0.1672,924.25,1
161,255.75,0.77622,0.82449,0.19157000000000002,1,-58.0,2.1016,921.75,1
162,256.25,0.77622,0.82449,0.19157000000000002,1,-58.0,1.7119,922.25,1
163,256.75,0.77622,0.82449,0.19157000000000002,3,-67.5,4.6572,922.75,1
164,257.5,0.77622,0.82449,0.19157000000000002,3,-68.5,5.8368,920.75,1
165,258.5,0.61207,0.8704200000000001,0.12315,1,-58.0,1.6199,922.25,1
166,259.0,0.61207,0.8704200000000001,0.12315,3,-67.5,0.67955,923.75,1
167,259.75,0.61207,0.8704200000000001,0.12315,1,-59.5,6.0285,920.75,1
168,260.5,0.61207,0.8704200000000001,0.12315,1,-59.0,2.1767,921.75,1
169,261.25,0.61207,0.8704200000000001,0.12315,1,-58.5,5.2477,925.75,1
170,262.0,0.61207,0.8704200000000001,0.12315,1,-59.0,5.5944,921.25,1
171,262.5,0.61207,0.8704200000000001,0.12315,3,-68.0,0.26998,924.25,1
172,264.0,0.68242,0.8359700000000001,0.16876,3,-67.5,3.7966,923.75,1
173,264.5,0.68242,0.8359700000000001,0.16876,3,-68.5,5.8368,925.25,1
174,265.25,0.68242,0.8359700000000001,0.16876,1,-58.5,0.036816,920.25,1
175,265.75,0.68242,0.8359700000000001,0.16876,3,-67.5,0.9234600000000001,923.25,1
176,266.5,0.68242,0.8359700000000001,0.16876,1,-58.0,0.49394,923.75,1
177,267.5,0.78795,0.81301,0.19157000000000002,1,-58.0,0.099709,924.25,1
178,268.0,0.78795,0.81301,0.19157000000000002,1,-58.5,1.4358,923.25,1
179,268.5,0.78795,0.81301,0.19157000000000002,4,-64.5,5.8353,925.75,1
180,269.25,0.78795,0.81301,0.19157000000000002,3,-64.0,5.1373,921.25,1
181,270.25,0.72932,0.81301,-0.12771,4,-58.5,0.43872,921.75,1
182,271.5,0.72932,0.81301,-0.12771,1,-64.5,5.8215,922.75,1
183,273.0,0.72932,0.81301,-0.12771,1,-62.5,5.1849,923.25,1
184,275.0,0.72932,0.81301,-0.12771,1,-63.0,1.3468,920.25,1
185,276.5,0.72932,0.81301,-0.12771,1,-62.5,0.43872,921.25,1
186,277.75,0.72932,0.81301,-0.12771,1,-62.0,5.2999,923.25,1
187,281.75,0.60034,0.8704200000000001,0.10035,4,-59.0,6.0884,920.75,1
188,283.0,0.60034,0.8704200000000001,0.10035,1,-62.0,5.9687,922.25,1
189,285.75,0.23685,0.80152,0.18017,4,-59.5,1.9159,923.75,1
190,301.25,1.0342,-0.22048,-0.0022806,1,-67.5,0.92499,920.75,3
191,302.25,1.3156,-0.33531,0.10035,1,-68.0,0.38503000000000004,924.75,3
