,time,frontal,vertical,lateral,id,rssi,phase,freq,label
0,0.0,0.7176,0.08956900000000001,0.80733,1,-67.5,5.7079,920.25,3
1,1.25,0.74105,0.078086,0.80733,1,-61.5,4.2522,925.25,3
2,1.75,0.56517,0.16995,0.71611,1,-67.0,1.8607,920.75,3
3,2.25,0.5534399999999999,0.14698,0.7047100000000001,4,-57.0,5.7356,920.25,3
4,2.75,0.5534399999999999,0.14698,0.7047100000000001,4,-56.0,5.1296,921.25,3
5,2.8,0.5534399999999999,0.14698,0.7047100000000001,4,-55.5,4.7891,921.75,3
6,3.25,0.7176,0.11254000000000002,0.79593,1,-65.5,0.1626,922.75,3
7,3.75,0.57689,0.16995,0.72751,1,-62.5,4.6418,924.75,3
8,4.0,0.57689,0.16995,0.72751,1,-64.0,5.484,923.75,3
9,4.75,0.56517,0.16995,0.71611,1,-64.5,5.9933,923.25,3
10,5.5,0.65897,0.1355,0.76172,1,-60.0,0.82221,925.75,3
11,6.25,0.83485,0.043636,0.85295,1,-61.5,1.6475,924.75,3
12,6.5,0.83485,0.043636,0.85295,4,-56.0,5.4119,920.75,3
13,7.5,0.57689,0.18143,0.7047100000000001,1,-67.5,1.2594,921.25,3
14,7.75,0.57689,0.18143,0.7047100000000001,3,-58.5,1.218,925.75,3
15,9.0,0.63552,0.15847,0.72751,1,-63.5,5.4748,923.75,3
16,9.25,0.63552,0.15847,0.72751,1,-62.5,5.0391,924.25,3
17,10.25,0.9169299999999999,0.020669999999999997,0.87575,1,-61.0,0.5322899999999999,925.75,3
18,11.0,0.61207,0.18143,0.71611,1,-61.5,4.1525,925.25,3
19,12.25,0.74105,0.10105,0.79593,4,-57.0,5.5868,920.25,3
20,12.75,0.67069,0.15847,0.76172,3,-57.0,1.2195,925.75,3
21,13.25,0.9403799999999999,0.020669999999999997,0.8871600000000001,1,-66.5,0.33748,922.25,3
22,13.5,0.9403799999999999,0.020669999999999997,0.8871600000000001,3,-57.5,1.8423,924.75,3
23,13.75,0.72932,0.11254000000000002,0.79593,1,-68.0,1.5539,920.75,3
24,14.5,0.61207,0.16995,0.72751,4,-56.5,5.6358,920.25,3
25,14.75,0.61207,0.16995,0.72751,1,-67.0,1.2625,921.25,3
26,15.5,0.9403799999999999,0.0091865,0.89856,1,-66.5,0.34975,922.25,3
27,16.0,0.88175,0.05511900000000001,0.87575,1,-64.0,5.3444,923.75,3
28,16.5,0.87003,0.043636,0.87575,1,-63.5,1.8377,924.25,3
29,17.75,0.61207,0.16995,0.72751,3,-57.5,1.2579,925.75,3
30,18.0,0.61207,0.16995,0.72751,1,-67.0,0.36662,922.25,3
31,18.5,0.61207,0.18143,0.71611,1,-63.5,5.3183,923.75,3
32,19.5,0.57689,0.18143,0.71611,4,-56.5,5.5315,920.25,3
33,20.0,0.77622,0.078086,0.8187399999999999,1,-61.5,0.54456,925.75,3
34,20.75,0.9990100000000001,-0.01378,0.90996,4,-52.0,5.2462,925.25,3
35,20.825,0.9990100000000001,-0.01378,0.90996,1,-62.5,4.5835,924.75,3
36,21.75,0.63552,0.18143,0.71611,1,-69.0,5.0315,920.25,3
37,23.25,0.70587,0.12402,0.77313,4,-52.5,5.642,924.75,3
38,23.5,0.58862,0.16995,0.71611,1,-64.0,5.4042,923.75,3
39,24.0,0.58862,0.16995,0.71611,1,-63.0,1.83,924.25,3
40,24.25,0.58862,0.16995,0.71611,1,-65.0,5.7524,923.25,3
41,25.0,0.9521,0.020669999999999997,0.87575,1,-61.5,0.41111000000000003,925.75,3
42,25.5,0.7176,0.12402,0.76172,1,-62.0,4.1448,925.25,3
43,26.0,0.60034,0.16995,0.71611,1,-64.0,5.4272,923.75,3
44,26.75,0.57689,0.18143,0.7047100000000001,4,-56.5,5.5315,920.25,3
45,27.25,0.57689,0.18143,0.7047100000000001,4,-55.5,4.5114,921.75,3
46,27.5,0.74105,0.12402,0.7845300000000001,1,-65.5,6.1144,922.75,3
47,27.75,0.74105,0.12402,0.7845300000000001,1,-62.5,0.92499,925.25,3
48,28.75,0.7527699999999999,0.10105,0.7845300000000001,1,-63.5,1.8623,924.25,3
49,29.0,0.7527699999999999,0.10105,0.7845300000000001,1,-65.0,5.8,923.25,3
50,29.5,0.7527699999999999,0.10105,0.7845300000000001,1,-68.0,1.1766,921.25,3
51,30.0,0.63552,0.18143,0.71611,1,-65.5,6.1329,922.75,3
52,30.25,0.63552,0.18143,0.71611,1,-66.5,0.24544000000000002,922.25,3
53,31.5,0.68242,0.12402,0.75032,1,-65.0,5.8598,923.25,3
54,32.25,0.78795,0.08956900000000001,0.80733,1,-61.5,0.51235,925.75,3
55,33.0,0.68242,0.15847,0.75032,1,-62.0,0.94647,925.25,3
56,33.5,0.8934799999999999,0.066602,0.86435,1,-63.0,4.8704,924.25,3
57,34.0,0.9403799999999999,0.043636,0.8871600000000001,4,-56.5,5.4303,920.25,3
58,34.25,0.9403799999999999,0.043636,0.8871600000000001,1,-67.0,1.2195,921.25,3
59,34.75,0.58862,0.16995,0.6933,1,-61.5,3.7107,925.75,3
60,35.0,0.58862,0.16995,0.6933,1,-67.0,0.42031,922.25,3
61,35.75,0.77622,0.11254000000000002,0.79593,4,-55.5,5.1066,920.75,3
62,36.0,0.77622,0.11254000000000002,0.79593,1,-63.5,1.4926,924.25,3
63,36.25,0.9990100000000001,0.020669999999999997,0.8871600000000001,4,-56.5,5.4993,920.25,3
64,36.5,0.9990100000000001,0.020669999999999997,0.8871600000000001,3,-61.5,0.65041,921.25,3
65,37.75,0.62379,0.16995,0.7047100000000001,1,-62.0,1.2303,924.75,3
66,38.5,0.61207,0.19292,0.6933,1,-62.0,4.8167,924.25,3
67,39.0,0.62379,0.19292,0.7047100000000001,4,-57.0,5.4073,920.25,3
68,39.25,0.62379,0.19292,0.7047100000000001,4,-56.0,4.8351,921.25,3
69,40.25,0.7176,0.12402,0.77313,1,-61.5,4.5559,924.75,3
70,40.75,0.57689,0.19292,0.7047100000000001,4,-56.0,5.145,920.75,3
71,41.25,0.83485,0.078086,0.83014,4,-56.5,5.4272,920.25,3
72,41.75,0.97555,0.032152999999999994,0.8871600000000001,4,-52.0,1.5309,925.75,3
73,42.0,0.97555,0.032152999999999994,0.8871600000000001,3,-57.0,0.98175,925.75,3
74,42.5,0.70587,0.15847,0.73892,1,-61.5,4.0988,925.25,3
75,43.25,0.68242,0.15847,0.73892,1,-62.5,5.0284,924.25,3
76,43.5,0.68242,0.15847,0.73892,1,-64.5,5.8844,923.25,3
77,44.25,0.97555,0.020669999999999997,0.89856,1,-61.5,0.54303,925.75,3
78,44.75,0.62379,0.18143,0.7047100000000001,1,-66.0,0.35128000000000004,922.25,3
79,45.0,0.62379,0.18143,0.7047100000000001,1,-61.5,4.0697,925.25,3
80,46.5,0.69414,0.14698,0.73892,1,-68.0,0.98788,921.25,3
81,46.75,0.69414,0.14698,0.73892,1,-62.5,0.25004,925.75,3
82,47.25,0.65897,0.18143,0.72751,1,-61.0,0.60132,925.25,3
83,47.75,0.57689,0.19292,0.6933,1,-62.5,4.6679,924.75,3
84,48.0,0.57689,0.19292,0.6933,3,-62.0,0.7409100000000001,920.75,3
85,49.0,0.6472399999999999,0.18143,0.71611,4,-56.0,4.8274,921.25,3
86,51.25,0.70587,0.15847,0.76172,4,-55.5,1.6705,921.25,3
87,52.25,0.65897,0.16995,0.73892,1,-62.0,4.1985,925.25,3
88,52.5,0.58862,0.16995,0.6933,1,-64.0,5.4349,923.75,3
89,53.5,0.6472399999999999,0.18143,0.7047100000000001,4,-57.0,5.3766,920.25,3
90,54.0,0.72932,0.1355,0.76172,1,-61.0,0.39884000000000003,925.75,3
91,54.75,0.69414,0.14698,0.73892,3,-58.0,1.3361,925.25,3
92,55.0,0.7176,0.12402,0.77313,1,-62.5,1.4603,924.75,3
93,56.0,0.62379,0.16995,0.7047100000000001,1,-67.0,1.2609,921.25,3
94,57.0,0.7176,0.15847,0.76172,1,-61.5,0.95414,925.25,3
95,57.25,0.7176,0.15847,0.76172,4,-52.5,5.4303,924.75,3
96,58.0,0.78795,0.11254000000000002,0.7845300000000001,1,-63.5,1.7994,924.25,3
97,58.75,0.67069,0.15847,0.72751,1,-66.5,0.8145399999999999,921.75,3
98,59.0,0.67069,0.15847,0.72751,1,-61.5,0.48013999999999996,925.75,3
99,59.5,0.67069,0.15847,0.72751,1,-66.5,0.38195999999999997,922.25,3
100,59.75,0.58862,0.18143,0.6933,1,-62.5,4.5467,924.75,3
101,60.0,0.58862,0.18143,0.6933,1,-64.0,5.3337,923.75,3
102,61.25,0.96383,0.032152999999999994,0.8871600000000001,1,-67.0,0.7808,921.75,3
103,61.5,0.96383,0.032152999999999994,0.8871600000000001,1,-61.5,0.5200199999999999,925.75,3
104,62.0,0.65897,0.15847,0.73892,1,-62.0,0.9894200000000001,925.25,3
105,62.5,0.57689,0.18143,0.6933,1,-64.0,5.4226,923.75,3
106,62.75,0.57689,0.18143,0.6933,4,-56.5,5.1803,920.75,3
107,62.825,0.57689,0.18143,0.6933,1,-63.0,5.0084,924.25,3
108,63.75,0.70587,0.14698,0.76172,1,-67.0,0.78386,921.75,3
109,64.25,0.58862,0.16995,0.6933,1,-66.0,0.3835,922.25,3
110,64.5,0.58862,0.16995,0.6933,1,-62.5,0.99095,925.25,3
111,65.5,1.0107,0.0091865,0.89856,4,-54.0,0.3252,923.25,3
112,65.75,1.0107,0.0091865,0.89856,4,-57.0,5.415,920.25,3
113,66.25,0.70587,0.15847,0.73892,1,-62.0,0.32674000000000003,925.75,3
114,66.75,0.67069,0.16995,0.72751,1,-66.5,0.2393,922.25,3
115,67.0,0.67069,0.16995,0.72751,1,-62.0,0.97408,925.25,3
116,68.0,0.9169299999999999,0.020669999999999997,0.86435,1,-64.5,5.7954,923.25,3
117,68.75,0.67069,0.18143,0.72751,1,-61.0,0.37276,925.75,3
118,74.75,0.72932,0.066602,0.86435,1,-58.5,1.3622,923.75,3
119,179.25,-0.021106,1.0542,0.066138,2,-56.0,5.3567,922.25,2
120,179.75,0.0023451,1.0542,0.054735,2,-55.5,4.8351,923.75,2
121,180.25,0.0023451,1.0542,0.054735,2,-54.5,1.4909999999999999,924.25,2
122,180.5,0.0023451,1.0542,0.054735,2,-58.0,0.059825,920.25,2
123,181.5,0.20168,0.93932,0.16876,2,-55.5,5.2278,922.75,2
124,182.5,0.24858000000000002,0.93932,0.18017,2,-57.5,6.0301,920.75,2
125,182.75,0.24858000000000002,0.93932,0.18017,2,-55.5,4.9824,923.25,2
126,183.25,0.24858000000000002,0.93932,0.18017,2,-57.0,5.7846,921.25,2
127,184.0,0.096148,0.98526,0.10035,2,-56.5,5.4364,922.25,2
128,185.0,0.28376,0.93932,0.21438000000000001,2,-54.5,4.7001,924.25,2
129,185.5,0.28376,0.93932,0.21438000000000001,2,-57.5,0.044485000000000004,920.25,2
130,186.25,0.13132,0.98526,0.13455999999999999,2,-55.5,5.438,922.75,2
131,186.5,0.13132,0.98526,0.13455999999999999,2,-56.0,5.6834,922.25,2
132,186.75,0.13132,0.98526,0.13455999999999999,2,-54.0,1.2287,925.25,2
133,187.5,0.15478,0.97377,0.13455999999999999,2,-54.5,1.6552,924.25,2
134,188.0,0.15478,0.97377,0.13455999999999999,2,-58.0,0.25156999999999996,920.25,2
135,188.5,0.15478,0.97377,0.13455999999999999,2,-56.5,5.9779,921.75,2
136,188.6,0.15478,0.97377,0.13455999999999999,2,-54.0,1.1735,925.75,2
137,189.25,0.27203,0.92784,0.20297,2,-54.0,4.625,925.25,2
138,189.75,0.27203,0.92784,0.20297,2,-54.5,5.2907,923.75,2
139,190.0,0.27203,0.92784,0.20297,2,-54.5,5.0928,924.25,2
140,191.0,0.10787000000000001,0.99674,0.12315,2,-57.0,0.039883999999999996,921.75,2
141,191.75,0.27203,0.92784,0.20297,2,-54.5,5.2109,924.75,2
142,192.0,0.27203,0.92784,0.20297,2,-55.5,5.5898,923.75,2
143,192.25,0.27203,0.92784,0.20297,2,-55.0,5.2125,924.25,2
144,192.75,0.27203,0.92784,0.20297,2,-56.0,5.596,923.25,2
145,193.25,0.27203,0.92784,0.20297,2,-57.0,6.0086,921.75,2
146,193.5,0.27203,0.92784,0.20297,2,-56.0,5.4656,922.75,2
147,194.5,0.072698,1.0197,0.11175,2,-55.5,4.7691,923.75,2
148,195.0,0.072698,1.0197,0.11175,2,-55.0,4.3688,924.25,2
149,195.5,0.072698,1.0197,0.11175,2,-58.0,5.5776,921.25,2
150,196.0,0.072698,1.0197,0.11175,2,-56.5,5.1941,922.75,2
151,196.5,0.072698,1.0197,0.11175,2,-55.0,0.948,925.25,2
152,197.25,0.14305,0.98526,0.15736,2,-55.0,4.7569,924.25,2
153,197.75,0.14305,0.98526,0.15736,2,-58.0,0.21629,920.25,2
154,198.5,0.14305,0.98526,0.15736,2,-56.0,5.5223,922.75,2
155,199.25,0.14305,1.0082,0.14595999999999998,2,-55.5,4.9793,923.75,2
156,199.75,0.14305,1.0082,0.14595999999999998,2,-55.5,4.8044,924.25,2
157,200.25,0.14305,1.0082,0.14595999999999998,2,-58.0,6.0516,921.25,2
158,200.75,0.14305,1.0082,0.14595999999999998,2,-54.5,0.9986200000000001,925.75,2
159,201.25,0.14305,1.0082,0.14595999999999998,2,-56.0,5.6589,922.25,2
160,201.75,0.13132,0.99674,0.14595999999999998,2,-55.0,5.1818,923.75,2
161,202.25,0.13132,0.99674,0.14595999999999998,2,-55.5,5.5315,923.25,2
162,203.25,0.28376,0.92784,0.22578,2,-56.5,6.0853,922.75,2
163,203.75,0.28376,0.92784,0.22578,2,-54.0,4.9762,925.25,2
164,211.0,0.27203,0.9048700000000001,0.24859,4,-55.5,5.7248,925.25,1
165,211.5,0.58862,0.11254000000000002,0.80733,4,-55.5,1.7917,923.75,3
166,212.0,0.58862,0.11254000000000002,0.80733,1,-67.0,5.757000000000001,924.25,3
167,213.0,0.58862,0.11254000000000002,0.80733,1,-64.0,3.9577,925.75,3
168,213.5,0.58862,0.11254000000000002,0.80733,4,-57.0,5.306,922.25,3
169,214.0,0.78795,0.12402,0.6705,4,-55.0,1.4312,923.75,3
170,214.08,0.78795,0.12402,0.6705,4,-58.0,0.28685,920.75,3
171,214.25,0.78795,0.12402,0.6705,1,-63.0,5.4027,924.25,3
172,214.75,0.78795,0.12402,0.6705,4,-55.0,5.0483,923.25,3
173,215.0,0.78795,0.12402,0.6705,4,-57.5,6.2065,921.25,3
174,215.25,0.78795,0.12402,0.6705,4,-57.0,5.9104,921.75,3
175,215.75,1.0225,0.05511900000000001,0.7845300000000001,4,-56.5,2.0601,922.75,3
176,216.0,1.0225,0.05511900000000001,0.7845300000000001,4,-56.5,5.5116,922.25,3
177,216.1,1.0225,0.05511900000000001,0.7845300000000001,4,-54.5,0.37889,925.25,3
178,216.25,1.0225,0.05511900000000001,0.7845300000000001,1,-62.5,4.7308,924.75,3
179,217.0,0.87003,0.1355,0.6933,4,-55.0,1.0477,924.25,3
180,217.1,0.87003,0.1355,0.6933,4,-55.5,1.6858,923.25,3
181,217.25,0.87003,0.1355,0.6933,4,-58.5,0.39884000000000003,920.25,3
182,217.5,0.87003,0.1355,0.6933,1,-67.0,0.83142,921.75,3
183,218.25,0.77622,0.15847,0.64769,4,-56.0,5.4288,922.25,3
184,219.0,0.9403799999999999,0.08956900000000001,0.73892,1,-64.5,2.2427,923.75,3
185,219.75,0.79967,0.16995,0.6362899999999999,4,-58.0,5.961,921.25,3
186,220.5,0.70587,0.2044,0.59068,4,-56.0,5.0529,922.75,3
187,220.75,0.70587,0.2044,0.59068,4,-56.0,5.3551,922.25,3
188,221.25,0.7176,0.19292,0.59068,1,-63.5,5.3873,923.75,3
189,222.0,0.9169299999999999,0.08956900000000001,0.72751,1,-65.0,5.7187,923.25,3
190,222.5,0.9169299999999999,0.08956900000000001,0.72751,4,-57.0,5.6282,921.75,3
191,223.0,0.9521,0.08956900000000001,0.71611,1,-67.0,0.20402,922.25,3
192,223.5,0.9521,0.08956900000000001,0.71611,1,-63.0,4.539,924.75,3
193,223.75,0.9521,0.08956900000000001,0.71611,4,-55.5,1.2318,923.75,3
194,224.25,0.7645,0.19292,0.6020800000000001,4,-55.0,4.6802,923.25,3
195,224.75,0.7645,0.19292,0.6020800000000001,4,-57.0,5.938,921.25,3
196,225.5,0.74105,0.2044,0.59068,4,-56.0,4.9578,922.75,3
197,226.0,0.74105,0.2044,0.59068,1,-64.5,5.2201,923.75,3
198,226.5,0.74105,0.2044,0.59068,4,-55.5,0.8467600000000001,924.25,3
199,227.25,0.8465799999999999,0.14698,0.64769,4,-57.5,5.912000000000001,921.25,3
200,227.75,0.8114,0.15847,0.6362899999999999,4,-56.0,4.9594,922.75,3
201,228.0,0.8114,0.15847,0.6362899999999999,4,-55.5,2.1752,922.25,3
202,228.5,0.70587,0.2044,0.57927,4,-54.5,0.48627,924.75,3
203,228.58,0.70587,0.2044,0.57927,4,-55.0,1.1934,923.75,3
204,228.75,0.70587,0.2044,0.57927,4,-58.0,6.1896,920.75,3
205,229.0,0.70587,0.2044,0.57927,4,-55.0,0.8467600000000001,924.25,3
206,229.25,0.70587,0.2044,0.57927,4,-56.0,1.4834,923.25,3
207,230.0,0.9872799999999999,0.078086,0.71611,1,-62.5,3.611,925.75,3
208,230.75,0.7176,0.2044,0.57927,1,-63.0,4.4777,924.75,3
209,231.0,0.7176,0.2044,0.57927,4,-55.0,1.1812,923.75,3
210,231.5,0.9521,0.10105,0.71611,4,-55.5,4.6418,923.25,3
211,232.25,0.9521,0.10105,0.71611,1,-67.5,0.48781,921.75,3
