,time,frontal,vertical,lateral,id,rssi,phase,freq,label
0,0.0,0.60034,0.8359700000000001,0.12315,4,-56.0,5.7984,925.75,1
1,0.025,0.60034,0.8359700000000001,0.12315,4,-56.0,4.2261,924.25,1
2,0.5,0.60034,0.8359700000000001,0.12315,4,-56.5,5.2217,923.25,1
3,0.75,0.60034,0.8359700000000001,0.12315,4,-56.5,4.5943,923.75,1
4,1.0,0.60034,0.8359700000000001,0.12315,4,-56.0,3.6447,924.75,1
5,1.05,0.60034,0.8359700000000001,0.12315,4,-58.5,0.8145399999999999,921.25,1
6,1.5,0.60034,0.8359700000000001,0.12315,4,-56.5,6.2663,925.25,1
7,2.25,0.62379,0.84746,0.14595999999999998,4,-56.5,5.8107,925.75,1
8,2.5,0.62379,0.84746,0.14595999999999998,4,-56.5,4.2905,924.25,1
9,2.75,0.62379,0.84746,0.14595999999999998,4,-57.0,5.2155,923.25,1
10,3.25,0.62379,0.84746,0.14595999999999998,4,-56.5,4.7339,923.75,1
11,3.5,0.62379,0.84746,0.14595999999999998,1,-65.0,6.1712,921.25,1
12,4.5,0.61207,0.8704200000000001,0.13455999999999999,4,-57.5,6.096,922.25,1
13,5.0,0.61207,0.8704200000000001,0.13455999999999999,4,-56.5,5.7923,925.75,1
14,5.075,0.61207,0.8704200000000001,0.13455999999999999,4,-56.0,4.2215,924.25,1
15,5.75,0.61207,0.8704200000000001,0.13455999999999999,4,-57.0,4.6924,923.75,1
16,6.25,0.49481,0.9163600000000001,0.066138,4,-57.5,5.5714,922.75,1
17,6.75,0.49481,0.9163600000000001,0.066138,1,-64.5,5.6773,921.75,1
18,7.25,0.49481,0.9163600000000001,0.066138,4,-56.0,5.7754,925.75,1
19,7.5,0.49481,0.9163600000000001,0.066138,4,-56.0,4.1786,924.25,1
20,7.75,0.49481,0.9163600000000001,0.066138,1,-62.5,1.1996,923.25,1
21,8.25,0.49481,0.9163600000000001,0.066138,4,-56.0,0.32674000000000003,924.75,1
22,9.25,0.6472399999999999,0.84746,0.12315,4,-58.5,0.076699,921.75,1
23,9.75,0.6472399999999999,0.84746,0.12315,1,-61.5,5.2631,925.75,1
24,10.0,0.6472399999999999,0.84746,0.12315,4,-57.0,4.3657,923.25,1
25,10.5,0.6472399999999999,0.84746,0.12315,4,-57.0,0.76852,923.75,1
26,12.0,0.69414,0.80152,0.12315,1,-65.5,2.1997,922.25,1
27,12.5,0.69414,0.80152,0.12315,4,-56.0,3.9837,924.25,1
28,13.5,0.65897,0.8359700000000001,0.15736,4,-57.5,5.441,922.75,1
29,13.75,0.65897,0.8359700000000001,0.15736,4,-56.0,0.0061359,925.25,1
30,14.25,0.65897,0.8359700000000001,0.15736,4,-58.0,6.1497,922.25,1
31,14.75,0.65897,0.8359700000000001,0.15736,4,-56.0,5.6865,925.75,1
32,15.0,0.65897,0.8359700000000001,0.15736,4,-56.5,5.167999999999999,923.25,1
33,15.5,0.65897,0.8359700000000001,0.15736,1,-63.0,1.1566,923.75,1
34,16.5,0.72932,0.79004,0.14595999999999998,4,-59.0,0.18868,921.75,1
35,17.0,0.72932,0.79004,0.14595999999999998,4,-56.0,2.5756,925.75,1
36,17.25,0.72932,0.79004,0.14595999999999998,4,-56.5,4.0957,924.25,1
37,17.75,0.72932,0.79004,0.14595999999999998,4,-56.5,4.4915,923.75,1
38,18.25,0.72932,0.79004,0.14595999999999998,4,-57.5,5.484,922.75,1
39,19.25,0.6472399999999999,0.8589399999999999,0.10035,1,-65.0,2.3347,922.25,1
40,20.25,0.6472399999999999,0.8589399999999999,0.10035,1,-62.5,1.06,923.75,1
41,21.25,0.56517,0.8819100000000001,0.066138,4,-56.5,5.9304,925.25,1
42,22.5,0.56517,0.8819100000000001,0.066138,4,-60.5,5.1879,920.25,1
43,22.75,0.56517,0.8819100000000001,0.066138,3,-56.5,0.67495,923.75,1
44,23.5,0.72932,0.10105,0.79593,4,-56.0,5.2616,925.25,3
45,24.0,0.7645,-0.25493000000000005,0.6933,4,-56.5,6.1022,921.75,3
46,24.075,0.7645,-0.25493000000000005,0.6933,3,-59.0,0.60592,922.25,3
47,24.75,0.7645,-0.25493000000000005,0.6933,3,-61.5,6.1881,923.25,3
48,75.5,0.56517,-0.31234,0.89856,4,-59.5,5.5515,924.25,3
