,time,frontal,vertical,lateral,id,rssi,phase,freq,label
0,0.0,0.9169299999999999,0.2044,0.57927,4,-57.5,0.83449,921.25,3
1,0.25,0.9169299999999999,0.2044,0.57927,1,-61.5,1.06,925.75,3
2,0.75,0.9169299999999999,0.2044,0.57927,1,-65.5,3.8779,922.25,3
3,1.0,0.9169299999999999,0.2044,0.57927,1,-62.5,1.8469,924.75,3
4,2.25,0.8231200000000001,0.26182,0.49945,1,-67.0,5.26,920.25,3
5,3.25,0.8583,0.26182,0.53366,4,-56.5,0.1488,922.25,3
6,3.5,0.8583,0.26182,0.53366,1,-61.5,1.4742,925.25,3
7,4.25,0.83485,0.2733,0.5108600000000001,4,-56.0,5.7616,923.25,3
8,4.75,0.83485,0.2733,0.5108600000000001,1,-67.5,5.1281,920.25,3
9,5.275,0.83485,0.2733,0.5108600000000001,1,-61.5,1.0063,925.75,3
10,5.5,0.83485,0.2733,0.5108600000000001,1,-65.0,0.69489,922.25,3
11,6.25,0.9403799999999999,0.2044,0.55647,4,-55.0,5.4027,923.75,3
12,6.5,0.9403799999999999,0.2044,0.55647,4,-55.0,5.0836,924.25,3
13,6.75,0.9403799999999999,0.2044,0.55647,4,-56.0,5.6957,923.25,3
14,7.25,0.9403799999999999,0.2044,0.55647,4,-58.0,0.7255699999999999,921.25,3
15,8.0,0.9403799999999999,0.2044,0.56787,1,-65.0,0.61359,922.25,3
16,8.5,0.9403799999999999,0.2044,0.56787,1,-62.0,4.9026,924.75,3
17,9.5,0.8231200000000001,0.2733,0.49945,1,-67.0,5.0959,920.25,3
18,10.0,0.8231200000000001,0.2733,0.49945,1,-61.5,1.0094,925.75,3
19,10.5,0.8231200000000001,0.2733,0.49945,1,-65.5,0.53689,922.25,3
20,10.75,0.8231200000000001,0.2733,0.49945,1,-62.5,1.8162,924.75,3
21,12.0,0.9403799999999999,0.22737,0.56787,1,-67.5,5.0192,920.25,3
22,12.5,0.9403799999999999,0.22737,0.56787,1,-61.0,4.0374,925.75,3
23,12.75,0.9403799999999999,0.22737,0.56787,4,-56.0,0.046019,922.25,3
24,13.0,0.9403799999999999,0.22737,0.56787,1,-61.0,1.3131,925.25,3
25,13.5,0.8231200000000001,0.28478000000000003,0.48805,4,-58.0,0.88971,920.75,3
26,14.0,0.8231200000000001,0.28478000000000003,0.48805,1,-64.0,5.9933,923.25,3
27,15.0,1.0107,0.18143,0.6020800000000001,1,-64.5,0.19328,922.75,3
28,16.0,0.78795,0.28478000000000003,0.48805,1,-63.5,5.7171,923.75,3
29,17.25,0.87003,0.21588000000000002,0.57927,4,-56.0,0.94647,921.75,3
30,17.75,1.128,0.12402,0.6819,1,-64.0,3.9684,922.25,3
31,18.0,1.128,0.12402,0.6819,1,-60.0,1.4803,925.25,3
32,18.5,0.8114,0.2733,0.5108600000000001,4,-57.5,1.2931,920.75,3
33,19.0,0.8114,0.2733,0.5108600000000001,4,-55.5,5.9212,923.25,3
34,19.25,0.8114,0.2733,0.5108600000000001,4,-57.0,0.9587399999999999,921.25,3
35,20.0,0.9872799999999999,0.15847,0.62489,4,-56.0,6.2418,922.75,3
36,20.5,1.0576,0.16995,0.6362899999999999,1,-61.0,4.9609,924.75,3
37,21.25,0.78795,0.28478000000000003,0.49945,1,-62.5,6.1528,923.25,3
38,21.75,0.78795,0.28478000000000003,0.49945,1,-65.0,4.582,921.25,3
39,22.5,0.8583,0.2733,0.54506,4,-56.5,0.25464000000000003,922.25,3
40,22.75,0.8583,0.2733,0.54506,1,-60.0,4.5513,925.25,3
41,23.0,0.8583,0.2733,0.54506,1,-60.0,1.7963,924.75,3
42,23.75,1.0694,0.15847,0.6362899999999999,1,-60.5,2.2212,924.25,3
43,24.0,1.0694,0.15847,0.6362899999999999,4,-57.5,1.4665,920.25,3
44,24.25,1.0694,0.15847,0.6362899999999999,1,-65.0,1.4419,921.25,3
45,25.0,0.8231200000000001,0.28478000000000003,0.5108600000000001,4,-56.0,6.1758,922.75,3
46,25.75,0.88175,0.23885,0.53366,4,-57.0,1.1505,920.75,3
47,26.5,0.8231200000000001,0.2733,0.5108600000000001,4,-58.0,1.4419,920.25,3
48,26.75,0.8231200000000001,0.2733,0.5108600000000001,4,-56.5,0.5476300000000001,921.75,3
49,27.25,0.88175,0.23885,0.55647,1,-64.5,0.17794000000000001,922.75,3
50,28.0,0.8114,0.2733,0.48805,1,-63.0,2.5525,923.75,3
51,28.5,0.8114,0.2733,0.48805,4,-55.0,5.122000000000001,924.25,3
52,28.75,0.8114,0.2733,0.48805,4,-56.0,5.8,923.25,3
53,29.25,0.8114,0.2733,0.48805,4,-58.0,3.9377,921.25,3
54,29.75,0.74105,0.28478000000000003,0.47665,1,-64.0,0.2347,922.75,3
55,30.5,0.78795,0.28478000000000003,0.48805,4,-55.5,5.4548,923.75,3
56,31.0,0.78795,0.28478000000000003,0.48805,1,-64.0,6.0316,923.25,3
57,32.25,1.0342,0.15847,0.61348,1,-64.5,0.13652,922.75,3
58,33.0,0.79967,0.28478000000000003,0.47665,1,-63.5,5.5929,923.75,3
59,33.5,0.79967,0.28478000000000003,0.47665,4,-56.0,5.7724,923.25,3
60,34.0,0.79967,0.28478000000000003,0.47665,4,-57.5,0.4694,921.75,3
61,34.25,0.79967,0.28478000000000003,0.47665,1,-61.0,0.85136,925.75,3
62,35.25,0.88175,0.23885,0.53366,1,-61.5,4.8873,924.75,3
63,35.5,0.88175,0.23885,0.53366,4,-58.0,1.0523,920.75,3
64,36.5,0.9052,0.21588000000000002,0.56787,1,-66.0,4.131,921.75,3
65,37.0,0.9052,0.21588000000000002,0.56787,4,-56.5,6.096,922.75,3
66,38.0,0.83485,0.26182,0.48805,1,-63.5,5.7785,923.75,3
67,39.0,0.9052,0.22737,0.55647,4,-57.5,0.40957,921.75,3
68,39.5,0.9052,0.22737,0.55647,4,-56.5,6.0991,922.75,3
69,40.0,0.87003,0.26182,0.5222600000000001,4,-54.5,4.7231,924.75,3
70,40.25,0.87003,0.26182,0.5222600000000001,4,-55.5,5.395,923.75,3
71,40.75,0.87003,0.26182,0.5222600000000001,1,-62.5,5.2907,924.25,3
72,41.25,0.87003,0.26182,0.5222600000000001,4,-58.5,1.3484,920.25,3
73,42.0,1.0928,0.1355,0.62489,1,-65.0,0.33748,922.75,3
74,42.5,1.0928,0.1355,0.62489,1,-62.0,1.7349,924.75,3
75,43.75,0.92865,0.21588000000000002,0.55647,4,-57.0,0.84216,921.25,3
76,44.0,0.92865,0.21588000000000002,0.55647,4,-57.0,0.43105,921.75,3
77,44.25,0.92865,0.21588000000000002,0.55647,1,-60.5,0.7639199999999999,925.75,3
78,44.5,0.92865,0.21588000000000002,0.55647,4,-56.5,0.14265999999999998,922.25,3
79,44.75,0.92865,0.21588000000000002,0.55647,1,-61.5,4.6878,925.25,3
80,45.0,0.92865,0.21588000000000002,0.55647,1,-63.5,5.6635,923.75,3
81,45.5,0.92865,0.21588000000000002,0.55647,1,-62.5,5.3827,924.25,3
82,46.5,0.9521,0.19292,0.56787,1,-61.0,4.1279,925.75,3
83,47.0,0.9521,0.19292,0.56787,4,-56.5,0.14265999999999998,922.25,3
84,47.75,1.1045,0.14698,0.6362899999999999,1,-66.5,4.7538,920.75,3
85,48.5,1.1045,0.14698,0.6362899999999999,1,-67.0,5.099,920.25,3
86,49.5,1.1045,0.1355,0.6362899999999999,1,-60.0,5.1036,925.25,3
87,50.0,0.77622,0.2733,0.54506,1,-60.5,5.6251,924.75,3
88,50.25,0.77622,0.2733,0.54506,1,-65.0,5.1189,920.75,3
89,50.75,0.77622,0.2733,0.49945,1,-66.0,5.9626,920.25,3
90,51.25,0.77622,0.2733,0.49945,1,-64.5,1.5999,921.75,3
91,51.75,0.7645,0.28478000000000003,0.54506,1,-64.0,4.0282,922.75,3
92,53.25,0.78795,0.28478000000000003,0.53366,4,-57.0,1.7395,920.25,3
93,53.5,0.78795,0.28478000000000003,0.53366,1,-65.0,4.9839,921.25,3
94,54.0,0.7527699999999999,0.30775,0.5108600000000001,1,-63.5,0.72097,922.75,3
95,55.0,0.70587,0.19292,0.6020800000000001,1,-69.0,1.7856,920.75,3
96,55.75,0.70587,0.2044,0.72751,4,-58.0,0.61973,920.25,3
97,56.0,0.70587,0.2044,0.72751,4,-57.5,5.6987,921.75,3
98,56.5,0.70587,0.2044,0.72751,4,-56.5,5.8368,925.75,3
99,58.75,0.70587,0.2044,0.72751,1,-55.0,1.0124,925.75,3
100,59.25,0.70587,0.2044,0.72751,1,-57.0,1.287,922.25,3
101,61.25,0.096148,0.89339,0.14595999999999998,2,-46.5,1.7119,925.75,4
102,61.5,-0.032831,0.99674,0.066138,2,-48.5,4.7446,922.75,4
103,61.575,-0.091458,0.96229,0.14595999999999998,2,-47.0,0.047553,922.25,4
104,61.75,-0.32597,0.9048700000000001,0.054735,2,-44.5,5.9058,925.25,4
105,61.85,-0.37287,1.0197,-0.082102,2,-45.0,6.1022,925.25,4
106,62.0,-0.31424,1.0542,-0.025087,2,-44.5,6.004,925.25,4
107,62.25,-0.45495,1.0082,-0.036489999999999995,2,-45.0,6.0838,923.75,4
108,62.35,-0.39632,0.97377,0.13455999999999999,2,-48.0,5.0437,923.75,4
109,62.75,0.10787000000000001,0.76708,0.3056,2,-55.5,5.8138,924.25,4
110,64.0,-0.30251999999999996,0.9048700000000001,0.12315,2,-57.0,6.1144,922.25,2
111,64.5,-0.30251999999999996,0.9048700000000001,0.12315,2,-55.5,4.5667,924.75,2
112,160.0,1.0107,-0.036746,0.84154,4,-57.5,3.8119,920.75,3
113,160.5,0.74105,0.11254000000000002,0.61348,4,-57.5,4.1111,920.25,3
114,160.75,0.74105,0.11254000000000002,0.61348,4,-57.0,0.33134,921.25,3
115,161.0,0.74105,0.11254000000000002,0.61348,4,-56.5,6.2786,921.75,3
116,161.5,0.74105,0.14698,0.6591,4,-55.5,5.5193,922.75,3
117,162.25,0.8231200000000001,0.08956900000000001,0.72751,4,-55.0,5.0299,923.75,3
118,162.5,0.8231200000000001,0.08956900000000001,0.72751,4,-57.5,0.6872199999999999,920.75,3
119,163.0,0.7645,0.12402,0.71611,4,-58.0,4.0957,920.25,3
120,163.5,0.7645,0.12402,0.71611,4,-57.5,6.2034,921.75,3
121,163.75,0.7645,0.12402,0.71611,1,-62.0,4.875,925.75,3
122,164.0,0.7645,0.12402,0.71611,4,-56.0,2.4804,922.75,3
123,164.25,0.7645,0.12402,0.71611,4,-57.0,5.8982,922.25,3
124,164.5,0.83485,0.10105,0.72751,4,-55.0,1.1121,924.75,3
125,164.75,0.83485,0.10105,0.72751,3,-58.0,0.44638999999999995,923.75,3
126,165.0,0.83485,0.10105,0.72751,4,-58.5,0.4648,920.75,3
127,165.1,0.83485,0.10105,0.72751,4,-55.0,4.5636,924.25,3
128,165.25,0.83485,0.10105,0.72751,1,-67.5,0.49394,923.25,3
129,166.0,0.83485,0.10105,0.72751,4,-57.5,6.2586,921.75,3
130,166.25,0.77622,0.11254000000000002,0.71611,4,-56.5,2.4329,922.75,3
131,166.5,0.77622,0.11254000000000002,0.71611,4,-56.5,5.8537,922.25,3
132,166.75,0.77622,0.11254000000000002,0.71611,3,-56.5,6.0976,925.25,3
133,166.83,0.77622,0.11254000000000002,0.71611,4,-55.0,1.2594,924.75,3
134,167.0,0.77622,0.11254000000000002,0.71611,3,-58.0,3.792,923.75,3
135,168.0,0.7527699999999999,0.12402,0.6362899999999999,3,-57.0,4.7615,921.25,3
136,168.25,0.7527699999999999,0.12402,0.6362899999999999,4,-65.0,4.852,921.75,3
137,168.75,0.7527699999999999,0.12402,0.6362899999999999,3,-56.0,0.8743700000000001,922.75,3
138,169.0,0.7527699999999999,0.12402,0.6362899999999999,4,-65.5,4.7032,922.25,3
139,169.5,0.7527699999999999,0.12402,0.6362899999999999,3,-54.5,6.1436,924.75,3
140,169.58,0.7527699999999999,0.12402,0.6362899999999999,4,-62.5,3.7659,923.75,3
141,170.75,1.0107,0.05511900000000001,0.83014,3,-54.5,5.9871,925.75,3
142,171.25,1.0107,0.05511900000000001,0.83014,4,-59.5,1.8101,922.75,3
143,171.5,1.0107,0.05511900000000001,0.83014,3,-55.5,5.8997,925.25,3
144,172.0,0.7527699999999999,0.16995,0.6933,3,-57.0,0.66728,923.75,3
145,172.5,0.7527699999999999,0.16995,0.6933,4,-59.0,0.5261600000000001,924.25,3
146,173.0,0.7527699999999999,0.16995,0.6933,4,-60.5,5.5208,921.25,3
147,173.5,0.7527699999999999,0.16995,0.6933,4,-55.0,5.8797,925.75,3
148,173.75,0.7527699999999999,0.16995,0.6933,4,-56.5,1.6076,922.75,3
149,174.0,0.7527699999999999,0.16995,0.6933,4,-56.5,6.185,925.25,3
150,174.25,0.7527699999999999,0.16995,0.6933,4,-56.0,0.05215499999999999,924.75,3
151,174.75,0.7527699999999999,0.16995,0.6933,4,-58.0,5.9902,920.75,3
152,175.75,0.78795,0.078086,0.79593,4,-57.0,5.7432,925.75,3
153,176.25,0.78795,0.078086,0.79593,4,-59.5,1.7135,922.25,3
154,176.5,0.78795,0.078086,0.79593,4,-57.0,6.274,924.75,3
155,177.25,0.78795,0.078086,0.79593,4,-58.5,0.64427,924.25,3
156,178.25,0.78795,0.078086,0.79593,3,-59.5,6.1405,925.75,3
157,178.75,0.78795,0.078086,0.79593,3,-59.0,6.0868,925.25,3
158,179.0,0.78795,0.078086,0.79593,4,-55.0,0.59672,924.75,3
159,179.75,0.8231200000000001,0.1355,0.64769,3,-60.0,0.3927,924.25,3
160,180.0,0.8231200000000001,0.1355,0.64769,4,-59.5,3.3886,920.25,3
161,180.5,0.8231200000000001,0.1355,0.64769,1,-64.0,1.4281,925.75,3
162,181.0,0.8231200000000001,0.1355,0.64769,4,-57.0,2.0525,922.25,3
163,181.5,0.8231200000000001,0.1355,0.64769,1,-65.0,5.0177,924.75,3
164,181.75,0.8231200000000001,0.1355,0.64769,4,-58.0,6.0101,920.75,3
165,182.5,0.88175,0.11254000000000002,0.6819,4,-58.5,0.029146,920.25,3
166,183.0,0.88175,0.11254000000000002,0.6819,4,-57.0,5.417999999999999,921.75,3
167,183.25,0.88175,0.11254000000000002,0.6819,1,-64.5,4.3366,925.75,3
168,183.75,0.88175,0.11254000000000002,0.6819,4,-55.0,0.024544,925.25,3
169,184.5,0.8114,0.14698,0.64769,4,-56.0,0.65194,924.25,3
170,185.0,0.8114,0.14698,0.64769,3,-64.5,5.0683,920.25,3
171,186.25,1.0811,0.032152999999999994,0.7845300000000001,4,-55.5,0.099709,925.25,3
172,187.5,0.8583,0.12402,0.6819,3,-64.0,1.4834,921.25,3
173,188.0,0.8583,0.12402,0.6819,4,-54.5,5.9534,925.75,3
174,188.5,0.8583,0.12402,0.6819,3,-64.0,1.0723,922.25,3
175,189.5,0.8114,0.1355,0.6591,4,-55.5,0.6872199999999999,924.25,3
176,189.75,0.8114,0.1355,0.6591,4,-56.5,1.2594,923.25,3
177,190.25,0.8114,0.1355,0.6591,4,-55.0,5.8353,925.75,3
178,190.5,0.8114,0.1355,0.6591,4,-57.0,1.5156,922.75,3
179,191.5,0.88175,0.12402,0.6819,4,-56.0,0.9786799999999999,923.75,3
180,192.0,0.88175,0.12402,0.6819,4,-55.5,1.3545,923.25,3
181,192.5,0.88175,0.12402,0.6819,4,-57.5,2.4743,921.25,3
182,193.25,0.8114,0.18143,0.62489,4,-57.0,1.8116,922.25,3
183,193.5,0.8114,0.18143,0.62489,4,-56.0,0.20095,924.75,3
184,193.75,0.8114,0.18143,0.62489,4,-56.0,0.8743700000000001,923.75,3
185,194.25,0.8114,0.18143,0.62489,4,-55.5,0.5706399999999999,924.25,3
186,194.75,0.8114,0.18143,0.62489,4,-59.5,0.2485,920.25,3
187,195.5,0.8114,0.18143,0.62489,1,-63.0,0.0061359,925.75,3
188,196.0,1.0225,0.2733,0.6591,3,-56.5,5.2754,924.75,3
189,196.25,1.0225,0.2733,0.6591,4,-55.5,2.4712,924.75,3
190,196.35,1.0225,0.2733,0.6591,1,-59.0,1.6552,923.75,3
191,196.5,1.0225,0.2733,0.6591,3,-56.5,4.9256,920.75,3
192,196.75,1.0225,0.2733,0.6591,4,-56.5,6.0331,924.25,3
193,196.83,1.0225,0.2733,0.6591,4,-56.5,6.2341,924.25,3
194,197.25,0.9403799999999999,0.35368,-0.025087,4,-65.5,4.8044,921.25,3
195,197.75,0.9403799999999999,0.35368,-0.025087,4,-56.0,0.32981,925.75,3
196,197.85,0.9403799999999999,0.35368,-0.025087,4,-55.5,0.36816,925.75,3
197,198.0,0.9403799999999999,0.35368,-0.025087,4,-57.5,5.5745,922.75,3
198,198.1,0.9403799999999999,0.35368,-0.025087,4,-56.5,0.24083000000000002,922.25,3
199,198.25,0.8465799999999999,-0.0022965999999999998,0.020525,4,-54.0,5.3567,925.25,3
200,198.5,0.8465799999999999,-0.0022965999999999998,0.020525,3,-55.0,1.2195,924.75,3
201,198.75,0.8465799999999999,-0.0022965999999999998,0.020525,4,-56.5,6.1298,923.75,3
202,199.0,1.3625,0.2044,0.10035,4,-58.5,0.9203899999999999,920.75,3
203,199.08,1.3625,0.2044,0.10035,4,-55.5,5.1097,924.25,3
204,199.25,1.3625,0.2044,0.10035,4,-55.5,5.056,924.25,3
205,199.75,1.1397,0.2044,0.043332,4,-59.0,0.49241,921.25,3
206,200.25,1.1163,0.19292,0.020525,4,-58.5,5.6681,922.75,3
207,200.75,1.1163,0.2044,0.031928,3,-51.0,0.78386,925.25,3
208,201.0,0.97555,0.26182,-0.036489999999999995,4,-56.5,1.2855,924.75,3
209,201.1,0.97555,0.26182,-0.036489999999999995,4,-56.0,4.5084,924.75,3
210,201.25,0.97555,0.26182,-0.036489999999999995,4,-57.5,5.0928,923.75,3
211,201.75,1.1514,0.16995,0.043332,4,-57.0,4.855,924.25,3
212,202.0,1.1514,0.16995,0.043332,4,-60.5,0.90812,920.25,3
213,202.5,1.2101,0.15847,0.077541,4,-59.5,6.2264,921.75,3
214,202.75,1.2101,0.15847,0.077541,4,-56.0,3.7813,925.75,3
215,203.25,0.8934799999999999,0.29627,-0.047893,3,-51.5,0.88664,924.75,3
216,203.75,1.1632,0.19292,0.031928,4,-57.5,5.0023,923.75,3
217,203.85,1.1632,0.19292,0.031928,4,-60.0,0.54303,920.75,3
218,204.0,1.1632,0.19292,0.031928,4,-57.0,4.7691,924.25,3
219,204.25,1.1632,0.19292,0.031928,4,-58.0,2.2119999999999997,923.25,3
220,204.5,1.1632,0.19292,0.031928,4,-60.0,0.90812,920.25,3
221,205.0,1.0694,0.22737,0.0091224,4,-55.5,3.8211,925.75,3
222,205.1,1.0694,0.22737,0.0091224,4,-55.5,3.8012,925.75,3
223,205.5,1.1632,0.18143,0.043332,4,-59.0,5.8797,922.25,3
224,205.75,1.2335,0.15847,0.08894400000000001,4,-56.5,4.3872,924.75,3
225,206.25,1.2921,0.14698,0.08894400000000001,4,-60.0,0.50008,920.75,3
226,206.5,1.2921,0.14698,0.08894400000000001,4,-57.0,4.7201,924.25,3
227,206.6,1.2921,0.14698,0.08894400000000001,4,-57.5,5.3137,923.25,3
228,207.0,1.0342,0.23885,-0.0022806,4,-59.5,0.26691,921.25,3
229,207.25,1.0342,0.23885,-0.0022806,4,-59.0,6.2264,921.75,3
230,207.5,1.0342,0.23885,-0.0022806,4,-55.5,0.6872199999999999,925.75,3
231,208.0,1.0342,0.23885,-0.013684,4,-58.5,5.9135,922.25,3
232,208.1,1.0342,0.23885,-0.013684,4,-55.5,0.96334,925.25,3
233,208.25,1.0342,0.23885,-0.013684,4,-56.0,4.0881,925.25,3
234,208.33,1.0342,0.23885,-0.013684,4,-56.0,4.3289,924.75,3
235,208.5,1.0342,0.23885,-0.013684,4,-56.5,4.9486,923.75,3
236,209.0,1.3156,0.15847,0.12315,4,-57.0,5.2493,923.25,3
237,209.25,1.3156,0.15847,0.12315,4,-60.0,0.77159,920.25,3
238,210.25,1.1163,0.19292,0.020525,4,-58.0,5.6343,922.75,3
239,210.5,1.1163,0.19292,0.020525,4,-59.0,5.9549,922.25,3
240,211.25,1.0928,0.22737,0.020525,4,-57.0,4.5713,924.25,3
241,211.5,1.0928,0.22737,0.020525,4,-57.0,4.513,924.25,3
242,212.0,1.0576,0.25033,-0.0022806,4,-59.5,6.2786,921.25,3
243,213.0,1.2101,0.16995,0.066138,4,-56.5,0.82988,925.25,3
244,213.5,0.9872799999999999,0.2733,-0.036489999999999995,4,-57.5,4.8244,923.75,3
245,213.75,0.9872799999999999,0.2733,-0.036489999999999995,4,-57.5,4.5038,924.25,3
246,213.83,0.9872799999999999,0.2733,-0.036489999999999995,4,-58.0,1.3729,924.25,3
247,214.25,0.96383,0.29627,-0.036489999999999995,4,-61.0,0.68876,920.25,3
248,214.5,0.96383,0.29627,-0.036489999999999995,4,-59.5,6.0531,921.75,3
249,215.0,1.1749,0.2044,0.043332,4,-56.0,0.41263999999999995,925.75,3
250,215.1,1.1749,0.2044,0.043332,4,-58.5,5.4625,922.75,3
251,215.5,1.2452,0.15847,0.08894400000000001,4,-56.0,4.0681,925.25,3
252,215.75,1.2452,0.15847,0.08894400000000001,4,-57.0,4.3826,924.75,3
253,215.83,1.2452,0.15847,0.08894400000000001,4,-57.5,5.0069,923.75,3
254,216.25,1.0811,0.2044,0.0091224,4,-57.5,4.694,924.25,3
255,216.5,1.0811,0.2044,0.0091224,4,-58.0,5.2938,923.25,3
256,216.75,1.0811,0.2044,0.0091224,4,-60.5,0.7854,920.25,3
257,217.25,1.0107,0.2733,-0.036489999999999995,4,-56.0,0.57524,925.75,3
258,218.25,1.0576,0.22737,0.0091224,4,-58.0,5.0054,923.75,3
259,218.75,1.1514,0.15847,0.054735,4,-56.5,4.8167,924.25,3
260,219.0,1.1514,0.15847,0.054735,4,-58.0,5.3367,923.25,3
261,219.25,1.1514,0.15847,0.054735,4,-60.0,0.8436899999999999,920.25,3
262,219.5,1.1514,0.15847,0.054735,4,-59.0,6.1651,921.75,3
263,219.58,1.1514,0.15847,0.054735,4,-56.0,0.5415,925.75,3
264,219.75,1.1514,0.15847,0.054735,1,-64.0,1.8945,925.75,3
265,220.25,1.1632,0.19292,0.054735,4,-58.5,5.7984,922.25,3
266,220.5,1.1163,0.21588000000000002,0.043332,4,-56.5,4.2629,924.75,3
267,221.0,1.2218,0.18143,0.08894400000000001,4,-60.0,0.40037,920.75,3
268,221.25,1.2218,0.18143,0.08894400000000001,4,-57.0,1.4496,924.25,3
269,221.5,0.9872799999999999,0.28478000000000003,-0.025087,4,-60.0,0.86056,920.25,3
270,222.0,0.9872799999999999,0.28478000000000003,-0.025087,4,-59.5,6.185,921.75,3
271,222.1,0.9872799999999999,0.28478000000000003,-0.025087,4,-55.5,0.59825,925.75,3
272,222.25,0.9872799999999999,0.28478000000000003,-0.025087,4,-56.0,0.53383,925.75,3
273,222.5,1.1632,0.2044,0.066138,4,-58.5,5.8077,922.25,3
274,222.75,1.1632,0.2044,0.066138,4,-56.0,0.8268200000000001,925.25,3
275,222.85,1.1632,0.2044,0.066138,1,-64.5,5.7969,924.75,3
276,223.0,1.1632,0.2044,0.066138,4,-56.5,4.2706,924.75,3
277,224.5,1.1163,0.2044,0.031928,4,-55.5,3.7552,925.75,3
278,224.6,1.1163,0.2044,0.031928,4,-56.0,0.7179,925.75,3
279,224.75,1.1163,0.2044,0.031928,4,-58.0,5.5975,922.75,3
280,225.0,1.1163,0.2044,0.031928,4,-58.5,5.8767,922.25,3
281,225.5,0.9169299999999999,0.2733,-0.047893,4,-56.5,4.3442,924.75,3
282,225.75,1.2687,0.15847,0.10035,4,-60.0,0.47707,920.75,3
283,226.25,0.9872799999999999,0.28478000000000003,-0.047893,4,-60.0,0.76085,920.25,3
284,226.75,1.128,0.2044,0.043332,4,-59.0,6.1221,921.75,3
285,227.0,1.128,0.2044,0.043332,4,-55.0,0.56604,925.75,3
286,227.25,0.9169299999999999,0.2733,-0.036489999999999995,4,-58.0,5.5776,922.75,3
287,227.5,0.9169299999999999,0.2733,-0.036489999999999995,4,-56.0,1.0324,925.25,3
288,227.75,1.2687,0.1355,0.10035,4,-56.5,1.1474,924.75,3
289,228.25,1.1632,0.19292,0.043332,4,-56.5,4.3596,924.25,3
290,229.0,1.1163,0.21588000000000002,0.031928,4,-58.0,0.10124,921.25,3
291,230.0,0.9052,0.2733,-0.059296,4,-55.5,3.9255,925.25,3
292,230.25,0.9052,0.2733,-0.059296,4,-55.5,0.73631,925.25,3
293,230.35,0.9052,0.2733,-0.059296,4,-55.5,0.9679399999999999,924.75,3
294,230.75,1.1632,0.16995,0.054735,4,-60.0,0.43105,920.75,3
295,230.85,1.1632,0.16995,0.054735,4,-56.5,4.4808,924.25,3
296,231.25,1.2452,0.15847,0.077541,4,-60.0,0.5798399999999999,920.25,3
297,231.75,0.97555,0.29627,-0.036489999999999995,4,-56.0,0.40957,925.75,3
298,232.0,0.97555,0.29627,-0.036489999999999995,4,-56.0,0.48473999999999995,925.75,3
299,232.5,0.9052,0.29627,-0.070699,3,-49.5,0.19328,925.25,3
300,232.6,0.9052,0.29627,-0.070699,4,-55.0,0.39576999999999996,925.25,3
301,233.0,0.9169299999999999,0.29627,-0.036489999999999995,4,-57.5,4.7569,923.75,3
302,233.5,1.2452,0.16995,0.08894400000000001,4,-55.0,4.3918,924.25,3
303,233.75,0.96383,0.29627,-0.036489999999999995,4,-58.0,0.8820399999999999,920.25,3
304,234.0,0.96383,0.29627,-0.036489999999999995,4,-56.5,0.07363099999999999,921.25,3
305,234.1,0.96383,0.29627,-0.036489999999999995,4,-57.0,0.13039,921.25,3
306,234.25,0.96383,0.29627,-0.036489999999999995,4,-57.0,6.0761,921.75,3
307,234.5,1.2101,0.16995,0.066138,4,-56.0,5.4978,922.75,3
308,235.0,0.9052,0.26182,-0.047893,4,-54.5,4.4455,924.75,3
309,235.25,1.0225,0.25033,-0.013684,4,-55.5,5.0376,923.75,3
310,235.5,1.0225,0.25033,-0.013684,4,-55.5,5.0407,923.75,3
311,235.58,1.0225,0.25033,-0.013684,4,-58.0,0.51542,920.75,3
312,236.0,0.9990100000000001,0.28478000000000003,-0.025087,4,-56.0,5.2968,923.25,3
313,236.08,0.9990100000000001,0.28478000000000003,-0.025087,4,-58.5,0.97408,920.25,3
314,236.25,0.9990100000000001,0.28478000000000003,-0.025087,4,-58.0,1.0876,920.25,3
315,236.5,0.9990100000000001,0.28478000000000003,-0.025087,4,-57.0,0.59212,921.25,3
316,237.0,1.0811,0.25033,0.020525,4,-57.0,6.1651,922.75,3
317,237.25,0.9169299999999999,0.30775,-0.059296,4,-57.5,0.23317,922.25,3
318,237.5,0.9169299999999999,0.30775,-0.059296,4,-55.0,1.5217,925.25,3
319,237.75,1.2218,0.19292,0.066138,4,-55.5,5.0069,924.75,3
320,238.0,0.9521,0.28478000000000003,-0.047893,4,-59.0,1.3238,920.75,3
321,238.25,0.9521,0.28478000000000003,-0.047893,4,-55.5,5.3873,924.25,3
322,238.5,0.9521,0.28478000000000003,-0.047893,4,-57.5,6.0669,923.25,3
323,239.25,1.0459,0.26182,-0.0022806,4,-54.5,1.2042,925.75,3
324,239.5,0.97555,0.29627,-0.047893,4,-57.5,0.013806,922.75,3
325,239.75,0.97555,0.29627,-0.047893,4,-58.0,0.31293000000000004,922.25,3
326,239.85,0.9052,0.29627,-0.070699,4,-55.0,1.4956,925.25,3
327,240.0,0.9052,0.29627,-0.070699,4,-55.0,4.9885,924.75,3
328,240.25,1.1163,0.22737,0.020525,4,-58.5,1.2686,920.75,3
329,240.75,0.9872799999999999,0.28478000000000003,-0.036489999999999995,4,-55.5,5.3827,924.25,3
330,241.0,0.9872799999999999,0.28478000000000003,-0.036489999999999995,4,-59.0,1.6276,920.25,3
331,241.5,1.2218,0.12402,0.077541,4,-58.0,0.74551,921.75,3
332,242.0,0.9872799999999999,0.2733,-0.036489999999999995,4,-56.5,0.033748,922.75,3
333,243.25,0.92865,0.29627,-0.047893,4,-55.5,5.1649,923.25,3
334,243.35,0.92865,0.29627,-0.047893,4,-55.5,5.1404,923.25,3
335,243.5,0.92865,0.29627,-0.047893,4,-58.0,0.74398,920.25,3
336,243.58,0.92865,0.29627,-0.047893,4,-57.0,0.082835,921.25,3
337,244.25,1.128,0.18143,0.031928,4,-56.0,5.4119,922.75,3
338,245.25,1.2335,0.15847,0.08894400000000001,4,-57.5,0.28225,920.75,3
339,246.0,1.0107,0.28478000000000003,-0.025087,4,-57.0,0.56604,921.25,3
340,246.5,1.0107,0.28478000000000003,-0.025087,4,-57.5,0.60132,921.75,3
341,247.0,1.0342,0.25033,-0.0022806,4,-54.0,4.6372,925.25,3
342,247.5,1.2570000000000001,0.15847,0.08894400000000001,4,-55.5,5.6174,923.75,3
343,247.75,1.2570000000000001,0.15847,0.08894400000000001,4,-58.5,1.2916,920.75,3
344,248.0,1.2570000000000001,0.15847,0.08894400000000001,4,-55.0,5.3198,924.25,3
345,248.5,1.2335,0.18143,0.077541,4,-58.5,1.0554,921.25,3
346,248.75,1.2335,0.18143,0.077541,4,-58.5,0.77159,921.75,3
347,249.0,1.0342,0.25033,-0.013684,4,-57.5,0.17334000000000002,922.75,3
348,249.25,1.0342,0.25033,-0.013684,4,-57.5,0.46326000000000006,922.25,3
349,249.5,1.0342,0.25033,-0.013684,4,-54.5,1.5923,925.25,3
350,249.75,1.0459,0.25033,-0.0022806,4,-55.0,5.0299,924.75,3
351,250.25,1.0811,0.25033,0.0091224,4,-58.0,1.2763,920.75,3
352,251.5,0.97555,0.28478000000000003,-0.036489999999999995,4,-55.5,5.8966,922.75,3
353,251.6,0.97555,0.28478000000000003,-0.036489999999999995,3,-55.0,4.7998,922.75,3
354,251.75,0.97555,0.28478000000000003,-0.036489999999999995,4,-56.5,6.0331,922.25,3
355,251.83,0.97555,0.28478000000000003,-0.036489999999999995,4,-56.5,5.9856,922.25,3
356,252.5,0.9990100000000001,0.28478000000000003,-0.047893,4,-58.0,0.50468,920.75,3
357,253.5,1.0694,0.22737,-0.013684,4,-57.5,0.17334000000000002,921.25,3
358,253.58,1.0694,0.22737,-0.013684,4,-57.0,6.1482,921.75,3
359,253.75,1.0694,0.22737,-0.013684,4,-57.0,6.1298,921.75,3
360,254.0,1.0107,0.2733,-0.025087,4,-55.5,5.5545,922.75,3
361,254.08,1.0107,0.2733,-0.025087,4,-56.0,5.5576,922.75,3
362,254.25,1.0107,0.2733,-0.025087,4,-56.5,5.9028,922.25,3
363,254.5,1.1514,0.16995,0.043332,4,-54.5,1.2594,924.75,3
364,254.75,1.1866,0.15847,0.043332,4,-55.0,5.0238,923.75,3
365,255.0,1.1866,0.15847,0.043332,4,-55.5,1.8623,923.75,3
366,255.25,1.1866,0.15847,0.043332,4,-58.0,0.57831,920.75,3
367,255.5,1.1163,0.2044,0.020525,4,-55.5,5.2585,923.25,3
368,256.75,1.2804,0.14698,0.08894400000000001,4,-57.0,0.15186,922.25,3
369,257.0,0.9872799999999999,0.26182,-0.036489999999999995,4,-55.0,5.01,924.75,3
370,257.5,0.9872799999999999,0.26182,-0.047893,4,-58.0,1.2686,920.75,3
371,257.75,0.9872799999999999,0.26182,-0.047893,4,-55.5,5.3321,924.25,3
372,258.0,0.9990100000000001,0.26182,-0.047893,4,-58.5,1.5693,920.25,3
373,258.25,0.9990100000000001,0.26182,-0.047893,4,-58.0,0.9388,921.25,3
374,258.5,0.9990100000000001,0.26182,-0.047893,4,-58.0,0.57524,921.75,3
375,259.0,1.0459,0.25033,-0.047893,4,-56.5,6.138999999999999,922.75,3
376,259.75,1.1397,0.21588000000000002,0.031928,4,-55.5,5.5822,923.75,3
377,259.85,1.1397,0.21588000000000002,0.031928,4,-56.0,5.6297,923.75,3
378,260.0,1.1397,0.21588000000000002,0.031928,4,-55.5,5.2922,924.25,3
379,260.25,1.1397,0.21588000000000002,0.031928,4,-55.5,5.3260000000000005,924.25,3
380,260.32,1.1397,0.21588000000000002,0.031928,4,-56.5,5.9442,923.25,3
381,260.75,1.0928,0.21588000000000002,-0.0022806,4,-58.0,0.56604,921.75,3
382,261.25,1.0459,0.25033,0.0091224,4,-57.0,6.2126,922.75,3
383,261.5,1.0459,0.25033,0.0091224,4,-57.5,0.2485,922.25,3
384,262.0,1.128,0.21588000000000002,0.020525,4,-55.5,5.5009,923.75,3
385,262.25,1.128,0.21588000000000002,0.020525,4,-55.5,5.4932,923.75,3
386,262.5,1.0459,0.2733,-0.025087,4,-55.5,5.1803,924.25,3
387,263.0,0.96383,0.29627,-0.047893,4,-59.0,1.4327,920.25,3
388,263.25,0.96383,0.29627,-0.047893,4,-58.5,0.87744,921.25,3
389,263.35,0.96383,0.29627,-0.047893,4,-58.0,0.54456,921.75,3
390,264.0,1.0107,0.25033,-0.013684,4,-57.5,0.14265999999999998,922.25,3
391,264.5,0.9990100000000001,0.2733,-0.047893,4,-56.0,5.484,923.75,3
392,264.57,0.9990100000000001,0.2733,-0.047893,4,-56.0,5.4963,923.75,3
393,265.25,1.0811,0.23885,-0.0022806,4,-57.0,5.8015,923.25,3
394,265.5,1.0811,0.23885,-0.0022806,4,-58.5,0.8621,921.25,3
395,265.75,1.0811,0.23885,-0.0022806,4,-58.5,0.8743700000000001,921.25,3
396,266.0,1.0811,0.23885,-0.0022806,4,-58.0,0.5645,921.75,3
397,266.25,0.9403799999999999,0.26182,-0.070699,4,-57.0,6.1022,922.75,3
398,266.35,0.9403799999999999,0.26182,-0.070699,4,-57.0,6.0715,922.75,3
399,266.75,1.0225,0.26182,-0.025087,4,-53.5,4.6326,924.75,3
400,267.0,1.0811,0.22737,-0.0022806,4,-55.0,1.9113,923.75,3
401,267.1,1.0811,0.22737,-0.0022806,4,-55.0,4.987,923.75,3
402,267.25,1.0811,0.22737,-0.0022806,4,-58.0,0.53843,920.75,3
403,267.35,1.0811,0.22737,-0.0022806,4,-55.5,4.5667,924.25,3
404,267.5,1.0811,0.22737,-0.0022806,4,-55.5,1.3652,924.25,3
405,267.75,1.128,0.21588000000000002,0.031928,3,-54.5,5.7079,920.25,3
406,268.25,1.128,0.22737,0.020525,4,-58.5,6.0792,921.75,3
407,268.5,1.1514,0.18143,0.031928,4,-57.0,5.5162,922.75,3
408,269.25,1.2804,0.1355,0.08894400000000001,4,-57.0,4.3795,924.75,3
409,269.75,0.9990100000000001,0.28478000000000003,-0.047893,4,-59.0,0.4694,920.75,3
410,270.5,0.97555,0.28478000000000003,-0.070699,4,-58.5,6.0914,921.75,3
411,270.75,0.97555,0.28478000000000003,-0.070699,4,-55.0,3.7122,925.75,3
412,271.0,0.92865,0.28478000000000003,-0.059296,4,-58.0,5.4533,922.75,3
413,271.75,1.1749,0.16995,0.054735,4,-56.5,4.3642,924.75,3
414,271.85,1.1749,0.16995,0.054735,4,-58.0,4.8965,923.75,3
415,272.25,1.2804,0.12402,0.077541,4,-58.5,4.605,924.25,3
416,272.5,1.2804,0.12402,0.077541,4,-59.0,5.1603,923.25,3
417,273.25,1.2335,0.15847,0.066138,4,-54.5,0.33901,925.75,3
418,273.35,1.2335,0.15847,0.066138,4,-55.0,0.45406,925.75,3
419,273.5,1.2335,0.15847,0.066138,4,-55.0,0.48473999999999995,925.75,3
420,273.75,1.0694,0.25033,-0.013684,4,-57.5,5.7892,922.25,3
421,274.0,0.96383,0.29627,-0.059296,4,-55.0,1.4711,924.75,3
422,274.25,0.96383,0.29627,-0.059296,4,-56.0,5.3567,923.75,3
423,274.5,0.96383,0.29627,-0.059296,4,-59.0,1.1059999999999999,920.75,3
424,275.0,1.1397,0.19292,0.031928,4,-57.0,5.9319,923.25,3
425,275.5,1.128,0.19292,0.020525,4,-58.5,0.6642100000000001,921.75,3
426,276.0,1.1045,0.22737,0.0091224,4,-57.5,6.2464,922.75,3
427,276.5,1.1866,0.16995,0.054735,4,-55.0,1.399,925.25,3
428,276.57,1.1866,0.16995,0.054735,4,-55.0,4.8827,924.75,3
429,277.0,1.0694,0.25033,-0.0022806,4,-59.0,1.149,920.75,3
430,277.5,1.0342,0.26182,-0.036489999999999995,4,-57.0,5.8215,923.25,3
431,277.75,1.0342,0.26182,-0.036489999999999995,4,-59.0,0.73324,921.25,3
432,278.0,1.0342,0.26182,-0.036489999999999995,4,-59.0,0.27458,921.75,3
433,278.5,0.9169299999999999,0.2733,-0.070699,4,-58.0,5.6205,922.75,3
434,278.6,0.9169299999999999,0.2733,-0.070699,4,-58.0,5.8813,922.25,3
435,279.0,0.9052,0.28478000000000003,-0.070699,4,-55.5,1.1551,924.75,3
436,279.25,1.1632,0.19292,0.031928,4,-61.0,0.28225,920.75,3
437,279.5,1.1632,0.19292,0.031928,4,-58.5,4.6464,924.25,3
438,280.0,1.1983,0.16995,0.054735,4,-60.5,0.91579,920.25,3
439,280.75,0.9872799999999999,0.26182,-0.036489999999999995,4,-57.0,3.8211,925.75,3
440,281.0,0.9521,0.2733,-0.059296,4,-59.5,5.9472,922.25,3
441,281.25,0.9521,0.2733,-0.059296,4,-55.0,0.80994,925.25,3
442,281.35,0.9521,0.2733,-0.059296,4,-56.0,0.89584,925.25,3
443,281.5,0.9521,0.2733,-0.059296,4,-56.0,4.2936,924.75,3
444,281.57,0.9521,0.2733,-0.059296,4,-55.5,4.3918,924.75,3
445,281.75,0.9521,0.2733,-0.059296,4,-55.5,5.0851,923.75,3
446,282.0,1.0694,0.23885,-0.013684,4,-55.0,4.9517,924.25,3
447,282.25,1.0694,0.23885,-0.013684,4,-55.5,5.013,924.25,3
448,282.75,1.1397,0.21588000000000002,0.0091224,4,-58.0,0.6258600000000001,921.75,3
449,283.75,0.9872799999999999,0.28478000000000003,-0.047893,4,-55.0,4.8873,924.75,3
450,284.5,1.3039,0.1355,0.077541,4,-55.0,5.1695,924.25,3
451,284.75,1.3039,0.1355,0.077541,4,-56.5,5.7754,923.25,3
452,285.25,1.0694,0.25033,0.0091224,4,-58.5,0.35741999999999996,921.75,3
453,285.75,1.0459,0.23885,-0.013684,4,-57.5,5.8659,922.25,3
454,286.0,1.0459,0.23885,-0.013684,4,-57.5,5.8138,922.25,3
455,286.25,1.0107,0.25033,-0.025087,4,-55.5,4.2246,924.75,3
456,286.75,1.0107,0.2733,-0.036489999999999995,4,-58.0,0.34208,920.75,3
457,287.25,1.2218,0.18143,0.066138,4,-56.0,5.0867,923.25,3
458,287.5,1.2570000000000001,0.14698,0.066138,4,-58.0,6.2817,921.25,3
459,287.75,1.2570000000000001,0.14698,0.066138,4,-57.5,5.9764,921.75,3
460,288.0,1.2570000000000001,0.14698,0.066138,3,-50.0,6.1911,925.75,3
461,288.25,1.0928,0.23885,-0.0022806,4,-57.0,5.6435,922.25,3
462,288.5,1.0928,0.23885,-0.0022806,4,-57.5,5.6404,922.25,3
463,288.75,0.9872799999999999,0.2733,-0.047893,4,-55.0,4.1924,924.75,3
464,288.85,0.9872799999999999,0.2733,-0.047893,3,-52.0,4.2399,923.75,3
465,289.25,1.0342,0.26182,-0.025087,4,-58.0,0.21629,920.75,3
466,289.5,1.0928,0.23885,-0.025087,4,-56.0,1.037,924.25,3
467,290.25,1.0225,0.2733,-0.070699,4,-55.0,0.19635,925.75,3
468,290.5,0.9403799999999999,0.2733,-0.09350499999999999,4,-57.0,5.1695,922.75,3
469,290.75,0.9403799999999999,0.2733,-0.09350499999999999,4,-57.5,5.4625,922.25,3
470,291.0,0.9403799999999999,0.2733,-0.09350499999999999,4,-55.0,0.53076,925.25,3
471,291.25,1.1983,0.16995,0.0091224,4,-56.5,1.4496,923.75,3
472,291.5,1.1983,0.16995,0.0091224,4,-56.0,4.5866,923.75,3
473,291.75,1.0107,0.25033,-0.059296,4,-56.0,1.1413,924.25,3
474,292.0,1.0107,0.25033,-0.059296,4,-56.5,4.875,923.25,3
475,292.5,1.1397,0.2044,-0.0022806,4,-58.0,6.0178,921.25,3
476,292.75,1.128,0.21588000000000002,-0.013684,3,-49.5,6.1175,925.75,3
477,293.0,1.1163,0.21588000000000002,-0.025087,4,-57.0,1.9865,922.75,3
478,293.5,1.1983,0.18143,0.0091224,4,-55.0,0.5322899999999999,925.25,3
479,293.75,1.339,0.12402,0.077541,4,-56.5,1.4772,923.75,3
480,293.82,1.339,0.12402,0.077541,4,-56.5,4.6679,923.75,3
481,294.0,1.339,0.12402,0.077541,4,-59.0,0.27765,920.75,3
482,294.25,1.339,0.12402,0.077541,4,-55.5,4.4347,924.25,3
483,294.32,1.339,0.12402,0.077541,4,-56.0,5.0499,923.25,3
484,294.75,1.0459,0.25033,-0.036489999999999995,4,-62.5,0.56297,920.25,3
485,295.0,1.0459,0.25033,-0.036489999999999995,4,-60.5,6.0285,921.25,3
486,295.07,1.0459,0.25033,-0.036489999999999995,4,-58.5,5.7033,921.75,3
487,295.25,1.0459,0.25033,-0.036489999999999995,4,-55.0,6.2617,925.75,3
488,295.5,0.92865,0.28478000000000003,-0.10490999999999999,4,-59.0,4.9287,922.75,3
489,295.75,0.92865,0.28478000000000003,-0.10490999999999999,1,-67.0,4.3212,922.25,3
490,296.0,0.92865,0.28478000000000003,-0.10490999999999999,4,-57.0,0.38503000000000004,925.25,3
491,296.1,0.92865,0.28478000000000003,-0.10490999999999999,4,-57.0,0.71637,924.75,3
492,296.5,0.9872799999999999,0.30775,-0.082102,4,-59.5,6.2234,920.75,3
493,296.75,1.1866,0.19292,0.020525,4,-57.5,4.243,924.25,3
494,297.25,1.1514,0.15847,0.020525,4,-59.5,5.915,921.25,3
495,297.5,1.1514,0.15847,0.020525,4,-59.0,5.5822,921.75,3
496,297.75,1.1514,0.15847,0.020525,4,-56.0,0.099709,925.75,3
497,297.85,1.1514,0.15847,0.020525,4,-58.0,5.0345,922.75,3
498,298.25,0.9872799999999999,0.28478000000000003,-0.082102,4,-56.5,0.41571,925.25,3
499,298.5,0.9872799999999999,0.28478000000000003,-0.082102,4,-57.0,0.7378399999999999,924.75,3
500,298.75,0.9403799999999999,0.28478000000000003,-0.10490999999999999,4,-57.5,4.4501,923.75,3
501,299.5,1.1749,0.18143,-0.0022806,4,-60.0,0.23317,920.25,3
502,299.75,1.1749,0.18143,-0.0022806,4,-59.5,5.8797,921.25,3
503,300.25,1.2218,0.16995,0.054735,4,-56.5,0.087437,925.75,3
504,300.35,1.2218,0.16995,0.054735,4,-58.0,5.0422,922.75,3
505,300.5,1.2218,0.16995,0.054735,4,-58.5,5.3536,922.25,3
506,301.0,0.9052,0.26182,-0.09350499999999999,4,-57.0,0.7792600000000001,924.75,3
507,301.5,1.2218,0.16995,0.043332,3,-51.5,0.7808,924.25,3
508,302.0,1.2452,0.15847,0.043332,4,-60.5,0.24083000000000002,920.25,3
509,302.5,1.2804,0.14698,0.043332,4,-56.0,0.033748,925.75,3
510,302.6,1.2804,0.14698,0.043332,4,-55.5,0.064427,925.75,3
511,303.0,1.1163,0.2044,-0.025087,4,-59.0,5.2355,922.25,3
512,303.1,1.1163,0.2044,-0.025087,4,-57.0,0.28991999999999996,925.25,3
513,303.5,0.9169299999999999,0.28478000000000003,-0.10490999999999999,4,-58.0,1.2303,923.75,3
514,304.0,1.1866,0.19292,0.020525,4,-57.5,0.97408,924.25,3
515,305.0,0.8934799999999999,0.28478000000000003,-0.11631,4,-56.0,0.029146,925.75,3
516,305.25,0.8934799999999999,0.28478000000000003,-0.11631,4,-58.5,5.0084,922.75,3
517,305.35,0.8934799999999999,0.28478000000000003,-0.11631,4,-59.0,5.2861,922.25,3
518,305.75,1.1749,0.19292,0.0091224,3,-50.0,0.25617,925.25,3
519,305.82,1.1749,0.19292,0.0091224,4,-56.5,0.39576999999999996,925.25,3
520,305.88,1.1749,0.19292,0.0091224,1,-66.0,2.0724,924.75,3
521,306.5,1.2804,0.1355,0.066138,4,-58.5,1.6506,923.25,3
522,307.25,1.3156,0.14698,0.066138,4,-59.0,5.5653,921.75,3
523,307.35,1.3156,0.14698,0.066138,3,-49.5,6.1911,925.75,3
524,307.5,1.3156,0.14698,0.066138,4,-55.5,6.2817,925.75,3
525,307.75,0.9169299999999999,0.28478000000000003,-0.10490999999999999,4,-58.5,4.9885,922.75,3
526,308.0,1.2570000000000001,0.15847,0.043332,4,-57.0,0.39576999999999996,925.25,3
527,308.5,0.9521,0.29627,-0.09350499999999999,4,-57.5,4.4577,923.75,3
528,308.6,0.9521,0.29627,-0.09350499999999999,4,-57.5,4.4624,923.75,3
529,308.75,0.97555,0.30775,-0.082102,4,-57.0,4.243,924.25,3
530,309.0,0.97555,0.30775,-0.082102,4,-58.0,4.8397,923.25,3
531,309.25,0.97555,0.30775,-0.082102,4,-60.5,0.42338000000000003,920.25,3
532,310.0,1.0928,0.2044,-0.013684,4,-57.0,5.1082,922.75,3
533,310.25,1.0107,0.2733,-0.070699,4,-57.5,5.4073,922.25,3
534,310.5,1.0107,0.2733,-0.070699,4,-56.0,0.37276,925.25,3
535,310.75,1.0811,0.25033,-0.036489999999999995,4,-57.0,0.59672,924.75,3
536,311.0,0.9990100000000001,0.28478000000000003,-0.070699,4,-60.0,6.2157,920.75,3
537,311.25,0.9990100000000001,0.28478000000000003,-0.070699,4,-58.0,1.014,924.25,3
538,312.03,1.0694,0.25033,-0.025087,4,-59.5,5.6834,921.75,3
539,312.25,1.0694,0.25033,-0.025087,4,-56.5,0.17487,925.75,3
540,312.5,1.0694,0.25033,-0.025087,4,-58.5,5.1128,922.75,3
541,312.75,1.0342,0.2733,-0.047893,4,-56.5,0.474,925.25,3
542,313.0,1.0342,0.2733,-0.047893,4,-56.5,0.4648,925.25,3
543,313.08,1.0342,0.2733,-0.047893,4,-57.0,3.9224,924.75,3
544,313.25,1.0811,0.26182,-0.036489999999999995,4,-57.5,4.4961,923.75,3
545,313.75,1.0107,0.28478000000000003,-0.070699,4,-58.0,4.7891,923.25,3
546,314.75,1.1514,0.2044,0.0091224,4,-56.5,0.13039,925.75,3
547,315.0,1.0459,0.25033,-0.047893,4,-59.0,5.415,922.25,3
548,316.25,1.3039,0.14698,0.077541,4,-58.0,4.7722,923.25,3
549,316.75,0.9872799999999999,0.29627,-0.09350499999999999,4,-59.5,5.935,921.25,3
550,317.0,0.9872799999999999,0.29627,-0.09350499999999999,4,-59.5,5.6236,921.75,3
551,317.5,1.2101,0.19292,0.031928,4,-58.5,5.0499,922.75,3
552,317.63,1.2101,0.19292,0.031928,4,-59.0,5.349,922.25,3
553,318.0,1.128,0.18143,0.0091224,4,-57.5,0.83449,924.75,3
554,318.25,1.128,0.18143,0.0091224,4,-58.5,1.3867,923.75,3
555,319.0,0.9403799999999999,0.28478000000000003,-0.082102,4,-60.5,0.28685,920.25,3
556,319.25,0.9403799999999999,0.28478000000000003,-0.082102,4,-59.5,5.961,921.25,3
557,319.75,0.9990100000000001,0.29627,-0.070699,4,-56.5,0.02301,925.75,3
558,319.85,0.9990100000000001,0.29627,-0.070699,4,-58.5,4.9594,922.75,3
559,320.0,0.9990100000000001,0.29627,-0.070699,4,-59.5,5.2829999999999995,922.25,3
560,320.25,0.9990100000000001,0.29627,-0.070699,4,-57.5,0.48167,925.25,3
561,320.5,1.1749,0.18143,0.0091224,1,-66.5,2.4298,923.75,3
562,321.0,1.1749,0.18143,0.0091224,4,-60.5,0.010738,920.75,3
563,321.5,0.97555,0.28478000000000003,-0.070699,4,-61.0,0.34820999999999996,920.25,3
564,321.75,0.97555,0.28478000000000003,-0.070699,4,-59.5,5.6665,921.75,3
565,322.25,1.0107,0.2733,-0.047893,4,-58.5,5.0913,922.75,3
566,322.5,1.0107,0.2733,-0.047893,4,-59.0,5.4042,922.25,3
567,323.25,1.0576,0.26182,-0.047893,4,-59.0,0.085903,920.75,3
568,323.75,1.0342,0.2733,-0.059296,4,-59.0,0.42645,920.25,3
569,324.0,1.0342,0.2733,-0.059296,4,-58.5,6.0654,921.25,3
570,324.5,1.0342,0.26182,-0.036489999999999995,4,-57.5,5.1588,922.75,3
571,325.0,0.9872799999999999,0.29627,-0.09350499999999999,4,-55.5,0.5353600000000001,925.25,3
572,325.5,1.1632,0.2044,0.0091224,4,-56.5,1.4696,923.75,3
573,326.0,1.2335,0.16995,0.043332,4,-57.5,1.7395,923.25,3
574,327.0,0.9169299999999999,0.29627,-0.09350499999999999,4,-58.0,5.0591,922.75,3
575,327.25,0.9169299999999999,0.29627,-0.09350499999999999,4,-58.5,5.3827,922.25,3
576,327.5,1.0459,0.26182,-0.059296,4,-57.0,0.43718,925.25,3
577,327.75,1.0459,0.26182,-0.059296,4,-57.5,0.80381,924.75,3
578,328.0,1.0459,0.26182,-0.059296,1,-65.5,5.7141,923.75,3
579,328.25,1.1632,0.16995,0.020525,4,-57.0,4.2783,924.25,3
580,328.5,1.1632,0.16995,0.020525,4,-57.5,4.8274,923.25,3
581,329.0,1.0225,0.28478000000000003,-0.070699,4,-60.0,5.9672,921.25,3
582,329.25,1.0225,0.28478000000000003,-0.070699,4,-59.0,5.6389,921.75,3
583,329.35,1.0225,0.28478000000000003,-0.070699,4,-56.0,0.064427,925.75,3
584,329.5,0.92865,0.29627,-0.09350499999999999,4,-58.5,5.056,922.75,3
585,329.75,0.92865,0.29627,-0.09350499999999999,4,-59.0,5.3475,922.25,3
586,330.25,1.1397,0.21588000000000002,-0.0022806,1,-64.5,1.7012,924.75,3
587,330.75,0.97555,0.29627,-0.082102,3,-51.0,0.71177,924.25,3
588,330.85,0.97555,0.29627,-0.082102,1,-65.5,2.0985,924.25,3
589,331.0,0.97555,0.29627,-0.082102,4,-58.0,4.7968,923.25,3
590,331.1,0.97555,0.29627,-0.082102,4,-58.0,4.7968,923.25,3
591,331.5,0.9403799999999999,0.30775,-0.10490999999999999,4,-60.0,6.0025,921.25,3
592,331.75,0.9403799999999999,0.30775,-0.10490999999999999,3,-49.5,6.2632,925.75,3
593,331.8,0.9403799999999999,0.30775,-0.10490999999999999,4,-56.0,0.14113,925.75,3
594,332.0,1.0928,0.22737,-0.013684,4,-58.5,5.0913,922.75,3
595,332.25,1.0928,0.22737,-0.013684,1,-68.0,3.7689999999999997,922.25,3
596,332.5,1.0928,0.22737,-0.013684,4,-57.0,0.45558999999999994,925.25,3
597,332.75,0.9872799999999999,0.29627,-0.070699,4,-57.0,0.74858,924.75,3
598,332.83,0.9872799999999999,0.29627,-0.070699,4,-57.5,4.493,923.75,3
599,333.25,1.2452,0.16995,0.043332,1,-66.0,2.0003,924.25,3
