,time,frontal,vertical,lateral,id,rssi,phase,freq,label
0,0.0,0.33066,1.0656,-0.036489999999999995,1,-43.5,6.1574,920.75,4
1,0.025,0.1196,0.8589399999999999,-0.047893,1,-43.0,0.41417,920.75,4
2,0.25,0.15478,0.81301,-0.025087,1,-39.5,1.6766,921.75,4
3,0.275,0.31893,0.9163600000000001,-0.10490999999999999,1,-40.0,1.9604,921.75,4
4,0.3,0.2603,0.98526,-0.17332999999999998,4,-64.0,5.4303,921.75,4
5,0.325,0.2603,0.98526,-0.17332999999999998,4,-63.5,5.2907,921.75,4
6,1.25,0.1196,1.1001,-0.20754,2,-57.5,0.5645,920.25,4
7,1.75,0.1196,1.1001,-0.20754,2,-56.5,2.2427,921.25,4
8,2.5,-0.31424,0.92784,-0.20754,2,-57.0,5.1296,920.75,2
9,3.5,-0.31424,0.92784,-0.20754,2,-58.5,4.9808,923.25,2
10,5.0,-0.31424,0.92784,-0.20754,2,-60.5,0.15033,920.75,2
11,6.5,-0.31424,0.92784,-0.20754,2,-57.5,5.1864,923.75,2
12,8.0,0.69414,0.82449,0.14595999999999998,2,-56.5,1.33,925.75,2
13,8.5,0.69414,0.82449,0.14595999999999998,2,-58.0,5.6865,923.25,2
14,9.0,0.69414,0.82449,0.14595999999999998,2,-56.0,4.8474,924.75,2
15,9.5,0.69414,0.82449,0.14595999999999998,2,-56.5,1.3944,925.25,2
16,11.25,0.70587,0.79004,0.14595999999999998,2,-57.0,5.1833,923.75,2
17,11.75,0.70587,0.79004,0.14595999999999998,2,-57.5,5.7141,922.75,2
18,12.5,0.70587,0.79004,0.14595999999999998,2,-58.5,6.027,921.75,2
19,13.0,0.70587,0.79004,0.14595999999999998,2,-57.0,4.9456,924.25,2
20,15.0,0.77622,0.76708,0.19157000000000002,2,-58.5,5.9733,921.75,2
21,16.5,0.8583,0.73263,0.21438000000000001,2,-59.0,6.1083,921.25,2
22,17.25,0.8583,0.73263,0.21438000000000001,2,-58.5,5.915,921.75,2
23,17.75,0.8583,0.73263,0.21438000000000001,2,-56.5,4.9118,924.25,2
24,18.5,0.8583,0.73263,0.21438000000000001,2,-57.5,5.1327,923.75,2
25,19.25,0.8583,0.73263,0.21438000000000001,2,-58.0,5.6589,922.75,2
26,20.5,0.72932,0.77856,0.15736,2,-57.5,5.3643,923.25,2
27,22.5,0.8231200000000001,0.73263,0.20297,2,-56.5,1.0738,925.75,2
28,23.0,0.8231200000000001,0.73263,0.20297,2,-57.5,5.4656,923.25,2
29,23.5,0.8231200000000001,0.73263,0.20297,2,-56.0,4.7216,924.75,2
30,24.0,0.8231200000000001,0.73263,0.20297,2,-57.5,5.5576,922.75,2
31,25.25,0.60034,0.84746,0.077541,2,-56.5,4.9041,924.25,2
32,25.75,0.60034,0.84746,0.077541,2,-57.0,5.1281,923.75,2
33,26.5,0.60034,0.84746,0.077541,2,-58.0,5.6098,922.75,2
34,27.5,0.60034,0.84746,0.077541,2,-56.5,4.2721,925.75,2
35,29.5,0.74105,0.76708,0.18017,2,-59.0,5.7693,921.75,2
36,30.25,0.74105,0.76708,0.18017,2,-57.0,4.8934,924.25,2
37,32.5,0.72932,0.77856,0.15736,2,-57.0,4.9946,924.25,2
38,33.25,0.72932,0.77856,0.15736,2,-57.0,5.4533,923.75,2
39,33.75,0.72932,0.77856,0.15736,2,-58.0,5.8,922.75,2
40,35.0,0.72932,0.77856,0.15736,2,-57.0,5.1741,924.25,2
41,35.5,0.72932,0.77856,0.15736,2,-57.0,5.5499,923.75,2
42,36.75,0.70587,0.79004,0.043332,2,-59.5,0.28225,920.75,2
43,37.25,0.70587,0.79004,0.043332,2,-56.0,1.2747,925.75,2
44,39.0,0.9169299999999999,0.69818,0.14595999999999998,2,-59.5,0.34975,920.75,2
45,39.75,0.9169299999999999,0.69818,0.14595999999999998,2,-56.5,5.2048,924.25,2
46,40.5,0.9169299999999999,0.69818,0.14595999999999998,2,-57.0,5.4272,923.75,2
47,41.0,0.9169299999999999,0.69818,0.14595999999999998,2,-58.0,5.8874,922.75,2
48,42.25,0.97555,0.6752100000000001,0.15736,2,-56.5,5.257000000000001,924.25,2
49,43.5,0.97555,0.6752100000000001,0.15736,2,-58.0,5.8092,922.75,2
50,44.75,0.9521,0.69818,0.16876,2,-56.5,5.3076,924.25,2
51,45.25,0.9521,0.69818,0.16876,2,-57.0,5.5085,923.75,2
52,46.0,0.9521,0.69818,0.16876,2,-55.5,4.7262,925.25,2
53,46.75,0.9521,0.69818,0.16876,2,-58.0,5.9626,922.25,2
54,48.0,0.9403799999999999,0.69818,0.15736,2,-55.5,4.8152,924.75,2
55,48.75,0.9403799999999999,0.69818,0.15736,2,-56.0,4.6556,925.25,2
56,49.5,0.9403799999999999,0.69818,0.15736,2,-56.5,1.2226,924.25,2
57,51.0,0.27203,0.97377,-0.082102,2,-48.5,0.3973,922.75,4
58,51.1,0.24858000000000002,0.97377,-0.0022806,2,-47.5,5.2829999999999995,925.25,4
59,51.125,0.24858000000000002,0.97377,-0.0022806,2,-47.0,5.2938,925.25,4
60,51.75,0.30721,0.97377,-0.025087,2,-46.5,4.9364,925.75,4
61,51.85,0.31893,0.96229,-0.025087,2,-46.5,4.8796,925.75,4
62,52.0,0.33066,0.97377,-0.013684,2,-46.5,4.852,925.75,4
63,52.1,0.29548,0.97377,-0.036489999999999995,2,-46.5,5.6604,924.25,4
64,52.125,0.30721,0.96229,-0.025087,2,-46.5,5.6174,924.25,4
65,52.25,0.31893,0.96229,-0.036489999999999995,2,-47.5,6.185,923.25,4
66,52.35,0.31893,0.97377,-0.013684,2,-47.5,6.1451,923.25,4
67,52.375,0.33066,0.97377,-0.013684,2,-50.5,1.2747,920.25,4
68,52.5,0.33066,0.97377,-0.036489999999999995,2,-46.5,5.9043,923.75,4
69,52.75,0.30721,0.97377,-0.036489999999999995,2,-46.5,5.9687,923.75,4
70,52.825,0.30721,0.95081,-0.047893,2,-45.5,5.4134,924.75,4
71,52.875,0.30721,0.97377,-0.047893,2,-45.5,5.4533,924.75,4
72,53.25,0.33066,0.98526,-0.036489999999999995,2,-47.0,0.52155,922.75,4
73,53.325,0.29548,0.97377,-0.047893,2,-47.0,0.56604,922.75,4
74,53.5,0.29548,0.97377,-0.059296,2,-45.5,5.4196,925.25,4
75,53.575,0.29548,0.97377,-0.059296,2,-45.5,5.4334,925.25,4
76,53.625,0.31893,0.97377,-0.059296,2,-45.5,5.4502,925.25,4
77,53.675,0.30721,0.96229,-0.047893,2,-49.0,1.5861,920.75,4
78,53.75,0.36583000000000004,0.96229,-0.036489999999999995,2,-49.0,1.7104,920.75,4
79,53.825,0.36583000000000004,0.96229,-0.036489999999999995,2,-47.5,1.3392,921.75,4
80,54.0,0.29548,0.98526,-0.070699,2,-47.5,1.5739,921.75,4
81,54.075,0.22513000000000002,0.93932,0.0091224,2,-46.5,1.6153,922.25,4
82,54.125,0.22513000000000002,0.99674,0.10035,2,-46.0,1.9113,922.25,4
83,54.25,0.24858000000000002,1.1001,0.066138,2,-44.5,0.60132,925.75,4
84,54.325,0.23685,0.97377,-0.025087,2,-44.5,1.3959,925.75,4
85,54.375,0.28376,1.0082,0.066138,2,-44.0,2.1629,925.75,4
86,54.425,0.28376,1.0082,0.066138,2,-44.0,0.17334000000000002,924.25,4
87,54.5,0.22513000000000002,1.0082,0.066138,2,-43.0,4.8689,924.25,4
88,54.75,0.40101,1.0886,0.24859,2,-45.5,0.19788,923.25,4
89,54.825,0.40101,1.0886,0.24859,2,-45.5,0.37276,923.25,4
90,54.875,0.1196,0.99674,-0.17332999999999998,3,-65.5,1.9819,923.25,4
91,55.0,0.1196,0.99674,-0.17332999999999998,2,-56.5,1.2195,923.75,4
92,59.0,0.28376,0.93932,0.12315,4,-55.5,1.6122,922.25,1
93,92.75,0.049247000000000006,0.8819100000000001,-0.047893,1,-68.0,4.309,921.75,1
94,93.25,0.049247000000000006,0.8819100000000001,-0.047893,3,-58.0,5.731,925.75,1
95,93.325,0.049247000000000006,0.8819100000000001,-0.047893,4,-55.0,0.95567,924.25,1
96,93.5,0.049247000000000006,0.8819100000000001,-0.047893,1,-65.0,2.1031,924.25,1
97,94.5,0.049247000000000006,0.8819100000000001,-0.047893,3,-60.0,1.0109,921.25,1
98,95.0,1.2452,-0.14009000000000002,-0.09350499999999999,1,-56.5,4.8274,925.25,3
99,95.25,1.2452,-0.14009000000000002,-0.09350499999999999,3,-58.5,1.3837,921.75,3
100,95.5,1.2452,-0.14009000000000002,-0.09350499999999999,3,-56.0,0.6473399999999999,922.25,3
101,95.75,1.2452,-0.14009000000000002,-0.09350499999999999,3,-58.0,4.898,925.75,3
102,96.0,1.2452,-0.14009000000000002,-0.09350499999999999,3,-59.5,0.24697,923.25,3
103,96.75,1.1983,-0.16305999999999998,0.14595999999999998,3,-64.5,5.0437,921.25,3
104,97.25,1.1983,-0.16305999999999998,0.14595999999999998,1,-57.0,4.875,925.25,3
105,97.75,1.1983,-0.16305999999999998,0.14595999999999998,1,-57.5,1.7165,921.75,3
106,98.25,1.1983,-0.16305999999999998,0.14595999999999998,3,-57.0,5.5484,924.25,3
107,99.0,1.1045,-0.094162,0.14595999999999998,3,-57.5,5.8521,923.75,3
108,99.25,1.1045,-0.094162,0.14595999999999998,3,-57.5,5.1971,924.75,3
109,99.5,1.1045,-0.094162,0.14595999999999998,3,-57.5,0.2347,922.75,3
110,99.75,1.1045,-0.094162,0.14595999999999998,1,-57.0,4.855,925.25,3
111,100.0,1.1045,-0.094162,0.14595999999999998,1,-58.5,5.6742,920.75,3
112,100.5,1.1514,-0.12861,0.18017,3,-57.5,4.5866,925.75,3
113,100.75,1.1514,-0.12861,0.18017,1,-57.0,5.7356,924.25,3
114,101.0,1.1514,-0.12861,0.18017,3,-57.5,6.1451,923.25,3
115,101.25,1.1514,-0.12861,0.18017,1,-57.0,6.185,923.75,3
116,101.5,1.1514,-0.12861,0.18017,3,-57.0,5.2125,924.75,3
117,101.75,1.1514,-0.12861,0.18017,1,-57.5,2.1184,921.25,3
118,102.0,1.1514,-0.12861,0.18017,3,-57.5,0.26998,922.75,3
119,102.5,1.1163,-0.11713,0.15736,3,-58.0,0.9388,921.75,3
120,102.75,1.1163,-0.11713,0.15736,1,-57.5,1.2409999999999999,922.25,3
121,103.0,1.1163,-0.11713,0.15736,3,-57.5,5.5392,924.25,3
122,103.25,1.1163,-0.11713,0.15736,3,-57.0,6.231,923.25,3
123,103.75,1.1163,-0.11713,0.15736,1,-59.0,6.0562,920.25,3
124,104.0,1.0694,-0.082679,0.14595999999999998,4,-67.5,5.2293,924.75,3
125,104.5,1.0694,-0.082679,0.14595999999999998,1,-57.5,0.84983,922.75,3
126,104.75,1.0694,-0.082679,0.14595999999999998,3,-57.0,4.9087,925.25,3
127,105.0,1.0694,-0.082679,0.14595999999999998,3,-57.5,0.91885,921.75,3
128,105.5,1.0576,-0.07119600000000001,0.12315,1,-57.0,5.7095,924.25,3
129,105.75,1.0576,-0.07119600000000001,0.12315,3,-57.5,6.207999999999999,923.25,3
130,106.0,1.0576,-0.07119600000000001,0.12315,3,-58.5,1.7978,920.25,3
131,106.25,1.0576,-0.07119600000000001,0.12315,1,-57.0,6.1697,923.75,3
132,106.5,1.0576,-0.07119600000000001,0.12315,3,-57.0,5.1971,924.75,3
133,107.0,1.2687,-0.17454,0.22578,3,-57.5,4.8658,925.25,3
134,107.5,1.2687,-0.17454,0.22578,3,-57.5,0.91579,921.75,3
135,107.75,1.2687,-0.17454,0.22578,3,-57.5,0.5859800000000001,922.25,3
136,108.0,1.2687,-0.17454,0.22578,1,-57.0,5.7202,924.25,3
137,108.25,1.2687,-0.17454,0.22578,1,-57.5,0.40804,923.25,3
138,108.5,1.2687,-0.17454,0.22578,3,-58.5,1.7595,920.25,3
139,108.75,1.2687,-0.17454,0.22578,3,-57.0,5.8061,923.75,3
140,109.0,1.2687,-0.17454,0.22578,3,-57.0,5.1695,924.75,3
141,109.25,1.2687,-0.17454,0.22578,1,-57.5,0.78386,922.75,3
142,109.75,1.1397,-0.11713,0.16876,3,-57.5,0.89431,921.75,3
143,110.0,1.1397,-0.11713,0.16876,3,-57.5,0.5322899999999999,922.25,3
144,110.25,1.1397,-0.11713,0.16876,3,-57.5,4.5329,925.75,3
145,110.5,1.1397,-0.11713,0.16876,3,-57.0,5.417999999999999,924.25,3
146,110.75,1.1397,-0.11713,0.16876,1,-59.0,2.8916,920.25,3
147,111.0,1.1397,-0.11713,0.16876,1,-57.0,6.1022,923.75,3
148,111.75,1.1163,-0.094162,0.15736,3,-57.0,0.092039,922.75,3
149,112.0,1.1163,-0.094162,0.15736,3,-57.5,4.7891,925.25,3
150,112.25,1.1163,-0.094162,0.15736,1,-58.0,5.5668,920.75,3
151,112.5,1.1163,-0.094162,0.15736,3,-57.5,0.45252,922.25,3
152,112.75,1.1163,-0.094162,0.15736,3,-58.0,4.4869,925.75,3
153,113.25,1.1514,-0.12861,0.18017,1,-59.0,6.0408,920.25,3
154,113.5,1.1514,-0.12861,0.18017,3,-57.0,5.7417,923.75,3
155,113.75,1.1514,-0.12861,0.18017,3,-57.0,5.0974,924.75,3
156,114.0,1.1514,-0.12861,0.18017,1,-57.0,0.7133,922.75,3
157,114.25,1.1514,-0.12861,0.18017,4,-67.5,4.7998,925.25,3
158,115.0,1.1045,-0.10565,0.15736,1,-57.5,4.2813,925.75,3
159,115.25,1.1045,-0.10565,0.15736,3,-57.0,5.4165,924.25,3
160,115.5,1.1045,-0.10565,0.15736,1,-57.0,0.26845,923.25,3
161,115.75,1.1045,-0.10565,0.15736,3,-58.0,1.6935,920.25,3
162,116.0,1.1045,-0.10565,0.15736,3,-57.5,5.0882,924.75,3
163,116.25,1.1045,-0.10565,0.15736,3,-57.5,1.1213,921.25,3
164,117.0,1.2452,-0.16305999999999998,0.21438000000000001,3,-58.0,1.4128,920.75,3
165,117.25,1.2452,-0.16305999999999998,0.21438000000000001,1,-57.0,1.172,922.25,3
166,117.5,1.2452,-0.16305999999999998,0.21438000000000001,3,-57.5,4.5038,925.75,3
167,117.75,1.2452,-0.16305999999999998,0.21438000000000001,3,-57.0,5.415,924.25,3
168,118.0,1.2452,-0.16305999999999998,0.21438000000000001,3,-57.0,6.0776,923.25,3
169,118.5,1.1514,-0.12861,0.16876,3,-57.5,5.0667,924.75,3
170,118.75,1.1514,-0.12861,0.16876,1,-57.5,1.9972,921.25,3
171,119.0,1.1514,-0.12861,0.16876,3,-57.5,0.07976699999999999,922.75,3
172,119.25,1.1514,-0.12861,0.16876,3,-57.5,4.7968,925.25,3
173,119.5,1.1514,-0.12861,0.16876,3,-57.0,0.80687,921.75,3
174,119.75,1.1514,-0.12861,0.16876,1,-57.0,1.195,922.25,3
175,120.0,1.1514,-0.12861,0.16876,3,-57.5,4.4654,925.75,3
176,120.5,1.1632,-0.12861,0.18017,1,-57.5,0.31906999999999996,923.25,3
177,120.75,1.1632,-0.12861,0.18017,3,-56.5,5.6895,923.75,3
178,121.0,1.1632,-0.12861,0.18017,4,-68.5,5.257000000000001,924.75,3
179,121.25,1.1632,-0.12861,0.18017,3,-57.5,1.0845,921.25,3
180,121.5,1.1632,-0.12861,0.18017,3,-57.0,0.092039,922.75,3
181,121.75,1.1632,-0.12861,0.18017,3,-57.5,1.3898,920.75,3
182,122.0,1.1632,-0.12861,0.18017,3,-57.5,0.79614,921.75,3
183,122.5,1.1163,-0.10565,0.16876,3,-57.5,4.5038,925.75,3
184,122.75,1.1163,-0.10565,0.16876,3,-57.0,6.0592,923.25,3
185,123.0,1.1163,-0.10565,0.16876,3,-58.0,1.6935,920.25,3
186,123.25,1.1163,-0.10565,0.16876,3,-57.0,5.7018,923.75,3
187,123.5,1.1163,-0.10565,0.16876,1,-57.0,5.2094,924.75,3
188,123.75,1.1163,-0.10565,0.16876,3,-57.0,1.083,921.25,3
189,124.0,1.1163,-0.10565,0.16876,3,-57.0,0.07976699999999999,922.75,3
190,124.5,1.128,-0.11713,0.16876,3,-57.0,0.7808,921.75,3
191,124.75,1.128,-0.11713,0.16876,3,-57.0,0.43718,922.25,3
192,125.0,1.128,-0.11713,0.16876,1,-57.0,4.3258,925.75,3
193,125.5,1.0576,-0.07119600000000001,0.13455999999999999,3,-58.0,1.6582,920.25,3
194,125.75,1.0576,-0.07119600000000001,0.13455999999999999,3,-57.0,5.0391,924.75,3
195,126.0,1.0576,-0.07119600000000001,0.13455999999999999,3,-57.5,1.063,921.25,3
196,126.75,1.3156,-0.18603,0.23718000000000003,3,-57.5,1.3591,920.75,3
197,127.0,1.3156,-0.18603,0.23718000000000003,3,-57.5,0.7992,921.75,3
198,127.25,1.3156,-0.18603,0.23718000000000003,1,-58.0,1.3407,922.25,3
199,127.5,1.3156,-0.18603,0.23718000000000003,3,-57.5,4.4746,925.75,3
200,127.55,1.3156,-0.18603,0.23718000000000003,3,-56.5,5.3705,924.25,3
201,127.75,1.3156,-0.18603,0.23718000000000003,3,-57.0,6.0485,923.25,3
202,128.25,1.0576,-0.082679,0.14595999999999998,3,-56.5,5.0453,924.75,3
203,128.5,1.0576,-0.082679,0.14595999999999998,1,-58.5,5.2524,921.25,3
204,128.75,1.0576,-0.082679,0.14595999999999998,3,-57.0,4.7691,925.25,3
205,129.5,1.3742,-0.22048,0.25999,1,-57.5,1.2625,922.25,3
206,129.75,1.3742,-0.22048,0.25999,3,-57.5,4.4777,925.75,3
207,130.0,1.3742,-0.22048,0.25999,3,-56.5,5.3567,924.25,3
208,130.25,1.3742,-0.22048,0.25999,3,-60.0,2.0847,920.25,3
209,131.5,1.3742,-0.22048,0.25999,4,-61.0,5.3919,925.25,3
210,159.25,0.50654,0.9163600000000001,0.043332,1,-61.5,0.95567,923.25,4
211,159.75,0.24858000000000002,1.0197,-0.17332999999999998,4,-50.0,6.1605,923.75,4
212,172.0,0.38928,1.0082,-0.059296,1,-55.5,5.7356,923.75,4
213,172.25,0.38928,1.0082,-0.059296,1,-56.0,5.6174,924.75,4
214,172.75,0.060972000000000005,0.97377,0.020525,4,-57.0,4.4608,925.25,4
