,time,frontal,vertical,lateral,id,rssi,phase,freq,label
0,0.0,0.88175,0.74411,0.19157000000000002,4,-57.5,5.935,923.25,1
1,0.75,0.88175,0.74411,0.19157000000000002,1,-61.0,4.6786,924.75,1
2,2.0,0.88175,0.74411,0.19157000000000002,1,-59.5,3.6693,925.75,1
3,2.5,0.57689,0.8589399999999999,0.054735,4,-58.0,5.8828,923.25,1
4,3.0,0.57689,0.8589399999999999,0.054735,4,-56.5,1.3852,924.75,1
5,4.75,0.69414,0.80152,0.11175,4,-56.5,1.8776,924.25,1
6,6.0,0.8465799999999999,0.74411,0.16876,1,-58.5,4.1709,925.25,1
7,6.75,0.8465799999999999,0.74411,0.16876,4,-59.0,0.5092800000000001,922.25,1
8,7.0,0.8465799999999999,0.74411,0.16876,4,-56.5,0.10584,925.75,1
9,7.75,0.8465799999999999,0.74411,0.16876,1,-61.0,5.5361,923.75,1
10,8.5,0.68242,0.81301,0.077541,4,-56.5,0.64887,925.25,1
11,9.25,0.68242,0.81301,0.077541,1,-59.0,3.6417,925.75,1
12,10.0,0.68242,0.81301,0.077541,4,-57.5,2.1016,923.75,1
13,10.75,0.68242,0.81301,0.077541,1,-61.5,6.0729999999999995,922.75,1
14,11.75,0.61207,0.84746,0.054735,1,-59.5,3.5864,925.75,1
15,12.25,0.61207,0.84746,0.054735,4,-58.0,2.5142,923.25,1
16,12.75,0.61207,0.84746,0.054735,4,-56.5,1.014,924.75,1
17,13.25,0.61207,0.84746,0.054735,1,-59.5,4.0068,925.25,1
18,14.25,0.83485,0.75559,0.16876,1,-60.0,4.8581,924.25,1
19,15.25,0.83485,0.75559,0.16876,4,-57.0,0.9832799999999999,924.75,1
20,15.75,0.83485,0.75559,0.16876,1,-59.5,3.9531,925.25,1
21,17.5,0.70587,0.79004,0.12315,4,-58.0,1.9144,923.75,1
22,18.25,0.70587,0.79004,0.12315,1,-58.0,3.9684,925.25,1
23,19.25,0.79967,0.77856,0.13455999999999999,1,-61.0,5.1128,924.25,1
24,20.0,0.79967,0.77856,0.13455999999999999,4,-57.0,2.1322,923.75,1
25,20.25,0.79967,0.77856,0.13455999999999999,1,-59.5,4.5866,924.75,1
26,20.75,0.79967,0.77856,0.13455999999999999,4,-59.5,1.7411,920.75,1
27,21.5,0.6472399999999999,0.81301,0.020525,4,-56.5,6.2556,925.75,1
28,21.75,0.6472399999999999,0.81301,0.020525,1,-61.0,6.096,923.25,1
29,22.5,0.6472399999999999,0.81301,0.020525,4,-56.0,2.4989,923.75,1
30,22.575,0.6472399999999999,0.81301,0.020525,4,-56.5,1.6168,924.75,1
31,23.0,0.6472399999999999,0.81301,0.020525,4,-56.0,1.3468,925.25,1
32,23.25,0.6472399999999999,0.81301,0.020525,1,-62.5,2.2657,920.75,1
33,24.25,0.63552,0.8359700000000001,0.077541,4,-56.5,1.9589,924.25,1
34,24.75,0.63552,0.8359700000000001,0.077541,4,-57.0,6.047000000000001,923.75,1
35,25.0,0.63552,0.8359700000000001,0.077541,4,-56.5,5.3444,924.75,1
36,25.25,0.63552,0.8359700000000001,0.077541,4,-57.5,4.6065,922.75,1
37,25.5,0.63552,0.8359700000000001,0.077541,1,-58.5,4.852,925.25,1
38,27.75,0.77622,0.75559,0.11175,1,-63.5,6.1911,922.75,1
39,28.75,0.77622,0.75559,0.11175,4,-57.0,0.28071999999999997,925.75,1
40,29.0,0.77622,0.75559,0.11175,4,-57.5,6.0086,923.25,1
41,30.25,0.8114,0.75559,0.14595999999999998,1,-63.0,6.2433,922.75,1
42,31.75,0.8583,0.74411,0.11175,4,-58.0,5.8782,923.25,1
43,32.25,0.8583,0.74411,0.11175,4,-56.5,1.3284,924.75,1
44,33.0,0.8583,0.74411,0.11175,1,-62.5,3.8058,925.25,1
45,34.5,1.0107,0.6752100000000001,0.20297,1,-64.5,5.1511,923.75,1
46,35.25,1.0107,0.6752100000000001,0.20297,4,-57.0,0.68876,925.25,1
47,36.0,1.0107,0.6752100000000001,0.20297,4,-57.0,0.20861999999999997,925.75,1
48,36.25,1.0107,0.6752100000000001,0.20297,1,-61.5,4.898,924.25,1
49,37.75,0.74105,0.81301,0.08894400000000001,1,-62.5,4.1586,925.25,1
50,38.75,0.74105,0.81301,0.08894400000000001,1,-63.5,4.9793,924.25,1
51,39.75,0.74105,0.81301,0.08894400000000001,4,-60.0,5.0361,921.25,1
52,41.0,0.74105,0.81301,0.08894400000000001,4,-57.0,0.49548000000000003,925.75,1
53,42.5,0.7645,0.75559,0.14595999999999998,1,-65.5,6.1896,922.75,1
54,43.5,0.7645,0.75559,0.14595999999999998,1,-61.5,0.59672,925.75,1
55,44.75,0.7645,0.75559,0.14595999999999998,4,-58.5,3.5466,922.75,1
56,46.25,0.7176,0.79004,0.066138,1,-65.5,5.6006,923.25,1
57,46.75,0.7176,0.79004,0.066138,4,-56.0,1.6153,924.75,1
58,47.5,0.7176,0.79004,0.066138,4,-57.0,1.0815,925.25,1
59,48.25,0.7176,0.79004,0.066138,4,-57.0,0.7255699999999999,925.75,1
60,49.25,0.68242,0.81301,0.077541,1,-62.5,4.7277,924.75,1
61,50.5,0.68242,0.81301,0.077541,1,-66.5,0.42645,922.25,1
62,52.5,0.88175,0.7096600000000001,0.16876,4,-57.0,1.172,925.25,1
63,53.0,0.88175,0.7096600000000001,0.16876,1,-67.0,0.52155,922.25,1
64,54.5,0.8114,0.74411,0.15736,4,-58.5,3.8825,922.75,1
65,55.5,0.8114,0.74411,0.15736,1,-61.0,3.9408,925.75,1
66,56.5,0.8114,0.74411,0.15736,4,-57.5,2.7059,923.75,1
67,58.0,0.7176,0.80152,0.08894400000000001,4,-57.5,0.6933600000000001,925.75,1
68,58.25,0.7176,0.80152,0.08894400000000001,1,-65.0,6.0454,923.25,1
69,60.5,0.7645,0.77856,0.15736,1,-63.0,5.3352,924.25,1
70,61.5,0.7645,0.77856,0.15736,4,-56.5,1.6045,924.75,1
71,62.0,0.7645,0.77856,0.15736,1,-61.5,4.3718,925.25,1
72,63.75,0.67069,0.79004,0.10035,4,-57.5,1.9558,924.75,1
73,64.5,0.67069,0.79004,0.10035,4,-58.5,0.9679399999999999,922.75,1
74,65.25,0.67069,0.79004,0.10035,4,-57.0,0.98175,925.75,1
75,65.525,0.67069,0.79004,0.10035,4,-57.0,2.5372,924.25,1
76,66.25,0.67069,0.79004,0.10035,1,-64.5,4.8781,924.75,1
77,67.75,0.7176,0.76708,0.12315,1,-63.0,0.64274,925.75,1
78,68.75,0.7176,0.76708,0.12315,4,-56.5,1.7932,924.75,1
79,69.25,0.7176,0.76708,0.12315,1,-63.0,0.9434,925.25,1
80,70.25,0.7176,0.76708,0.12315,4,-57.0,0.54303,925.75,1
81,71.25,0.6472399999999999,0.82449,0.054735,4,-57.0,1.6199,924.75,1
82,72.0,0.6472399999999999,0.82449,0.054735,1,-68.5,4.7308,920.75,1
83,73.0,0.72932,0.79004,0.11175,4,-57.5,0.084369,923.25,1
84,73.5,0.72932,0.79004,0.11175,1,-63.5,5.5392,923.75,1
85,74.75,0.63552,0.81301,0.066138,4,-58.5,4.5283,921.75,4
86,75.0,0.63552,0.81301,0.066138,1,-60.0,3.8564,925.75,4
87,77.0,0.37756,0.92784,0.020525,4,-57.5,6.1543,921.75,4
88,77.5,0.37756,0.92784,0.020525,4,-52.5,5.5407,925.75,4
89,78.0,0.7176,0.74411,0.11175,4,-55.0,1.7196,923.25,4
90,78.5,0.7176,0.74411,0.11175,1,-56.0,0.80381,924.75,4
91,78.75,0.7176,0.74411,0.11175,4,-67.0,4.9348,921.25,4
92,80.0,0.7645,0.97377,0.18017,2,-65.5,5.9733,925.75,4
93,81.75,0.36583000000000004,0.89339,0.077541,2,-57.0,1.8623,921.75,4
94,82.75,0.42446000000000006,0.92784,0.054735,2,-56.5,3.9761,923.25,4
95,84.0,1.0107,0.64076,0.18017,1,-67.0,5.2508,925.25,2
96,85.5,0.7527699999999999,0.76708,0.11175,2,-55.5,5.2477,923.75,2
97,85.75,0.7527699999999999,0.76708,0.11175,2,-55.5,5.2631,923.75,2
98,85.825,0.7527699999999999,0.76708,0.11175,2,-55.5,4.7845,924.75,2
99,87.25,0.74105,0.79004,0.10035,2,-56.0,4.7339,925.75,2
100,87.5,0.74105,0.79004,0.10035,2,-57.0,5.9856,923.25,2
101,88.25,0.74105,0.79004,0.10035,2,-56.5,5.2493,924.75,2
102,88.75,0.74105,0.79004,0.10035,2,-56.0,4.9839,925.25,2
103,89.5,0.74105,0.79004,0.10035,2,-58.0,5.6635,922.25,2
104,91.0,0.97555,0.64076,0.23718000000000003,2,-58.0,5.5499,922.75,2
105,92.0,0.97555,0.64076,0.23718000000000003,2,-58.5,5.7662,922.25,2
106,93.0,0.97555,0.64076,0.23718000000000003,2,-57.5,5.1082,923.75,2
107,94.5,0.97555,0.64076,0.23718000000000003,2,-56.0,1.3530000000000002,925.75,2
108,96.0,0.9990100000000001,0.66373,0.20297,2,-54.5,4.4531,925.25,2
109,98.5,0.61207,0.8704200000000001,-0.0022806,2,-57.0,4.4808,925.25,2
110,100.25,0.61207,0.8704200000000001,-0.0022806,2,-58.0,5.1572,923.75,2
111,101.25,0.61207,0.8704200000000001,-0.0022806,2,-60.5,6.1144,920.75,2
112,102.0,0.61207,0.8704200000000001,-0.0022806,2,-57.0,4.8397,924.25,2
113,112.0,0.87003,0.7096600000000001,0.18017,2,-58.5,5.1849,923.25,2
114,116.5,0.87003,0.7096600000000001,0.18017,2,-57.5,1.7242,925.75,2
115,118.25,0.87003,0.7096600000000001,0.18017,2,-61.0,5.5162,920.75,2
116,120.25,0.87003,0.7096600000000001,0.18017,2,-58.5,5.2048,922.75,2
117,125.5,0.70587,0.75559,0.12315,2,-57.0,4.6526,925.25,2
118,127.25,0.70587,0.75559,0.12315,2,-57.5,5.0146,924.75,2
119,131.25,0.70587,0.75559,0.12315,2,-58.5,5.0038,924.25,2
120,134.75,0.70587,0.75559,0.12315,2,-60.0,5.9227,921.25,2
121,136.25,0.70587,0.75559,0.12315,2,-58.0,4.8152,924.25,2
122,140.75,0.48308999999999996,0.93932,0.11175,2,-46.0,0.50315,925.75,2
123,141.0,0.45963999999999994,0.97377,-0.059296,2,-46.0,5.7984,924.25,2
124,141.08,0.20168,0.80152,-0.33297,2,-47.5,0.41111000000000003,924.25,2
125,144.0,0.72932,0.93932,-0.047893,4,-57.0,5.0529,923.75,4
126,144.5,0.72932,0.93932,-0.047893,4,-59.0,0.73478,922.75,1
127,145.0,0.72932,0.93932,-0.047893,4,-58.5,2.62,920.75,1
128,145.5,0.72932,0.93932,-0.047893,4,-57.0,4.9164,925.75,1
129,146.75,0.47136000000000006,0.08956900000000001,0.9327700000000001,3,-63.5,5.9902,924.75,3
130,148.0,0.47136000000000006,0.08956900000000001,0.9327700000000001,4,-59.0,4.1586,925.75,3
131,148.5,0.47136000000000006,0.08956900000000001,0.9327700000000001,4,-59.5,0.21015999999999999,923.25,3
132,149.25,0.47136000000000006,0.08956900000000001,0.9327700000000001,4,-58.5,5.013,924.75,3
133,149.75,0.47136000000000006,0.08956900000000001,0.9327700000000001,4,-58.5,4.5283,925.25,3
134,151.5,0.43618999999999997,-0.27789,0.95557,3,-61.0,2.6078,924.75,3
135,152.25,0.43618999999999997,-0.27789,0.95557,3,-63.5,4.7768,920.75,3
136,153.0,0.43618999999999997,-0.27789,0.95557,4,-59.0,4.0298,925.75,3
137,154.0,0.43618999999999997,-0.27789,0.95557,4,-58.5,4.9977,924.75,3
138,155.5,0.40101,-0.27789,0.9441700000000001,3,-61.5,6.0454,924.25,3
139,156.0,0.40101,-0.27789,0.9441700000000001,3,-63.5,4.921,920.25,3
140,157.75,0.52999,-0.32383,1.0012,4,-59.0,3.9715,925.75,3
141,158.25,0.52999,-0.32383,1.0012,3,-63.0,4.9563,920.25,3
142,159.5,0.52999,-0.32383,1.0012,4,-59.0,4.3887,925.25,3
143,161.0,0.38928,-0.24344000000000002,0.9213600000000001,4,-59.0,5.8506,923.75,3
144,162.0,0.38928,-0.24344000000000002,0.9213600000000001,4,-59.0,4.3964,925.25,3
145,162.75,0.38928,-0.24344000000000002,0.9213600000000001,4,-59.0,3.8549,925.75,3
146,163.0,0.38928,-0.24344000000000002,0.9213600000000001,4,-58.5,5.2754,924.25,3
147,163.75,0.38928,-0.24344000000000002,0.9213600000000001,4,-58.0,4.8244,924.75,3
148,165.0,0.40101,-0.26641,0.9213600000000001,3,-62.0,3.9255,922.25,3
149,166.0,0.40101,-0.26641,0.9213600000000001,3,-61.5,6.1988,923.75,3
150,167.25,0.40101,-0.26641,0.9213600000000001,4,-59.5,0.9127200000000001,922.25,3
151,168.5,0.40101,-0.25493000000000005,0.90996,3,-61.5,6.1727,923.75,3
