,time,frontal,vertical,lateral,id,rssi,phase,freq,label
0,0.0,0.24858000000000002,0.97377,0.043332,1,-42.0,4.5252,921.25,4
1,0.025,0.060972000000000005,0.81301,-0.10490999999999999,4,-68.0,4.8781,922.75,4
2,0.25,0.35411,0.95081,-0.082102,1,-40.5,5.5852,922.75,4
3,0.275,0.35411,1.0082,-0.059296,1,-41.5,0.34360999999999997,922.75,4
4,0.3,0.34238,1.0771,-0.16192,1,-46.0,5.6174,925.25,4
5,2.5,-0.091458,1.1001,-0.21894,2,-56.5,6.2004,921.25,4
6,2.75,-0.091458,1.1001,-0.21894,1,-67.5,6.096,922.75,4
7,5.5,0.58862,0.84746,0.031928,2,-56.0,0.25004,920.75,2
8,6.0,0.58862,0.84746,0.031928,2,-55.5,5.8598,922.25,2
9,7.5,0.61207,0.84746,0.066138,2,-55.5,5.5515,922.75,2
10,8.0,0.56517,0.84746,0.043332,2,-56.0,5.9994,921.75,2
11,9.75,0.92865,0.69818,0.20297,2,-55.5,6.1789,921.25,2
12,10.75,0.69414,0.80152,0.11175,2,-55.0,5.957999999999999,921.75,2
13,11.75,0.68242,0.79004,0.11175,2,-55.0,5.1266,923.75,2
14,12.75,0.69414,0.79004,0.11175,2,-57.5,0.21015999999999999,920.75,2
15,13.75,0.72932,0.77856,0.13455999999999999,2,-55.5,5.1511,924.25,2
16,14.0,0.72932,0.77856,0.13455999999999999,2,-57.0,0.45098999999999995,920.25,2
17,14.75,0.9521,0.6866899999999999,0.22578,2,-57.0,0.016874,921.25,2
18,16.0,0.67069,0.80152,0.10035,2,-54.5,4.3995,925.75,2
19,16.075,0.67069,0.80152,0.10035,2,-56.0,5.1818,924.25,2
20,17.0,0.72932,0.75559,0.15736,2,-58.0,0.041417,921.25,2
21,17.5,0.72932,0.75559,0.15736,2,-55.5,4.6326,925.25,2
22,17.75,0.72932,0.75559,0.15736,2,-58.0,6.1267,921.75,2
23,18.25,0.72932,0.75559,0.15736,2,-55.5,1.1735,925.75,2
24,18.5,0.72932,0.75559,0.15736,2,-56.5,5.4456,923.25,2
25,19.5,0.72932,0.81301,0.13455999999999999,2,-56.5,0.099709,921.25,2
26,20.0,0.72932,0.81301,0.13455999999999999,2,-57.0,0.21015999999999999,920.75,2
27,21.25,0.69414,0.80152,0.13455999999999999,2,-56.0,5.3597,923.25,2
28,21.75,0.7176,0.79004,0.13455999999999999,2,-57.0,6.1804,921.25,2
29,24.0,0.69414,0.80152,0.12315,2,-56.0,5.2585,923.75,2
30,24.25,0.69414,0.80152,0.12315,2,-57.0,6.228,921.25,2
31,24.75,0.69414,0.80152,0.12315,2,-56.0,5.6128,922.75,2
32,25.5,0.8583,0.73263,0.22578,2,-56.5,5.7647,922.25,2
33,25.75,0.8583,0.73263,0.22578,2,-54.5,5.0038,924.25,2
34,26.5,0.72932,0.77856,0.14595999999999998,2,-55.0,5.2355,923.75,2
35,27.75,0.9521,0.7096600000000001,0.23718000000000003,2,-56.5,5.9749,921.75,2
36,28.5,0.58862,0.8589399999999999,0.066138,2,-55.5,5.3444,923.25,2
37,29.75,0.9052,0.7096600000000001,0.22578,2,-57.0,0.22089,920.75,2
38,30.75,0.7527699999999999,0.77856,0.15736,2,-55.0,4.8888,924.25,2
39,31.0,0.7527699999999999,0.77856,0.15736,2,-55.5,5.3367,923.25,2
40,31.75,0.72932,0.76708,0.13455999999999999,2,-57.0,6.1451,921.25,2
41,32.75,0.70587,0.80152,0.12315,2,-56.5,5.8767,922.25,2
42,33.0,0.70587,0.80152,0.12315,2,-55.0,5.0084,924.25,2
43,33.75,0.8583,0.72114,0.20297,2,-55.0,5.1419,923.75,2
44,34.0,0.8583,0.72114,0.20297,2,-54.5,4.6802,924.75,2
45,34.075,0.8583,0.72114,0.20297,2,-57.0,6.1467,921.25,2
46,35.0,0.8465799999999999,0.73263,0.20297,2,-56.5,5.7356,922.25,2
47,36.0,0.9052,0.7096600000000001,0.21438000000000001,2,-57.5,0.41723999999999994,920.25,2
48,36.25,0.9052,0.7096600000000001,0.21438000000000001,2,-55.5,5.2524,923.75,2
49,36.325,0.9052,0.7096600000000001,0.21438000000000001,2,-54.5,4.7676,924.75,2
50,36.75,0.9052,0.7096600000000001,0.21438000000000001,2,-56.0,5.6374,922.75,2
51,37.5,0.70587,0.79004,0.13455999999999999,2,-56.5,5.7509,922.25,2
52,38.0,0.70587,0.79004,0.13455999999999999,2,-55.0,4.9026,924.25,2
53,39.0,0.7176,0.79004,0.14595999999999998,2,-57.0,6.2341,921.25,2
54,40.25,0.7527699999999999,0.76708,0.14595999999999998,2,-54.5,1.0492,925.75,2
55,40.325,0.7527699999999999,0.76708,0.14595999999999998,2,-55.0,4.9364,924.25,2
56,41.0,0.68242,0.81301,0.11175,2,-55.5,5.122000000000001,923.75,2
57,41.75,0.68242,0.81301,0.11175,2,-56.0,5.5453,922.75,2
58,42.5,0.70587,0.79004,0.14595999999999998,2,-56.5,5.7632,922.25,2
59,42.75,0.70587,0.79004,0.14595999999999998,2,-55.0,4.99,924.25,2
60,44.0,0.7645,0.75559,0.15736,2,-56.5,5.5852,922.75,2
61,45.0,0.72932,0.77856,0.15736,2,-55.0,1.0247,925.75,2
62,45.25,0.72932,0.77856,0.15736,2,-55.5,4.9041,924.25,2
63,45.5,0.72932,0.77856,0.15736,2,-58.0,0.28225,920.25,2
64,46.5,0.67069,0.80152,0.11175,2,-56.5,5.6757,922.75,2
65,47.0,0.67069,0.80152,0.11175,2,-57.0,0.18715,920.75,2
66,47.5,0.7527699999999999,0.76708,0.14595999999999998,2,-55.0,4.8827,924.25,2
67,47.75,0.7527699999999999,0.76708,0.14595999999999998,2,-56.0,5.3413,923.25,2
68,48.0,0.7527699999999999,0.76708,0.14595999999999998,2,-57.5,0.27305,920.25,2
69,48.25,0.7527699999999999,0.76708,0.14595999999999998,2,-55.5,5.1036,923.75,2
70,48.75,0.56517,0.8359700000000001,0.066138,2,-56.5,5.5085,922.75,2
71,49.25,0.56517,0.8359700000000001,0.066138,2,-57.5,0.11505,920.75,2
72,49.75,0.56517,0.8359700000000001,0.066138,2,-56.5,5.8659,922.25,2
73,50.5,0.7176,0.79004,0.12315,2,-56.0,5.3996,923.25,2
74,50.75,0.7176,0.79004,0.12315,2,-56.0,5.171,923.75,2
75,51.0,0.7176,0.79004,0.12315,2,-55.0,4.6878,924.75,2
76,51.5,0.7176,0.79004,0.12315,2,-56.5,5.5392,922.75,2
77,53.25,0.9403799999999999,0.6866899999999999,0.22578,2,-55.5,5.1879,923.75,2
78,53.5,0.9403799999999999,0.6866899999999999,0.22578,2,-57.0,6.1957,921.25,2
79,54.25,0.9169299999999999,0.69818,0.22578,2,-57.0,0.07209700000000001,920.75,2
80,54.5,0.9169299999999999,0.69818,0.22578,2,-56.5,5.7095,922.25,2
81,55.0,0.9169299999999999,0.69818,0.22578,2,-55.5,4.8765,924.25,2
82,55.75,0.7527699999999999,0.77856,0.16876,2,-55.5,5.2079,923.75,2
83,55.85,0.7527699999999999,0.77856,0.16876,2,-55.0,4.7722,924.75,2
84,56.25,0.7527699999999999,0.77856,0.16876,2,-56.5,5.6987,922.75,2
85,57.0,0.68242,0.80152,0.11175,2,-56.0,5.7877,922.25,2
86,58.25,0.7176,0.79004,0.13455999999999999,2,-55.0,4.6802,924.75,2
87,59.5,0.8583,0.72114,0.21438000000000001,2,-56.5,5.8353,922.25,2
88,60.5,0.70587,0.80152,0.13455999999999999,2,-55.5,5.1849,923.75,2
89,61.0,0.70587,0.80152,0.13455999999999999,2,-57.5,6.1344,921.25,2
90,62.25,0.62379,0.8359700000000001,0.08894400000000001,2,-58.0,4.5314,924.25,2
91,63.0,-0.25561,0.82449,-0.13912,2,-47.5,6.0362,924.75,4
92,63.25,-0.079733,0.66373,0.031928,2,-45.5,4.0344,924.75,4
93,63.325,0.15478,0.8589399999999999,-0.059296,2,-47.5,6.2203,921.25,4
94,63.375,0.24858000000000002,0.97377,-0.047893,2,-47.0,0.46786000000000005,921.25,4
95,63.5,0.24858000000000002,0.93932,-0.025087,2,-45.0,0.084369,922.75,4
96,63.575,0.18995,0.8819100000000001,-0.025087,2,-45.0,0.21475999999999998,922.75,4
97,63.75,0.50654,0.9048700000000001,0.066138,2,-43.0,5.1404,925.25,4
98,64.0,0.65897,0.81301,0.15736,2,-47.0,1.3729,920.75,4
99,64.075,0.33066,0.96229,-0.013684,2,-47.0,1.3576,920.75,4
100,64.125,0.31893,0.97377,-0.013684,2,-46.0,0.8881700000000001,921.75,4
101,64.175,0.31893,0.97377,-0.013684,2,-46.0,0.8759,921.75,4
102,64.25,0.33066,0.96229,-0.013684,2,-46.0,0.78847,921.75,4
103,64.325,0.33066,0.96229,-0.013684,2,-45.5,0.51542,922.25,4
104,64.375,0.33066,0.96229,-0.013684,2,-45.5,0.42183999999999994,922.25,4
105,64.425,0.33066,0.96229,-0.013684,2,-45.5,0.39116999999999996,922.25,4
106,64.45,0.30721,0.95081,-0.013684,2,-46.0,0.3114,922.25,4
107,64.5,0.33066,0.97377,0.0091224,2,-44.0,4.4624,925.75,4
108,64.75,0.35411,0.97377,0.020525,2,-44.0,5.2738,924.25,4
109,64.85,0.69414,0.84746,0.16876,2,-44.0,5.2385,924.25,4
110,65.0,0.30721,0.96229,-0.013684,2,-45.0,5.8429,923.25,4
111,65.25,0.33066,0.96229,-0.0022806,2,-48.5,1.0876,920.25,4
112,65.325,0.33066,0.96229,-0.0022806,2,-48.5,1.1045,920.25,4
113,65.375,0.51826,0.89339,0.08894400000000001,2,-44.5,5.6941,923.75,4
114,65.4,0.51826,0.89339,0.08894400000000001,2,-44.5,5.7064,923.75,4
115,65.45,0.29548,0.96229,-0.036489999999999995,2,-44.5,5.7156,923.75,4
116,65.5,0.29548,0.96229,-0.036489999999999995,2,-44.0,5.7187,923.75,4
117,65.525,0.30721,0.95081,-0.036489999999999995,2,-44.0,5.7095,923.75,4
118,65.575,0.31893,0.96229,-0.025087,2,-43.0,5.1327,924.75,4
119,65.625,0.31893,0.96229,-0.025087,2,-43.5,5.122000000000001,924.75,4
120,65.65,0.30721,0.95081,-0.036489999999999995,2,-43.5,5.122000000000001,924.75,4
121,65.75,0.31893,0.96229,-0.036489999999999995,2,-47.0,0.70563,921.25,4
122,65.85,0.68242,0.8359700000000001,0.13455999999999999,2,-47.0,0.6274,921.25,4
123,66.0,0.30721,0.97377,-0.036489999999999995,2,-45.5,6.1068,922.75,4
124,66.075,0.31893,0.95081,-0.036489999999999995,2,-45.5,6.0729999999999995,922.75,4
125,66.125,0.33066,0.93932,-0.047893,2,-43.5,4.6173,925.25,4
126,66.25,0.34238,0.95081,0.0091224,2,-43.5,4.5912,925.25,4
127,66.5,0.68242,0.8359700000000001,0.14595999999999998,2,-46.5,0.33901,921.75,4
128,66.6,0.29548,0.95081,-0.036489999999999995,2,-46.5,0.44946,921.75,4
129,66.75,0.29548,0.96229,-0.013684,2,-46.5,0.53843,921.75,4
130,66.825,0.28376,0.96229,-0.025087,2,-46.0,0.39116999999999996,922.25,4
131,66.875,0.29548,0.97377,-0.0022806,2,-46.0,0.49087,922.25,4
132,67.0,0.28376,0.96229,-0.0022806,2,-42.5,4.9824,925.75,4
133,67.075,0.27203,0.97377,0.031928,3,-65.0,5.3106,925.75,4
134,67.125,0.27203,0.97377,0.031928,2,-44.0,0.024544,924.25,4
135,67.25,0.27203,0.96229,-0.11631,3,-65.5,0.8881700000000001,924.25,4
136,67.35,0.60034,0.95081,0.08894400000000001,3,-65.0,5.7908,923.25,4
137,67.5,0.60034,0.95081,0.08894400000000001,2,-48.0,3.9638,920.25,4
138,67.75,0.2603,1.1116,-0.059296,1,-65.5,0.0061359,920.25,4
139,71.0,0.17823,1.0656,0.031928,4,-50.5,4.2353,925.25,4
140,71.75,0.41273000000000004,0.9163600000000001,-0.059296,1,-59.0,5.4886,922.25,4
141,72.0,0.41273000000000004,0.9163600000000001,-0.059296,1,-58.5,0.58138,924.25,4
142,72.5,0.36583000000000004,0.98526,-0.013684,1,-65.5,4.6802,920.25,4
143,79.25,-0.091458,0.92784,0.0091224,4,-58.0,4.4746,925.75,1
144,80.25,-0.091458,0.92784,0.0091224,4,-61.0,5.7494,921.25,1
145,92.5,0.2134,0.96229,-0.0022806,4,-58.5,5.4732,924.75,1
146,94.75,0.2134,0.96229,-0.0022806,4,-58.5,5.4993,924.75,1
147,97.25,0.2134,0.96229,-0.0022806,4,-58.5,5.4732,924.75,1
148,109.5,0.1665,0.97377,-0.013684,4,-61.5,5.6711,921.25,1
149,111.75,0.1665,0.97377,-0.013684,4,-58.5,5.4073,924.75,1
150,114.25,0.1665,0.97377,-0.013684,1,-68.0,5.9856,921.25,1
151,127.0,0.1665,0.97377,-0.013684,4,-56.5,4.7937,922.75,1
152,127.5,0.072698,0.82449,0.61348,1,-60.5,0.40497,921.75,1
153,127.75,0.072698,0.82449,0.61348,4,-57.5,4.9992,925.75,1
154,128.75,0.072698,0.82449,0.61348,1,-57.0,5.3996,924.75,1
155,227.75,0.40101,0.97377,-0.013684,1,-60.0,0.9602700000000001,925.75,4
156,228.25,0.40101,0.97377,-0.025087,1,-59.0,0.056757,923.25,4
157,228.5,0.40101,0.97377,-0.025087,1,-58.5,5.8015,923.75,4
158,229.25,0.45963999999999994,0.92784,0.043332,4,-52.5,1.6168,925.25,4
159,229.5,0.49481,0.92784,0.066138,1,-61.5,4.8627,920.75,4
160,230.25,0.37756,0.97377,0.020525,1,-59.5,0.47247,925.75,4
161,230.75,0.61207,0.8589399999999999,0.12315,1,-63.0,5.4073,920.25,4
162,231.0,0.61207,0.8589399999999999,0.12315,1,-59.0,2.5878,923.75,4
163,231.25,0.61207,0.8589399999999999,0.12315,1,-59.0,1.7564,924.75,4
164,231.5,0.38928,0.98526,-0.0022806,1,-59.5,3.5389,922.75,4
165,231.75,0.38928,0.98526,-0.0022806,1,-59.0,1.2502,925.25,4
166,232.0,0.38928,0.98526,-0.0022806,1,-62.0,5.1204,920.75,4
167,247.0,-0.044557,0.96229,0.020525,1,-55.0,1.4373,922.25,4
168,247.1,-0.044557,0.96229,0.020525,1,-64.0,0.48013999999999996,925.75,4
169,247.5,-0.044557,0.96229,0.020525,4,-57.0,0.084369,923.25,4
170,248.75,-0.044557,0.96229,0.020525,3,-57.5,5.7524,922.75,4
171,249.0,0.34238,0.59483,0.71611,3,-56.5,0.29606,921.75,1
172,249.5,0.34238,0.59483,0.71611,4,-58.0,5.0744,922.25,1
173,250.0,0.34238,0.59483,0.71611,4,-56.0,6.2586,923.25,1
174,250.25,0.34238,0.59483,0.71611,4,-55.5,4.513,923.75,1
175,252.0,0.7645,-0.16305999999999998,1.1038,3,-57.5,4.7661,925.75,3
176,252.5,0.7645,-0.16305999999999998,1.1038,4,-56.0,1.7181,923.25,3
177,252.75,0.7645,-0.16305999999999998,1.1038,3,-62.0,5.7754,920.25,3
178,253.0,0.7645,-0.16305999999999998,1.1038,3,-57.5,5.6834,924.75,3
179,253.5,0.70587,0.0091865,0.75032,3,-58.5,0.9986200000000001,922.75,3
180,253.75,0.70587,0.0091865,0.75032,4,-56.5,5.596,925.25,3
181,254.25,0.70587,0.0091865,0.75032,4,-57.5,5.7678,922.25,3
182,254.75,0.72932,-0.0022965999999999998,0.73892,4,-56.5,0.3973,924.25,3
183,255.0,0.72932,-0.0022965999999999998,0.73892,4,-56.5,1.5386,923.25,3
184,255.25,0.72932,-0.0022965999999999998,0.73892,4,-56.0,0.98482,923.75,3
185,255.5,0.72932,-0.0022965999999999998,0.73892,4,-56.5,6.1006,924.75,3
186,255.75,0.72932,-0.0022965999999999998,0.73892,4,-58.5,3.5972,921.25,3
187,256.0,0.72932,-0.0022965999999999998,0.73892,1,-67.0,5.0299,925.25,3
188,256.5,0.72932,-0.0022965999999999998,0.73892,4,-58.0,6.1773,921.75,3
189,257.0,0.7645,-0.025263,0.77313,1,-67.5,1.514,925.75,3
190,257.5,0.7645,-0.025263,0.77313,3,-62.0,5.7678,920.25,3
191,257.75,0.7645,-0.025263,0.77313,4,-56.5,6.0224,924.75,3
192,258.0,0.7645,-0.025263,0.77313,4,-58.5,0.36969,921.25,3
193,258.5,0.7645,-0.025263,0.77313,4,-56.5,1.9712,922.75,3
194,258.57,0.7645,-0.025263,0.77313,3,-56.5,5.2646,925.25,3
195,259.0,0.7645,-0.025263,0.77313,4,-58.0,6.1252,921.75,3
196,259.5,0.74105,-0.01378,0.76172,3,-57.5,6.0715,924.25,3
197,260.0,0.74105,-0.01378,0.76172,3,-61.5,2.6538,920.25,3
198,260.25,0.74105,-0.01378,0.76172,4,-56.5,5.9979,924.75,3
199,261.0,0.9872799999999999,-0.14009000000000002,0.86435,4,-56.5,5.4349,925.25,3
200,261.5,0.9872799999999999,-0.14009000000000002,0.86435,4,-57.0,2.4513,922.25,3
201,261.75,0.9872799999999999,-0.14009000000000002,0.86435,1,-67.0,4.3519,925.75,3
202,262.0,0.9872799999999999,-0.14009000000000002,0.86435,4,-56.5,0.27458,924.25,3
203,262.25,0.9872799999999999,-0.14009000000000002,0.86435,4,-56.5,1.4128,923.25,3
204,262.75,0.83485,-0.059712,0.79593,1,-67.0,2.1598,924.75,3
205,263.25,0.83485,-0.059712,0.79593,4,-56.5,1.9221,922.75,3
206,263.5,0.83485,-0.059712,0.79593,3,-56.5,5.2708,925.25,3
207,263.75,0.83485,-0.059712,0.79593,4,-58.0,6.1068,921.75,3
208,264.0,0.83485,-0.059712,0.79593,4,-57.5,2.4651,922.25,3
209,264.25,0.83485,-0.059712,0.79593,4,-56.5,4.9087,925.75,3
210,264.5,0.83485,-0.059712,0.79593,4,-57.0,0.29606,924.25,3
211,265.0,0.7527699999999999,-0.0022965999999999998,0.72751,4,-56.5,0.86056,923.75,3
212,265.25,0.7527699999999999,-0.0022965999999999998,0.72751,1,-67.0,2.1875,924.75,3
213,265.75,0.7527699999999999,-0.0022965999999999998,0.72751,4,-57.0,1.9129,922.75,3
214,265.85,0.7527699999999999,-0.0022965999999999998,0.72751,1,-67.0,4.8014,925.25,3
215,266.75,0.9403799999999999,-0.10565,0.8187399999999999,4,-56.5,4.8428,925.75,3
216,266.85,0.9403799999999999,-0.10565,0.8187399999999999,1,-67.5,5.7494,924.25,3
217,267.25,0.9403799999999999,-0.10565,0.8187399999999999,3,-57.5,0.20861999999999997,923.75,3
218,267.75,0.9403799999999999,-0.10565,0.8187399999999999,4,-56.5,5.9196,924.75,3
219,267.82,0.9403799999999999,-0.10565,0.8187399999999999,4,-59.0,0.28991999999999996,921.25,3
220,268.5,0.7176,0.0091865,0.72751,4,-59.0,3.9592,920.75,3
221,269.0,0.7176,0.0091865,0.72751,3,-59.0,1.3438,922.25,3
222,269.25,0.7176,0.0091865,0.72751,3,-57.5,6.1298,924.25,3
223,269.5,0.7176,0.0091865,0.72751,4,-56.5,1.3637,923.25,3
224,269.75,0.7176,0.0091865,0.72751,1,-68.5,6.2617,923.75,3
225,270.25,0.7176,0.0091865,0.72751,4,-56.5,5.9028,924.75,3
226,270.75,0.7176,0.0091865,0.7047100000000001,4,-56.5,5.3321,925.25,3
227,272.53,0.7176,0.0091865,0.7047100000000001,1,-66.5,1.1766,925.75,3
228,272.57,0.7176,0.0091865,0.7047100000000001,4,-56.5,0.21169000000000002,924.25,3
229,272.6,0.7176,0.0091865,0.7047100000000001,4,-56.5,1.3346,923.25,3
230,272.65,0.8231200000000001,-0.048229,0.77313,4,-56.5,5.9595,924.75,3
231,272.75,0.8231200000000001,-0.048229,0.77313,4,-59.0,3.4269,921.25,3
232,273.0,0.8231200000000001,-0.048229,0.77313,4,-56.5,5.4027,925.25,3
233,273.25,0.8231200000000001,-0.048229,0.77313,4,-56.5,5.3996,925.25,3
234,274.0,1.0811,-0.15158,0.87575,3,-56.5,4.9379,925.75,3
235,274.25,1.0811,-0.15158,0.87575,4,-56.5,0.24083000000000002,924.25,3
236,274.32,1.0811,-0.15158,0.87575,4,-56.5,1.3468,923.25,3
237,274.75,1.0811,-0.15158,0.87575,4,-57.0,0.80074,923.75,3
238,274.85,1.0811,-0.15158,0.87575,4,-56.5,5.912000000000001,924.75,3
239,275.0,1.0811,-0.15158,0.87575,4,-56.5,5.9074,924.75,3
240,275.25,1.0811,-0.15158,0.87575,4,-57.0,1.8577,922.75,3
241,276.25,0.9521,-0.11713,0.8187399999999999,4,-57.5,2.3976,922.25,3
242,276.5,0.9521,-0.11713,0.8187399999999999,1,-67.5,1.175,925.75,3
243,276.75,0.9521,-0.11713,0.8187399999999999,4,-56.5,1.3852,923.25,3
244,277.5,0.79967,-0.048229,0.75032,4,-56.5,5.9196,924.75,3
245,277.75,0.79967,-0.048229,0.75032,4,-57.0,1.8684,922.75,3
246,278.0,0.79967,-0.048229,0.75032,4,-56.5,5.3367,925.25,3
247,278.25,0.79967,-0.048229,0.75032,4,-58.5,2.8716,921.75,3
248,278.75,0.79967,-0.048229,0.75032,3,-56.5,4.8949,925.75,3
249,278.82,0.79967,-0.048229,0.75032,4,-56.5,4.8152,925.75,3
250,279.0,0.79967,-0.048229,0.75032,4,-56.5,0.20095,924.25,3
251,279.25,0.79967,-0.048229,0.75032,3,-57.5,0.61052,923.25,3
252,279.75,0.8583,-0.048229,0.7845300000000001,1,-67.5,2.1016,924.75,3
253,280.25,0.8583,-0.048229,0.7845300000000001,4,-56.5,5.3674,925.25,3
254,280.5,0.8583,-0.048229,0.7845300000000001,4,-59.5,3.9178,920.75,3
255,281.0,0.8583,-0.048229,0.7845300000000001,4,-57.5,2.3853,922.25,3
256,281.25,0.8583,-0.048229,0.7845300000000001,3,-56.5,4.9133,925.75,3
257,281.32,0.8583,-0.048229,0.7845300000000001,4,-56.5,0.20555,924.25,3
258,281.5,0.8583,-0.048229,0.7845300000000001,4,-56.5,1.3146,923.25,3
259,282.25,0.7527699999999999,-0.01378,0.71611,3,-57.0,5.6941,924.75,3
260,282.5,0.7527699999999999,-0.01378,0.71611,4,-59.0,0.20861999999999997,921.25,3
261,282.75,0.7527699999999999,-0.01378,0.71611,4,-56.5,5.2999,925.25,3
262,283.25,0.7527699999999999,-0.01378,0.71611,4,-58.5,5.9749,921.75,3
263,283.75,0.77622,-0.025263,0.75032,4,-56.5,0.22855999999999999,924.25,3
264,284.0,0.77622,-0.025263,0.75032,4,-56.5,1.3422,923.25,3
