,time,frontal,vertical,lateral,id,rssi,phase,freq,label
0,0.0,0.24858000000000002,1.0197,-0.036489999999999995,4,-66.5,5.8077,923.75,4
1,0.025,0.2603,1.1231,-0.28736,1,-41.5,5.8353,923.75,4
2,0.25,0.084423,1.0771,-0.28736,1,-41.5,6.138999999999999,923.75,4
3,0.275,-0.0093803,0.97377,-0.33297,1,-40.5,5.846,924.75,4
4,0.3,-0.0093803,0.97377,-0.33297,4,-62.0,2.6108,924.75,4
5,0.35,0.23685,0.92784,-0.013684,1,-44.5,0.8759,924.75,4
6,0.5,0.096148,0.8819100000000001,-0.15052000000000001,1,-55.5,0.064427,921.25,4
7,2.75,-0.021106,1.0886,-0.036489999999999995,2,-57.0,4.2384,924.75,2
8,4.25,-0.021106,1.0886,-0.036489999999999995,2,-56.5,4.085,925.75,2
9,5.75,0.83485,0.73263,0.14595999999999998,2,-56.5,4.4639,925.25,2
10,6.5,0.83485,0.73263,0.14595999999999998,2,-56.0,1.04,925.75,2
11,6.75,0.83485,0.73263,0.14595999999999998,2,-56.0,4.8121,924.25,2
12,7.25,0.83485,0.73263,0.14595999999999998,2,-58.5,0.049087,920.25,2
13,7.5,0.83485,0.73263,0.14595999999999998,2,-55.5,4.5927,924.75,2
14,8.0,0.83485,0.73263,0.14595999999999998,2,-57.5,5.3613,922.75,2
15,9.0,0.7645,0.7096600000000001,0.12315,2,-55.0,0.6473399999999999,925.75,2
16,9.5,0.7645,0.7096600000000001,0.12315,2,-55.5,4.6434,923.25,2
17,9.75,0.7645,0.7096600000000001,0.12315,2,-55.5,1.2625,923.75,2
18,10.75,0.69414,0.76708,0.11175,2,-57.5,5.5515,920.75,2
19,11.25,0.69414,0.76708,0.11175,2,-56.5,4.9348,922.25,2
20,11.75,0.69414,0.79004,0.11175,2,-56.0,4.6142,923.25,2
21,12.25,0.69414,0.79004,0.11175,2,-56.0,4.4577,923.75,2
22,13.0,0.83485,0.72114,0.15736,2,-55.0,0.49548000000000003,925.25,2
23,13.25,0.83485,0.72114,0.15736,2,-57.5,5.5361,920.75,2
24,13.75,0.83485,0.72114,0.15736,2,-56.0,4.9563,922.25,2
25,14.0,0.83485,0.72114,0.15736,2,-55.5,0.98175,924.25,2
26,14.75,0.8465799999999999,0.7096600000000001,0.18017,2,-56.0,1.2425,923.75,2
27,15.25,0.8465799999999999,0.7096600000000001,0.18017,2,-56.0,4.8612,922.75,2
28,15.5,0.8465799999999999,0.7096600000000001,0.18017,2,-55.5,0.57371,925.25,2
29,16.25,0.79967,0.74411,0.14595999999999998,2,-55.0,0.18408,925.75,2
30,16.5,0.79967,0.74411,0.14595999999999998,2,-56.0,4.1264,924.25,2
31,18.0,0.69414,0.79004,0.08894400000000001,2,-55.5,0.44025,925.25,2
32,18.5,0.69414,0.79004,0.08894400000000001,2,-56.5,5.2738,921.75,2
33,19.25,0.7527699999999999,0.76708,0.13455999999999999,2,-57.5,5.7601,920.25,2
34,20.25,0.96383,0.66373,0.21438000000000001,2,-56.0,4.6878,922.75,2
35,20.5,0.96383,0.66373,0.21438000000000001,2,-55.0,0.37583,925.25,2
36,21.5,0.65897,0.80152,0.077541,2,-55.5,1.4895,923.25,2
37,22.5,0.97555,0.6522399999999999,0.21438000000000001,2,-55.0,4.7906,922.75,2
38,23.5,0.67069,0.79004,0.08894400000000001,2,-55.5,4.9379,922.25,2
39,25.0,0.70587,0.79004,0.10035,2,-56.5,5.4011,921.25,2
40,25.75,0.9872799999999999,0.66373,0.22578,2,-56.0,4.9701,922.25,2
41,26.75,0.7645,0.74411,0.13455999999999999,2,-55.0,4.2445,923.75,2
42,27.5,0.77622,0.74411,0.13455999999999999,2,-55.5,1.5386,922.75,2
43,28.25,0.7176,0.76708,0.10035,2,-55.5,5.0008,922.25,2
44,28.5,0.7176,0.76708,0.10035,2,-54.5,4.1939,924.25,2
45,29.25,0.7527699999999999,0.74411,0.11175,2,-57.0,5.734,920.25,2
46,31.25,0.65897,0.81301,0.077541,2,-55.0,4.559,923.25,2
47,31.5,0.65897,0.81301,0.077541,2,-57.5,5.757000000000001,920.25,2
48,33.25,0.72932,0.74411,0.13455999999999999,2,-56.0,4.9195,922.25,2
49,33.75,0.8465799999999999,0.69818,0.18017,2,-55.0,4.5114,923.25,2
50,34.0,0.8465799999999999,0.69818,0.18017,2,-55.0,4.2706,923.75,2
51,34.75,0.67069,0.79004,0.08894400000000001,2,-56.5,5.2723,921.25,2
52,34.825,0.67069,0.79004,0.08894400000000001,2,-55.5,4.7063,922.75,2
53,35.5,0.8114,0.72114,0.15736,2,-56.0,5.0084,922.25,2
54,36.5,0.70587,0.77856,0.10035,2,-57.5,5.7524,920.25,2
55,38.75,0.7645,0.74411,0.14595999999999998,2,-57.5,5.7877,920.25,2
56,39.0,0.7645,0.74411,0.14595999999999998,2,-55.0,4.4562,923.75,2
57,40.0,0.74105,0.75559,0.13455999999999999,2,-57.5,5.4855,920.75,2
58,41.25,0.8583,0.6866899999999999,0.19157000000000002,2,-56.5,4.6526,923.25,2
59,42.25,0.78795,0.73263,0.15736,2,-55.5,4.22,925.25,2
60,44.0,0.29548,0.93932,-0.11631,2,-47.0,4.7737,923.75,4
61,44.075,0.31893,0.96229,-0.10490999999999999,2,-47.5,4.266,924.75,4
62,44.5,0.43618999999999997,0.96229,-0.013684,2,-49.0,5.6711,922.75,4
63,44.575,0.38928,0.98526,-0.036489999999999995,2,-47.5,4.625,925.25,4
64,44.75,0.29548,0.95081,-0.082102,2,-47.0,4.7737,925.25,4
65,45.25,0.27203,0.96229,-0.10490999999999999,2,-49.0,0.25156999999999996,922.25,4
66,45.5,0.30721,0.97377,-0.10490999999999999,2,-46.5,4.6526,925.75,4
67,45.575,0.30721,0.97377,-0.11631,2,-46.5,4.6434,925.75,4
68,45.75,0.29548,0.97377,-0.082102,2,-46.5,5.4717,924.25,4
69,45.825,0.30721,0.97377,-0.082102,2,-46.5,5.5223,924.25,4
70,46.0,0.30721,0.97377,-0.082102,2,-47.0,6.1451,923.25,4
71,46.075,0.29548,0.97377,-0.059296,2,-46.5,0.049087,923.25,4
72,46.125,0.33066,0.97377,-0.025087,2,-49.5,1.5002,920.25,4
73,46.25,0.48308999999999996,0.92784,0.066138,2,-45.0,0.40804,923.75,4
74,46.5,0.2603,0.97377,-0.070699,2,-45.0,0.7915300000000001,923.75,4
75,46.575,0.30721,1.0197,-0.15052000000000001,3,-66.0,3.43,924.75,4
76,46.625,0.30721,1.0197,-0.15052000000000001,2,-45.0,1.4926,924.75,4
77,46.75,0.2134,0.99674,-0.11631,2,-47.5,3.9960000000000004,921.25,4
78,46.825,0.22513000000000002,0.98526,-0.10490999999999999,2,-47.5,4.7661,921.25,4
79,46.875,0.22513000000000002,0.98526,-0.10490999999999999,2,-47.5,4.9793,921.25,4
80,47.0,0.42446000000000006,1.0771,-0.10490999999999999,2,-47.5,0.009203900000000001,922.75,4
81,47.075,0.22513000000000002,1.0886,-0.082102,2,-47.0,0.8651700000000001,925.25,4
82,47.25,-0.032831,0.93932,-0.013684,2,-56.0,1.1167,920.75,4
83,50.75,0.51826,0.95081,-0.013684,4,-56.0,1.0339,923.25,4
84,51.25,0.51826,0.95081,-0.013684,1,-58.5,3.7046,923.75,4
85,51.325,0.51826,0.95081,-0.013684,1,-58.5,5.4932,924.75,4
86,51.5,0.51826,0.95081,-0.013684,4,-56.0,0.084369,921.25,4
87,51.75,0.51826,0.95081,-0.013684,1,-57.5,3.5788,922.75,4
88,52.25,0.2134,1.0082,-0.11631,4,-56.0,5.9641,920.75,4
89,105.5,-0.12663,0.89339,-0.013684,3,-55.5,5.5499,925.25,1
90,105.75,-0.12663,0.89339,-0.013684,4,-57.5,0.3252,925.25,1
91,223.5,-0.12663,0.89339,-0.013684,1,-59.5,5.4993,924.25,4
92,224.0,0.31893,0.8704200000000001,0.020525,1,-62.5,4.4148,923.75,4
93,224.75,0.025796,0.84746,0.031928,1,-68.0,6.0715,925.25,4
94,238.0,-0.032831,0.9048700000000001,-0.16192,4,-56.5,4.1847,924.25,4
95,238.25,-0.032831,0.9048700000000001,-0.16192,4,-56.0,5.0713,923.25,1
96,238.5,-0.032831,0.9048700000000001,-0.16192,4,-58.5,1.4956,920.25,1
97,238.75,-0.032831,0.9048700000000001,-0.16192,4,-57.5,3.7613,923.75,1
98,239.0,-0.032831,0.9048700000000001,-0.16192,4,-57.5,1.4880000000000002,924.75,1
99,239.75,-0.032831,0.9048700000000001,-0.16192,3,-58.5,2.7566,920.75,1
100,240.0,-0.032831,0.9048700000000001,-0.16192,3,-56.0,1.784,922.25,1
101,240.5,-0.032831,0.9048700000000001,-0.16192,3,-57.0,0.13192,924.25,1
102,240.75,-0.032831,0.9048700000000001,-0.16192,3,-56.5,0.75165,923.25,3
103,241.5,1.0694,-0.082679,0.18017,3,-57.0,2.1706,921.25,3
104,241.75,1.0694,-0.082679,0.18017,3,-57.0,5.688,925.25,3
105,242.25,1.0694,-0.082679,0.18017,1,-62.5,0.10278,920.75,3
106,242.5,1.0694,-0.082679,0.18017,3,-56.0,1.511,922.25,3
107,243.0,1.0694,-0.082679,0.18017,3,-56.5,0.064427,924.25,3
108,243.25,1.0694,-0.082679,0.18017,3,-57.5,5.9703,920.25,3
109,244.0,1.1397,-0.10565,0.22578,3,-56.5,2.1491,921.25,3
110,244.25,1.1397,-0.10565,0.22578,1,-63.5,5.6635,925.25,3
111,244.75,1.1397,-0.10565,0.22578,1,-61.5,5.438,921.75,3
112,245.25,1.1397,-0.10565,0.22578,3,-57.0,5.3306,925.75,3
113,245.5,1.1397,-0.10565,0.22578,1,-62.0,1.1827,923.25,3
114,246.0,1.1397,-0.10565,0.22578,3,-56.5,0.5092800000000001,923.75,3
115,246.25,1.1397,-0.10565,0.22578,3,-56.5,2.1644,921.25,3
116,247.0,1.0459,-0.07119600000000001,0.18017,3,-56.0,1.8162,921.75,3
117,247.5,1.0459,-0.07119600000000001,0.18017,1,-61.5,1.9006,922.25,3
118,248.0,1.0459,-0.07119600000000001,0.18017,3,-56.5,0.07363099999999999,924.25,3
119,248.25,1.0459,-0.07119600000000001,0.18017,3,-57.5,5.9273,920.25,3
120,248.5,1.0459,-0.07119600000000001,0.18017,3,-56.5,0.46633,923.75,3
121,248.75,1.0459,-0.07119600000000001,0.18017,1,-62.0,5.935,921.25,3
122,249.25,1.0459,-0.07119600000000001,0.18017,3,-57.0,5.6757,925.25,3
123,250.0,1.0694,-0.082679,0.18017,3,-57.0,5.3260000000000005,925.75,3
124,250.5,1.0694,-0.082679,0.18017,3,-56.0,0.7915300000000001,923.25,3
125,250.75,1.0694,-0.082679,0.18017,3,-57.5,5.8521,920.25,3
126,251.25,1.0694,-0.082679,0.18017,3,-56.5,2.0939,921.25,3
127,251.5,1.0694,-0.082679,0.18017,3,-56.5,1.1059999999999999,922.75,3
128,251.75,1.0694,-0.082679,0.18017,3,-57.0,2.4528,920.75,3
129,252.0,1.0694,-0.082679,0.18017,3,-56.0,1.7748,921.75,3
130,252.75,1.0928,-0.082679,0.18017,1,-61.5,1.1704,923.25,3
131,253.25,1.0928,-0.082679,0.18017,3,-56.5,0.34515,923.75,3
132,253.75,1.0928,-0.082679,0.18017,3,-57.0,5.2401,921.25,3
133,254.0,1.0928,-0.082679,0.18017,3,-57.0,5.6113,925.25,3
134,254.75,1.1163,-0.10565,0.20297,3,-56.0,1.4373,922.25,3
135,255.0,1.1163,-0.10565,0.20297,1,-61.5,0.25156999999999996,924.25,3
136,255.5,1.1163,-0.10565,0.20297,1,-62.5,0.51695,920.25,3
137,256.0,1.1163,-0.10565,0.20297,3,-56.5,5.9779,924.75,3
138,256.25,1.1163,-0.10565,0.20297,3,-56.5,2.146,921.25,3
139,256.5,1.1163,-0.10565,0.20297,1,-63.0,5.6757,925.25,3
140,257.5,1.0811,-0.07119600000000001,0.16876,1,-62.0,0.27918000000000004,924.25,3
141,258.0,1.0811,-0.07119600000000001,0.16876,3,-56.5,0.6534800000000001,923.75,3
142,258.5,1.0811,-0.07119600000000001,0.16876,1,-63.5,0.0076698999999999995,924.75,3
143,259.0,1.0811,-0.07119600000000001,0.16876,3,-58.0,6.1037,925.25,3
144,259.5,1.0811,-0.07119600000000001,0.16876,3,-57.0,5.6665,922.25,3
145,260.0,1.0811,-0.07119600000000001,0.16876,4,-60.0,1.0078,924.25,3
146,261.5,1.0811,-0.10565,0.18017,1,-65.0,0.53843,920.75,3
147,262.5,1.0811,-0.10565,0.18017,3,-57.0,0.30985999999999997,924.25,3
148,262.75,1.0811,-0.10565,0.18017,1,-64.5,0.7025600000000001,920.25,3
149,263.25,1.0811,-0.10565,0.18017,3,-57.0,2.327,921.25,3
150,264.25,1.1045,-0.10565,0.23718000000000003,3,-56.0,1.9681,921.75,3
151,264.75,1.1045,-0.10565,0.23718000000000003,3,-56.0,5.4042,925.75,3
152,265.0,1.1045,-0.10565,0.23718000000000003,1,-63.5,0.46633,924.25,3
153,265.75,1.1045,-0.10565,0.23718000000000003,1,-64.5,0.003068,924.75,3
154,267.0,1.1983,-0.12861,0.25999,3,-57.5,5.3873,925.75,3
155,267.5,1.1983,-0.12861,0.25999,3,-57.0,1.0124,923.25,3
156,268.0,1.1983,-0.12861,0.25999,1,-63.0,0.8820399999999999,923.75,3
157,268.75,1.1983,-0.12861,0.25999,1,-65.0,5.7632,925.25,3
158,269.25,1.1983,-0.12861,0.25999,3,-56.5,1.6552,922.25,3
159,269.75,1.1983,-0.12861,0.25999,1,-63.5,1.3269,923.25,3
160,271.5,1.2804,-0.17454,0.33981,3,-57.5,1.9712,921.75,3
161,272.0,1.2804,-0.17454,0.33981,3,-58.5,5.4334,925.75,3
162,272.5,1.2804,-0.17454,0.33981,3,-57.0,0.97254,923.25,3
163,273.0,1.2804,-0.17454,0.33981,1,-63.5,6.2387,924.75,3
164,273.5,1.2804,-0.17454,0.33981,1,-64.0,5.8629,925.25,3
165,274.5,1.2804,-0.17454,0.33981,3,-58.0,5.6819,925.75,3
166,275.0,1.2804,-0.17454,0.33981,3,-57.5,0.84983,923.75,3
167,275.5,1.2804,-0.17454,0.33981,3,-58.0,2.5004,921.25,3
168,277.0,1.0928,-0.10565,0.27139,3,-58.0,0.45558999999999994,924.25,3
169,277.5,1.0928,-0.10565,0.27139,1,-62.5,1.2118,923.75,3
170,278.25,1.0928,-0.10565,0.27139,3,-57.5,6.0025,925.25,3
171,279.0,1.0928,-0.10565,0.27139,1,-63.0,5.5561,922.25,3
172,280.75,1.1632,-0.12861,0.2942,1,-65.0,6.1129,925.25,3
173,281.75,1.1632,-0.12861,0.2942,3,-57.5,5.6312,925.75,3
174,282.25,1.1632,-0.12861,0.2942,3,-59.0,6.185,920.25,3
