,time,frontal,vertical,lateral,id,rssi,phase,freq,label
0,0.0,0.10787000000000001,0.9048700000000001,-0.082102,1,-44.5,4.625,922.25,4
1,0.25,0.20168,1.0427,-0.025087,1,-45.0,3.5358,925.75,4
2,0.275,0.24858000000000002,1.169,-0.070699,2,-65.5,5.2139999999999995,925.75,4
3,0.5,0.24858000000000002,1.169,-0.070699,1,-56.5,5.5837,924.25,4
4,1.5,0.24858000000000002,1.169,-0.070699,2,-50.5,0.62433,924.75,4
5,2.0,0.28376,1.0886,0.020525,2,-56.5,1.5309,920.75,4
6,2.75,0.072698,0.76708,0.077541,2,-57.5,1.3116,925.75,2
7,3.5,0.072698,0.76708,0.077541,2,-56.5,1.7012,923.75,2
8,4.5,0.63552,0.74411,0.27139,2,-51.5,0.8145399999999999,925.25,2
9,6.5,0.70587,0.76708,0.043332,2,-55.0,5.3459,922.75,2
10,7.5,0.70587,0.75559,0.043332,2,-55.0,5.5285,922.25,2
11,9.25,0.67069,0.75559,0.031928,2,-56.5,6.2004,920.75,2
12,9.75,0.67069,0.75559,0.031928,2,-56.0,5.5515,922.25,2
13,10.5,0.72932,0.76708,0.054735,2,-55.5,5.2631,923.25,2
14,10.75,0.72932,0.76708,0.054735,2,-57.5,0.21629,920.25,2
15,11.25,0.68242,0.76708,0.031928,2,-56.5,6.0316,921.25,2
16,13.25,0.68242,0.75559,0.031928,2,-55.0,5.0652,923.75,2
17,13.5,0.68242,0.75559,0.031928,2,-57.0,6.0638,921.25,2
18,14.25,0.78795,0.7096600000000001,0.077541,2,-57.5,0.010738,920.75,2
19,14.75,0.78795,0.7096600000000001,0.077541,2,-56.5,5.7325,922.25,2
20,15.5,0.67069,0.76708,0.043332,2,-58.0,0.26384,920.25,2
21,20.0,0.8465799999999999,0.69818,0.12315,2,-55.0,4.8244,924.25,2
22,21.5,0.88175,0.6752100000000001,0.14595999999999998,2,-57.5,0.064427,920.75,2
23,22.0,0.88175,0.6752100000000001,0.14595999999999998,2,-56.5,5.7279,922.25,2
24,22.75,0.8583,0.6866899999999999,0.13455999999999999,2,-55.5,5.2876,923.25,2
25,24.0,0.96383,0.6522399999999999,0.18017,2,-58.0,6.277,920.75,2
26,24.75,0.78795,0.72114,0.10035,2,-55.0,4.8949,924.25,2
27,25.25,0.78795,0.72114,0.10035,2,-58.0,0.21936,920.25,2
28,26.0,0.7645,0.73263,0.077541,2,-56.5,5.441,922.75,2
29,26.5,0.7645,0.73263,0.077541,2,-57.5,6.2387,920.75,2
30,27.25,0.8583,0.6752100000000001,0.12315,2,-55.0,4.7998,924.25,2
31,27.475,0.8583,0.6752100000000001,0.12315,2,-56.0,5.2662,923.25,2
32,28.75,0.7527699999999999,0.74411,0.066138,2,-57.5,0.001534,920.75,2
33,29.25,0.7527699999999999,0.74411,0.066138,2,-56.0,5.6711,922.25,2
34,29.75,0.7527699999999999,0.74411,0.077541,2,-56.0,5.2232,923.25,2
35,30.25,0.7527699999999999,0.74411,0.077541,2,-55.5,5.0238,923.75,2
36,31.0,0.8465799999999999,0.6866899999999999,0.12315,2,-56.0,5.4732,922.75,2
37,31.5,0.8465799999999999,0.6866899999999999,0.12315,2,-58.0,0.018408,920.75,2
38,32.75,1.0107,0.6292800000000001,0.19157000000000002,2,-55.5,5.0407,923.75,2
39,33.0,1.0107,0.6292800000000001,0.19157000000000002,2,-54.5,1.4542,924.75,2
40,33.25,1.0107,0.6292800000000001,0.19157000000000002,2,-56.5,5.4426,922.75,2
41,34.0,0.79967,0.7096600000000001,0.10035,2,-56.5,5.6404,922.25,2
42,34.5,0.79967,0.7096600000000001,0.10035,2,-55.0,4.7845,924.25,2
43,35.5,0.77622,0.72114,0.08894400000000001,2,-57.0,6.1098,921.25,2
44,36.25,1.0225,0.60631,0.19157000000000002,2,-57.0,5.8644,921.75,2
45,36.75,1.0225,0.60631,0.19157000000000002,2,-57.0,5.6543,922.25,2
46,38.5,0.8231200000000001,0.7096600000000001,0.12315,2,-57.5,6.2234,920.75,2
47,39.75,0.83485,0.6866899999999999,0.12315,2,-55.5,5.3383,923.25,2
48,40.5,0.77622,0.72114,0.08894400000000001,2,-57.0,6.0562,921.25,2
49,41.25,0.97555,0.64076,0.18017,2,-57.0,5.8475,921.75,2
50,43.0,-0.34942,1.146,-0.11631,2,-51.0,4.197,921.25,2
51,43.075,0.0023451,0.6292800000000001,-0.025087,2,-47.5,5.0422,922.75,4
52,43.25,0.36583000000000004,1.0082,-0.10490999999999999,2,-45.0,4.6878,925.25,4
53,43.325,0.23685,0.9048700000000001,-0.059296,2,-45.0,4.9241,925.25,4
54,43.5,0.2603,1.0082,0.043332,2,-48.5,1.2732,920.75,4
55,43.75,0.20168,0.8589399999999999,0.0091224,2,-47.5,1.1397,921.75,4
56,43.85,0.24858000000000002,1.0197,-0.070699,2,-47.0,0.8927799999999999,922.25,4
57,44.0,0.28376,0.98526,-0.036489999999999995,2,-45.0,5.0836,925.75,4
58,44.25,0.28376,0.98526,-0.036489999999999995,2,-45.0,5.033,925.75,4
59,44.325,0.30721,0.98526,-0.0022806,2,-45.0,5.8721,924.25,4
60,44.375,0.31893,0.96229,0.0091224,2,-45.0,5.8184,924.25,4
61,44.5,0.28376,0.98526,-0.047893,2,-46.0,0.13192,923.25,4
62,44.575,0.29548,0.97377,-0.036489999999999995,2,-46.0,0.13039,923.25,4
63,44.625,0.28376,0.96229,-0.059296,2,-46.0,0.15033,923.25,4
64,45.0,0.2603,0.97377,-0.036489999999999995,2,-45.5,6.2464,923.75,4
65,45.075,0.28376,0.98526,-0.036489999999999995,2,-45.5,0.0061359,923.75,4
66,45.125,0.24858000000000002,0.96229,-0.036489999999999995,2,-44.0,5.7371,924.75,4
67,45.15,0.27203,0.97377,0.020525,2,-44.5,5.7371,924.75,4
68,45.25,0.34238,0.97377,0.054735,2,-44.0,5.8399,924.75,4
69,45.325,0.34238,0.97377,0.054735,2,-44.0,5.8859,924.75,4
70,45.375,0.23685,0.98526,0.066138,2,-47.0,1.5785,921.25,4
71,45.5,0.24858000000000002,0.98526,0.0091224,2,-45.5,1.2057,922.75,4
72,45.75,0.20168,0.97377,-0.12771,2,-43.5,0.11965,925.25,4
73,46.0,0.29548,0.98526,-0.070699,2,-48.0,0.59365,920.75,4
74,51.5,0.060972000000000005,0.8819100000000001,-0.070699,4,-58.0,3.8994,925.75,1
75,67.5,0.060972000000000005,0.8819100000000001,-0.070699,4,-58.0,0.3973,922.75,1
76,67.75,0.060972000000000005,0.8819100000000001,-0.070699,4,-57.5,2.0785,920.75,1
77,68.0,0.060972000000000005,0.8819100000000001,-0.070699,3,-59.0,2.7596,920.75,1
78,68.5,0.060972000000000005,0.8819100000000001,-0.070699,4,-58.0,5.3597,925.75,1
79,69.5,0.060972000000000005,0.8819100000000001,-0.070699,4,-58.5,0.1672,924.75,1
80,70.0,0.72932,-0.048229,0.84154,4,-57.0,1.3131,925.25,3
81,70.75,0.72932,-0.048229,0.84154,4,-57.5,5.8598,925.75,3
82,71.0,0.72932,-0.048229,0.84154,1,-68.5,0.069029,924.25,3
83,71.5,0.72932,-0.048229,0.84154,4,-56.5,6.0163,923.25,3
84,73.5,0.8465799999999999,-0.059712,0.89856,4,-59.5,5.1051,924.25,3
85,76.0,0.52999,0.043636,0.96698,4,-58.0,2.0402,924.25,3
86,77.25,0.52999,0.043636,0.96698,4,-58.0,0.45252,922.75,3
87,79.75,0.7176,-0.01378,1.0468,4,-58.0,0.45406,922.75,3
88,80.25,0.7176,-0.01378,1.0468,4,-58.0,4.6418,921.75,3
89,81.0,0.7176,-0.01378,1.0468,4,-58.5,1.8853,924.25,3
90,84.0,0.5534399999999999,0.05511900000000001,0.9783799999999999,4,-59.0,1.3177,924.75,3
91,84.5,0.5534399999999999,0.05511900000000001,0.9783799999999999,4,-58.5,0.39884000000000003,922.75,3
92,85.5,0.5534399999999999,0.05511900000000001,0.9783799999999999,4,-60.0,0.5476300000000001,925.75,3
93,86.25,0.5534399999999999,0.05511900000000001,0.9783799999999999,4,-58.5,2.4007,923.75,3
94,86.75,0.5534399999999999,0.05511900000000001,0.9783799999999999,4,-58.0,5.1266,921.25,3
95,87.5,0.5534399999999999,0.05511900000000001,0.9783799999999999,3,-65.5,2.4958,920.75,3
96,89.25,0.50654,0.078086,0.9441700000000001,4,-58.0,0.43718,922.75,3
97,90.0,0.50654,0.078086,0.9441700000000001,4,-57.5,4.6219,921.75,3
98,91.0,0.50654,0.078086,0.9441700000000001,4,-58.0,5.9534,923.25,3
99,91.25,0.50654,0.078086,0.9441700000000001,4,-59.0,1.2732,924.75,3
100,91.75,0.50654,0.078086,0.9441700000000001,4,-58.0,0.27458,922.75,3
101,94.75,0.74105,-0.01378,1.0468,4,-58.0,5.6512,920.75,3
102,95.5,0.74105,-0.01378,1.0468,4,-58.5,1.8837,924.25,3
103,96.0,0.74105,-0.01378,1.0468,4,-58.0,5.6696,923.75,3
104,97.25,0.49481,0.10105,0.9213600000000001,4,-57.5,4.5866,921.75,3
105,97.75,0.49481,0.10105,0.9213600000000001,2,-69.5,3.7337,924.25,3
106,98.75,0.49481,0.10105,0.9213600000000001,2,-69.0,0.20709,924.75,3
107,99.75,0.49481,0.10105,0.9213600000000001,4,-57.5,4.7415,921.75,3
108,100.75,0.54171,0.066602,0.95557,3,-65.5,0.05215499999999999,920.25,3
