,time,frontal,vertical,lateral,id,rssi,phase,freq,label
0,0.0,1.1866,0.043636,0.54506,4,-57.5,5.5361,920.25,3
1,0.5,1.1866,0.043636,0.54506,1,-61.0,0.87744,921.25,3
2,0.75,1.1866,0.043636,0.54506,1,-58.5,3.4729,925.75,3
3,1.0,1.1866,0.043636,0.54506,1,-60.0,5.9902,922.75,3
4,2.5,1.1866,0.05511900000000001,0.5222600000000001,1,-61.0,2.6707,923.25,3
5,3.0,1.1866,0.05511900000000001,0.5222600000000001,4,-57.5,4.8366,921.75,3
6,3.25,1.1866,0.05511900000000001,0.5222600000000001,1,-60.0,0.59365,925.75,3
7,4.0,1.0107,0.12402,0.43103,1,-60.0,4.0927,925.25,3
8,4.25,1.0107,0.12402,0.43103,1,-60.5,5.2907,923.75,3
9,4.75,1.0107,0.12402,0.43103,4,-56.5,0.89584,923.25,3
10,5.25,1.0107,0.12402,0.43103,4,-58.0,1.939,921.25,3
11,6.0,1.1045,0.078086,0.47665,4,-56.5,1.014,922.75,3
12,6.25,1.1045,0.078086,0.47665,1,-60.0,4.1157,925.25,3
13,6.75,1.1045,0.078086,0.47665,4,-56.0,0.57524,923.75,3
14,7.0,1.1045,0.078086,0.47665,1,-61.5,2.0279,924.25,3
15,8.25,1.2452,0.0091865,0.53366,4,-57.0,1.0692,922.75,3
16,8.5,1.2452,0.0091865,0.53366,1,-61.5,0.20402,922.25,3
17,8.75,1.2452,0.0091865,0.53366,1,-59.5,0.9679399999999999,925.25,3
18,9.25,1.2452,0.0091865,0.53366,4,-56.5,0.30526,923.75,3
19,9.5,1.2452,0.0091865,0.53366,4,-56.0,6.2617,924.25,3
20,10.5,1.1045,0.078086,0.46524,1,-59.5,0.65041,925.75,3
21,10.75,1.1045,0.078086,0.46524,1,-61.5,6.0792,922.75,3
22,11.25,1.1045,0.078086,0.46524,1,-60.0,4.1786,925.25,3
23,11.5,1.1045,0.078086,0.46524,1,-60.5,5.306,923.75,3
24,12.0,1.1045,0.078086,0.46524,4,-56.0,0.033748,924.25,3
25,13.0,0.9990100000000001,0.1355,0.40823000000000004,1,-59.0,3.6417,925.75,3
26,13.5,0.9990100000000001,0.1355,0.40823000000000004,1,-60.0,0.95567,925.25,3
27,14.0,0.9990100000000001,0.1355,0.40823000000000004,1,-61.0,2.2534,923.75,3
28,14.5,0.9990100000000001,0.1355,0.40823000000000004,1,-62.0,5.8092,923.25,3
29,15.5,1.0342,0.11254000000000002,0.41963,4,-57.0,0.8927799999999999,922.75,3
30,15.75,1.0342,0.11254000000000002,0.41963,1,-61.5,0.082835,922.25,3
31,16.0,1.0342,0.11254000000000002,0.41963,1,-59.5,4.0114,925.25,3
32,16.5,1.0342,0.11254000000000002,0.41963,4,-56.0,0.25311,923.75,3
33,18.0,0.9990100000000001,0.12402,0.41963,4,-57.0,1.0431,922.75,3
34,18.5,1.0694,0.10105,0.45383999999999997,1,-60.0,4.4455,924.75,3
35,19.0,1.0694,0.10105,0.45383999999999997,4,-58.5,1.9343,920.75,3
36,19.5,1.0694,0.10105,0.45383999999999997,4,-56.5,0.5507,923.25,3
37,19.75,1.0694,0.10105,0.45383999999999997,1,-62.0,3.9362,921.25,3
38,20.25,1.0694,0.10105,0.45383999999999997,1,-60.0,0.5322899999999999,925.75,3
39,20.5,1.0694,0.10105,0.45383999999999997,4,-57.5,1.2947,922.25,3
40,21.25,0.96383,0.14698,0.39683,4,-56.0,0.4694,923.75,3
41,21.5,0.96383,0.14698,0.39683,1,-61.0,4.9287,924.25,3
42,22.25,0.96383,0.14698,0.39683,1,-62.5,0.89584,921.25,3
43,23.0,0.9872799999999999,0.15847,0.38542,1,-61.0,0.069029,922.25,3
44,23.5,0.9872799999999999,0.15847,0.38542,1,-59.5,4.0973,925.25,3
45,23.75,0.9872799999999999,0.15847,0.38542,4,-56.0,0.34515,923.75,3
46,24.0,0.9872799999999999,0.15847,0.38542,4,-56.0,0.15492999999999998,924.25,3
47,25.0,1.1397,0.066602,0.47665,1,-58.0,3.7429,925.75,3
48,25.25,1.1397,0.066602,0.47665,4,-57.0,0.7639199999999999,922.75,3
49,25.5,1.1397,0.066602,0.47665,1,-62.0,0.10278,922.25,3
50,26.0,1.1397,0.066602,0.47665,1,-59.0,4.4439,924.75,3
51,26.5,1.1163,0.10105,0.44243999999999994,1,-59.5,4.8735,924.25,3
52,27.25,1.1163,0.10105,0.44243999999999994,1,-63.5,0.9986200000000001,921.25,3
53,27.75,1.1163,0.10105,0.44243999999999994,4,-56.5,1.0477,922.75,3
54,28.0,1.1163,0.10105,0.44243999999999994,4,-57.0,0.9894200000000001,922.75,3
55,28.5,0.9403799999999999,0.15847,0.36262,4,-56.0,0.18715,923.75,3
56,28.75,0.9403799999999999,0.15847,0.36262,4,-58.0,1.8945,920.75,3
57,29.25,0.9403799999999999,0.15847,0.36262,1,-60.5,5.6512,923.25,3
58,30.25,1.1514,-0.0022965999999999998,0.47665,4,-57.0,1.1305,922.75,3
59,30.5,1.1514,-0.0022965999999999998,0.47665,4,-57.0,1.4603,922.25,3
60,30.75,1.1514,-0.0022965999999999998,0.47665,1,-60.5,4.4577,925.25,3
61,31.0,1.1514,-0.0022965999999999998,0.47665,4,-56.0,0.56297,923.75,3
62,31.75,1.1514,0.032152999999999994,0.48805,1,-64.5,5.0698,920.25,3
63,32.5,1.1514,0.032152999999999994,0.48805,1,-60.5,3.9408,925.75,3
64,33.0,1.1514,0.032152999999999994,0.48805,4,-57.5,1.1796,922.25,3
65,33.5,1.0811,0.066602,0.45383999999999997,4,-56.0,0.30373,923.75,3
66,33.75,1.0811,0.066602,0.45383999999999997,1,-60.5,1.8009,924.25,3
67,34.5,1.0811,0.066602,0.45383999999999997,4,-58.0,4.7952,921.25,3
68,34.75,1.0811,0.066602,0.45383999999999997,1,-59.0,0.50775,925.75,3
69,35.0,1.0811,0.066602,0.45383999999999997,4,-56.5,0.78386,922.75,3
70,35.25,1.0811,0.066602,0.45383999999999997,4,-57.5,0.9786799999999999,922.25,3
71,35.75,0.97555,0.15847,0.37401999999999996,1,-59.0,4.4225,924.75,3
72,36.25,0.97555,0.15847,0.37401999999999996,1,-63.0,1.1612,920.75,3
73,36.5,0.97555,0.15847,0.37401999999999996,4,-56.5,0.34515,923.25,3
74,37.0,0.97555,0.15847,0.37401999999999996,4,-57.5,1.4711,921.25,3
75,37.75,1.0342,0.12402,0.39683,1,-61.5,0.0061359,922.25,3
76,38.25,1.0342,0.12402,0.39683,1,-59.5,4.3596,924.75,3
77,39.25,0.9872799999999999,0.16995,0.39683,1,-63.0,4.0267,921.25,3
78,40.25,1.1983,0.05511900000000001,0.47665,1,-59.0,4.0298,925.25,3
79,40.75,1.1983,0.05511900000000001,0.47665,1,-59.0,4.4485,924.75,3
80,41.0,1.1983,0.05511900000000001,0.47665,1,-62.5,1.2026,920.75,3
81,41.5,1.1983,0.05511900000000001,0.47665,4,-56.5,0.33901,923.25,3
82,42.5,1.2218,0.066602,0.47665,1,-62.5,0.03835,922.25,3
83,43.5,1.0811,0.10105,0.45383999999999997,4,-56.5,0.010738,924.25,3
84,43.75,1.0811,0.10105,0.45383999999999997,1,-61.5,5.5745,923.25,3
85,44.5,1.0811,0.10105,0.45383999999999997,1,-59.5,0.37276,925.75,3
86,45.0,1.0811,0.10105,0.45383999999999997,4,-58.0,1.1106,922.25,3
87,45.5,0.9872799999999999,0.14698,0.39683,4,-56.0,0.26691,923.75,3
88,46.0,0.9872799999999999,0.14698,0.39683,4,-56.0,6.2556,924.25,3
89,46.25,0.9872799999999999,0.14698,0.39683,4,-57.0,0.58905,923.25,3
90,46.75,0.9872799999999999,0.14698,0.39683,4,-58.0,1.5647,921.75,3
91,47.75,0.9990100000000001,0.11254000000000002,0.41963,1,-60.5,4.1985,925.25,3
92,48.25,0.9990100000000001,0.11254000000000002,0.41963,4,-56.0,0.33287,923.75,3
93,48.5,0.9990100000000001,0.11254000000000002,0.41963,4,-55.5,6.1574,924.25,3
94,49.5,1.0576,0.11254000000000002,0.43103,1,-60.0,3.7184,925.75,3
95,50.5,1.2218,0.0091865,0.49945,4,-56.0,0.46019,923.75,3
96,50.75,1.2218,0.0091865,0.49945,4,-59.0,5.1066,920.75,3
97,51.25,1.2218,0.0091865,0.49945,4,-56.5,0.55837,923.25,3
98,51.5,1.2218,0.0091865,0.49945,1,-63.0,3.8595,921.25,3
99,53.0,0.9990100000000001,0.11254000000000002,0.40823000000000004,1,-61.0,2.1629,923.75,3
100,53.5,0.9990100000000001,0.11254000000000002,0.40823000000000004,1,-62.0,2.5341,923.25,3
101,54.25,0.9990100000000001,0.11254000000000002,0.40823000000000004,4,-57.5,1.3867,921.75,3
102,55.0,1.1866,0.066602,0.47665,1,-59.5,3.8978,925.25,3
103,55.25,1.1866,0.066602,0.47665,1,-60.5,5.0376,923.75,3
104,55.75,1.1866,0.066602,0.47665,4,-56.0,6.1758,924.25,3
105,56.0,1.1866,0.066602,0.47665,4,-56.0,1.0416,923.25,3
106,57.0,0.96383,-0.01378,0.57927,1,-62.5,5.3183,922.75,3
107,64.25,-0.45495,0.53741,0.066138,2,-47.0,0.59365,925.75,4
108,64.375,-0.45495,0.53741,0.066138,2,-46.5,0.7808,925.75,4
109,64.45,-0.45495,0.8819100000000001,0.031928,2,-48.0,2.8057,922.75,4
110,64.475,-0.45495,0.8819100000000001,0.031928,2,-47.5,6.0408,922.75,4
111,64.525,-0.45495,0.8819100000000001,0.031928,2,-47.5,6.251,922.75,4
112,64.575,-0.51357,0.97377,0.0091224,2,-48.5,0.43872,922.25,4
113,64.6,-0.49012,0.92784,-0.013684,2,-49.5,0.09510700000000001,922.25,4
114,64.75,-0.65428,0.8819100000000001,0.21438000000000001,2,-47.5,0.41417,925.25,4
115,64.85,-0.65428,0.8819100000000001,0.21438000000000001,2,-47.5,0.16874,925.25,4
116,250.0,0.78795,0.12402,0.62489,1,-62.0,2.5403,925.25,3
117,251.25,0.8231200000000001,0.08956900000000001,0.57927,1,-68.0,5.9472,920.25,3
118,252.25,1.0928,-0.025263,0.6933,1,-63.5,4.4424,922.25,3
119,252.5,1.0928,-0.025263,0.6933,1,-59.5,5.1404,925.25,3
120,253.25,0.77622,0.12402,0.54506,1,-63.5,0.041417,924.25,3
