,time,frontal,vertical,lateral,id,rssi,phase,freq,label
0,0.0,0.2134,1.0197,0.0091224,1,-55.5,2.6967,925.75,1
1,0.5,0.2134,1.0197,0.0091224,3,-66.5,0.64427,922.75,1
2,1.0,0.33066,0.96229,0.077541,1,-55.5,3.8488,924.75,1
3,1.25,0.33066,0.96229,0.077541,1,-57.5,4.7185,923.75,1
4,1.5,0.33066,0.96229,0.077541,4,-55.0,5.9887,924.25,1
5,1.75,0.33066,0.96229,0.077541,1,-56.5,4.3243,924.25,1
6,2.5,0.33066,0.96229,0.077541,1,-61.5,0.087437,921.75,1
7,2.75,0.33066,0.96229,0.077541,1,-55.5,0.053689,925.75,1
8,3.0,0.33066,0.96229,0.077541,4,-57.0,4.8412,922.25,1
9,3.25,0.33066,0.96229,0.077541,1,-56.0,3.6493,925.25,1
10,4.0,0.1665,1.0197,0.0091224,1,-57.0,4.2062,924.25,1
11,4.25,0.1665,1.0197,0.0091224,4,-56.5,0.43105,923.25,1
12,5.0,0.1665,1.0197,0.0091224,1,-56.0,0.024544,925.75,1
13,5.5,0.1665,1.0197,0.0091224,4,-59.5,1.465,922.25,1
14,5.75,0.1665,1.0197,0.0091224,1,-58.0,0.61206,924.75,1
15,6.0,0.1665,1.0197,0.0091224,4,-56.0,6.0362,923.75,1
16,7.25,0.27203,1.0082,-0.013684,4,-58.5,4.7415,921.75,1
17,7.5,0.27203,1.0082,-0.013684,1,-55.5,5.8997,925.75,1
18,7.75,0.27203,1.0082,-0.013684,3,-65.0,0.71023,922.75,1
19,8.25,0.27203,1.0082,-0.013684,4,-54.5,1.6322,925.25,1
20,8.35,0.27203,1.0082,-0.013684,3,-62.0,2.6415,924.75,1
21,9.0,0.24858000000000002,1.0082,0.031928,4,-55.0,5.7954,924.25,1
22,9.25,0.24858000000000002,1.0082,0.031928,4,-56.5,0.47247,923.25,1
23,9.75,0.24858000000000002,1.0082,0.031928,4,-53.5,1.4266,925.75,1
24,10.5,0.24858000000000002,1.0082,0.043332,1,-56.5,0.31753000000000003,925.25,1
25,10.75,0.24858000000000002,1.0082,0.043332,1,-57.5,3.8718,924.75,1
26,11.0,0.24858000000000002,1.0082,0.043332,4,-56.0,6.2004,923.75,1
27,11.25,0.24858000000000002,1.0082,0.043332,4,-55.0,5.7892,924.25,1
28,11.5,0.24858000000000002,1.0082,0.043332,3,-66.0,0.34975,923.25,1
29,12.25,0.24858000000000002,1.0082,0.043332,1,-62.0,6.2586,921.75,1
30,12.75,0.31893,0.97377,0.066138,4,-56.5,4.6173,922.25,1
31,13.0,0.31893,0.97377,0.066138,3,-62.0,2.347,925.25,1
32,13.25,0.31893,0.97377,0.066138,4,-55.0,5.5591,924.75,1
33,13.325,0.31893,0.97377,0.066138,4,-56.0,0.2393,923.75,1
34,13.75,0.31893,0.97377,0.066138,1,-55.0,4.5206,924.25,1
35,14.25,0.28376,0.97377,0.08894400000000001,4,-58.5,5.3843,921.25,1
36,14.75,0.28376,0.97377,0.08894400000000001,1,-56.5,0.17794000000000001,925.75,1
37,15.0,0.28376,0.97377,0.08894400000000001,1,-61.0,2.5832,922.75,1
38,15.5,0.28376,0.97377,0.08894400000000001,1,-56.0,0.42798,925.25,1
39,15.575,0.28376,0.97377,0.08894400000000001,4,-55.0,5.6681,924.75,1
40,15.75,0.28376,0.97377,0.08894400000000001,3,-60.5,6.1144,924.75,1
41,16.25,0.28376,0.97377,0.066138,1,-55.5,4.2829,924.25,1
42,17.25,0.28376,0.97377,0.066138,1,-54.0,6.096,925.75,1
43,17.35,0.28376,0.97377,0.066138,4,-54.5,1.3346,925.75,1
44,17.5,0.28376,0.97377,0.066138,4,-58.0,3.9485,922.75,1
45,18.0,0.14305,1.0427,-0.0022806,1,-55.0,3.9024,924.75,1
46,18.25,0.14305,1.0427,-0.0022806,1,-55.0,3.9024,924.75,1
47,18.325,0.14305,1.0427,-0.0022806,3,-61.5,0.5200199999999999,923.75,1
48,18.75,0.14305,1.0427,-0.0022806,1,-55.5,4.2752,924.25,1
49,19.25,0.14305,1.0427,-0.0022806,1,-60.5,0.19635,921.25,1
50,19.75,0.14305,1.0427,-0.0022806,4,-54.5,1.2625,925.75,1
51,19.85,0.14305,1.0427,-0.0022806,1,-57.0,5.3797,922.75,1
52,20.5,0.17823,1.0197,0.0091224,4,-55.5,2.1844,924.75,1
53,20.6,0.17823,1.0197,0.0091224,1,-55.0,3.835,924.75,1
54,20.75,0.17823,1.0197,0.0091224,1,-56.0,4.6572,923.75,1
55,21.0,0.17823,1.0197,0.0091224,1,-55.5,4.2491,924.25,1
56,21.25,0.17823,1.0197,0.0091224,4,-58.0,3.4423,923.25,1
57,22.0,0.17823,1.0197,0.0091224,3,-61.0,2.169,925.75,1
58,22.5,0.17823,1.0197,0.0091224,1,-60.0,5.5622,922.25,1
59,23.0,0.15478,1.0427,-0.013684,4,-55.5,2.1016,924.75,1
60,23.5,0.15478,1.0427,-0.013684,4,-56.0,5.6895,924.25,1
61,23.75,0.15478,1.0427,-0.013684,1,-58.0,5.1235,923.25,1
62,24.25,0.15478,1.0427,-0.013684,1,-58.5,6.0838,921.75,1
63,24.5,0.15478,1.0427,-0.013684,1,-53.5,5.9442,925.75,1
64,25.0,0.1665,1.0312,-0.0022806,1,-58.0,5.6481,922.25,1
65,25.25,0.1665,1.0312,-0.0022806,4,-55.0,1.5969,925.25,1
66,25.5,0.20168,1.0312,-0.0022806,1,-55.5,4.5483,923.75,1
67,26.0,0.20168,1.0312,-0.0022806,1,-55.0,4.151,924.25,1
68,26.075,0.20168,1.0312,-0.0022806,4,-58.5,0.12579,923.25,1
69,26.75,0.20168,1.0312,-0.0022806,3,-64.0,4.5835,921.75,1
70,27.0,0.20168,1.0312,-0.0022806,1,-54.5,6.0991,925.75,1
71,27.5,0.18995,1.0197,-0.025087,1,-54.5,6.1727,925.25,1
72,27.75,0.18995,1.0197,-0.025087,3,-60.5,2.4528,925.25,1
73,28.0,0.18995,1.0197,-0.025087,4,-56.5,3.4346,923.75,1
74,28.075,0.18995,1.0197,-0.025087,3,-67.5,1.4205,920.75,1
75,32.0,0.18995,1.0197,-0.025087,3,-59.5,1.9788,925.75,1
76,32.75,0.18995,1.0197,-0.025087,3,-61.5,2.6937,924.75,1
77,34.25,0.18995,1.0197,-0.025087,1,-54.0,5.4579,925.75,1
78,35.25,0.28376,0.97377,0.054735,1,-55.5,3.5051,924.75,1
79,37.5,0.28376,0.97377,0.054735,1,-55.5,6.0331,925.25,1
80,38.5,0.28376,0.97377,0.054735,3,-65.0,0.32214,923.25,1
81,40.0,0.28376,0.97377,0.054735,3,-61.5,5.7448,924.75,1
82,44.5,0.29548,0.97377,0.031928,1,-55.0,5.7325,925.25,1
83,45.0,0.29548,0.97377,0.031928,3,-59.5,2.5756,924.75,1
84,46.5,0.29548,0.97377,0.031928,1,-54.0,5.484,925.75,1
85,47.0,0.29548,0.97377,0.031928,1,-55.5,5.9304,925.25,1
86,47.25,0.29548,0.97377,0.031928,1,-55.5,0.033748,924.75,1
87,49.0,0.29548,0.97377,0.031928,3,-60.0,1.965,925.75,1
88,51.5,0.29548,0.97377,0.031928,1,-58.5,4.7968,922.75,1
89,52.25,0.29548,0.97377,0.031928,3,-62.0,5.53,924.75,1
90,76.5,0.38928,0.93932,0.12315,3,-61.0,5.5085,924.75,1
91,81.25,0.38928,0.93932,0.12315,1,-55.5,1.7871,925.25,1
92,83.75,0.38928,0.93932,0.12315,1,-56.5,2.0064,924.75,1
93,88.75,0.38928,0.93932,0.12315,3,-60.5,2.0801,925.25,1
94,91.5,0.33066,0.95081,0.066138,3,-62.0,6.2188,923.75,1
95,93.75,0.33066,0.95081,0.066138,1,-54.0,1.8469,924.75,1
96,94.0,0.33066,0.95081,0.066138,3,-61.5,6.0454,923.75,1
97,95.5,0.33066,0.95081,0.066138,3,-62.5,3.9301,922.75,1
98,98.75,0.38928,0.93932,0.11175,1,-55.0,2.2227,924.75,1
99,101.0,0.38928,0.93932,0.11175,3,-61.0,5.5346,924.75,1
100,102.75,0.38928,0.93932,0.11175,3,-64.0,0.56297,922.75,1
101,127.5,0.38928,0.93932,0.11175,1,-56.5,1.3376,925.25,1
102,128.5,0.38928,0.93932,0.11175,1,-59.0,3.025,923.25,1
103,134.5,0.38928,0.93932,0.11175,3,-61.5,0.82375,922.75,1
104,137.5,0.40101,0.95081,0.08894400000000001,1,-57.0,1.0262,925.25,1
105,140.75,0.40101,0.95081,0.08894400000000001,3,-62.0,0.95414,923.25,1
106,142.5,0.40101,0.95081,0.08894400000000001,3,-63.5,6.2402,924.75,1
107,277.25,0.24858000000000002,0.10105,0.90996,4,-52.0,5.3766,924.25,3
108,277.75,0.28376,0.05511900000000001,0.9327700000000001,4,-56.5,5.4027,920.25,3
109,278.75,0.2603,0.05511900000000001,0.9441700000000001,4,-55.5,2.0479,922.25,3
110,280.0,0.23685,0.043636,0.9327700000000001,4,-57.5,0.55684,920.25,3
111,280.5,0.23685,0.043636,0.9327700000000001,4,-55.5,5.5622,921.75,3
112,281.75,0.2603,0.05511900000000001,0.95557,4,-55.0,0.65194,923.75,3
113,282.25,0.2603,0.05511900000000001,0.95557,4,-56.5,6.1405,924.25,3
114,283.0,0.2603,0.05511900000000001,0.95557,4,-58.0,5.0744,921.75,3
115,283.25,0.2603,0.05511900000000001,0.95557,4,-56.5,4.154,922.75,3
116,283.5,0.2603,0.05511900000000001,0.95557,4,-57.0,4.7001,922.25,3
117,284.25,0.31893,-0.0022965999999999998,1.0012,4,-56.5,6.2203,920.75,3
118,285.0,0.1665,0.078086,0.9213600000000001,4,-57.0,0.4648,920.25,3
119,289.25,0.31893,0.0091865,0.96698,4,-56.5,5.4917,920.75,3
120,290.5,0.50654,-0.094162,1.0924,4,-54.5,0.9694799999999999,925.75,3
121,291.5,0.29548,0.043636,0.95557,4,-55.5,0.18101,923.75,3
122,292.0,0.29548,0.043636,0.95557,4,-55.5,6.1651,924.25,3
123,292.25,0.29548,0.043636,0.95557,4,-59.0,0.33748,920.25,3
124,293.75,0.30721,0.0091865,0.96698,4,-55.5,0.5507,923.75,3
125,294.5,0.30721,0.0091865,0.96698,4,-55.0,0.076699,924.25,3
126,294.57,0.30721,0.0091865,0.96698,4,-58.5,0.5108199999999999,920.25,3
127,295.75,0.29548,0.032152999999999994,0.96698,4,-56.0,1.9328,922.25,3
128,297.25,0.31893,0.020669999999999997,0.9897799999999999,4,-57.0,5.9196,921.25,3
129,298.25,0.18995,0.066602,0.89856,4,-56.5,4.9977,922.25,3
130,299.0,0.17823,0.066602,0.90996,4,-58.0,0.061359000000000004,920.75,3
131,299.25,0.17823,0.066602,0.90996,4,-55.5,1.0492,923.25,3
132,299.75,0.17823,0.066602,0.90996,4,-57.0,5.9396,921.25,3
133,301.0,0.34238,-0.0022965999999999998,0.9897799999999999,4,-54.5,5.8414,924.75,3
134,302.25,0.35411,-0.01378,1.0126,4,-57.0,5.892,921.25,3
135,302.75,0.35411,-0.01378,1.0126,4,-55.5,1.5217,922.75,3
136,304.5,0.35411,-0.0022965999999999998,1.0012,4,-58.0,0.51235,920.25,3
137,306.25,0.28376,0.043636,0.96698,4,-55.5,0.5553,923.75,3
138,307.25,0.51826,-0.094162,1.0924,4,-57.0,5.5009,921.75,3
139,307.75,0.51826,-0.094162,1.0924,4,-55.5,1.5463,922.75,3
140,308.5,0.29548,0.05511900000000001,0.95557,4,-55.5,0.61666,923.75,3
141,309.0,0.29548,0.05511900000000001,0.95557,4,-55.0,0.15492999999999998,924.25,3
142,309.25,0.29548,0.05511900000000001,0.95557,4,-58.5,0.56604,920.25,3
143,309.75,0.29548,0.05511900000000001,0.95557,4,-56.5,5.5668,921.75,3
144,310.25,0.27203,0.043636,0.9441700000000001,4,-56.0,2.0341,922.25,3
145,311.0,0.2134,0.066602,0.90996,4,-58.0,0.18254,920.75,3
146,312.5,0.37756,-0.036746,1.024,4,-55.5,1.557,922.75,3
147,316.0,0.5534399999999999,-0.094162,1.0924,4,-57.5,0.056757,920.75,3
148,317.5,0.18995,0.05511900000000001,0.89856,4,-56.0,5.0713,922.25,3
149,318.25,0.18995,0.05511900000000001,0.89856,4,-55.0,0.55684,923.75,3
150,318.5,0.18995,0.05511900000000001,0.89856,4,-58.0,0.07363099999999999,920.75,3
151,320.0,0.38928,-0.01378,1.0012,4,-55.5,4.5866,922.75,3
