,time,frontal,vertical,lateral,id,rssi,phase,freq,label
0,0.0,0.8231200000000001,0.72114,-0.013684,2,-58.0,5.6021,925.75,2
1,9.75,0.8231200000000001,0.72114,-0.013684,2,-58.5,5.777,925.25,2
2,64.75,1.0459,-0.50756,0.08894400000000001,4,-65.0,1.2885,921.75,3
3,65.25,1.0459,-0.50756,0.08894400000000001,4,-65.0,6.2203,923.25,3
4,65.5,1.0459,-0.50756,0.08894400000000001,4,-63.0,5.0422,924.75,3
5,66.0,1.0811,-0.45014,0.11175,4,-62.5,4.243,925.75,3
6,66.75,0.9521,-0.38124,0.043332,4,-65.5,0.76852,922.25,3
7,67.25,0.9521,-0.38124,0.043332,4,-66.0,1.1689,921.75,3
8,67.75,1.1045,-0.45014,0.12315,4,-63.0,5.0177,924.75,3
9,69.5,0.97555,-0.40421,0.054735,4,-66.0,1.1735,921.75,3
10,70.0,0.97555,-0.40421,0.054735,4,-65.0,6.2234,923.25,3
11,72.5,0.9872799999999999,-0.39271999999999996,0.054735,4,-64.5,6.2065,923.25,3
12,73.0,0.83485,-0.35827,0.0091224,4,-62.5,1.4956,925.25,3
13,73.25,0.83485,-0.35827,0.0091224,4,-62.0,1.0922,925.75,3
14,74.75,1.1045,-0.45014,0.11175,3,-56.5,0.76085,920.25,3
15,75.0,1.1045,-0.45014,0.11175,4,-65.0,6.2142,923.25,3
16,76.25,0.9872799999999999,-0.39271999999999996,0.054735,4,-63.5,5.4073,924.25,3
17,77.75,1.1632,-0.48458999999999997,0.13455999999999999,4,-63.5,5.0069,924.75,3
18,78.25,0.9403799999999999,-0.35827,0.031928,4,-65.5,0.32981,922.75,3
19,79.0,0.9403799999999999,-0.36976,0.054735,4,-67.5,1.9129,920.75,3
20,81.75,1.0342,-0.42717,0.10035,4,-66.0,4.3166,921.75,3
21,82.0,1.0342,-0.42717,0.10035,4,-67.5,5.4579,920.25,3
22,82.5,1.0342,-0.42717,0.10035,4,-63.0,1.8791,924.75,3
23,83.0,1.128,-0.47311000000000003,0.13455999999999999,4,-62.0,1.0937,925.75,3
24,83.5,1.128,-0.47311000000000003,0.13455999999999999,4,-64.0,5.3889,924.25,3
25,84.0,1.128,-0.47311000000000003,0.13455999999999999,4,-66.0,1.1658,921.75,3
26,84.75,0.96383,-0.39271999999999996,0.054735,4,-65.5,6.228,923.25,3
27,85.0,0.96383,-0.39271999999999996,0.054735,4,-62.5,1.5002,925.25,3
28,85.75,1.1045,-0.46162,0.12315,4,-64.5,5.7831,923.75,3
29,86.5,0.96383,-0.36976,0.043332,3,-56.0,6.254,921.75,3
30,86.75,0.96383,-0.36976,0.043332,4,-67.0,4.7063,921.25,3
31,87.5,1.0225,-0.41568999999999995,0.077541,4,-63.0,4.6342,925.25,3
32,87.75,1.0225,-0.41568999999999995,0.077541,4,-62.5,1.1075,925.75,3
33,88.75,1.0342,-0.41568999999999995,0.077541,3,-56.5,0.44025,920.75,3
34,89.0,1.0342,-0.41568999999999995,0.077541,4,-66.5,4.2936,921.75,3
35,90.0,1.0225,-0.42717,0.08894400000000001,3,-52.5,1.5033,925.25,3
36,90.25,0.9990100000000001,-0.42717,0.066138,4,-62.5,4.2445,925.75,3
37,90.5,0.9990100000000001,-0.42717,0.066138,4,-64.5,5.7877,923.75,3
38,90.75,0.9990100000000001,-0.42717,0.066138,4,-64.0,2.281,924.25,3
39,91.25,0.9990100000000001,-0.42717,0.066138,4,-67.0,5.0591,920.75,3
40,92.5,1.0342,-0.43866000000000005,0.077541,4,-63.0,4.6204,925.25,3
41,93.0,0.88175,-0.34679,0.0091224,4,-64.0,5.7923,923.75,3
42,93.75,0.92865,-0.36976,0.031928,3,-56.0,6.2402,921.75,3
43,94.0,0.92865,-0.36976,0.031928,4,-66.5,4.6924,921.25,3
44,94.75,1.0107,-0.40421,0.077541,4,-63.5,5.0422,924.75,3
45,95.0,1.0107,-0.40421,0.077541,4,-62.5,1.1275,925.75,3
46,95.75,0.9521,-0.36976,0.054735,4,-63.5,5.4057,924.25,3
47,96.75,0.96383,-0.38124,0.043332,3,-57.0,0.70563,920.25,3
48,97.25,0.9521,-0.38124,0.043332,4,-63.0,4.6602,925.25,3
49,98.5,0.92865,-0.35827,0.043332,4,-65.5,0.7531800000000001,922.25,3
50,98.75,0.92865,-0.35827,0.043332,4,-66.0,4.3059,921.75,3
51,99.25,0.92865,-0.35827,0.043332,4,-65.0,6.254,923.25,3
52,99.5,0.92865,-0.35827,0.043332,4,-63.5,5.0591,924.75,3
53,100.0,0.83485,-0.35827,0.0091224,4,-66.0,0.36509,922.75,3
54,100.75,0.9872799999999999,-0.39271999999999996,0.043332,4,-66.0,3.8948,922.25,3
55,101.75,1.1045,-0.47311000000000003,0.11175,4,-65.5,6.2203,923.25,3
56,102.0,1.1045,-0.47311000000000003,0.11175,4,-63.5,1.9037,924.75,3
57,102.25,1.1045,-0.47311000000000003,0.11175,4,-63.5,4.6679,925.25,3
58,103.0,0.96383,-0.38124,0.054735,4,-64.0,5.395,924.25,3
59,103.25,0.96383,-0.38124,0.054735,4,-67.0,5.0545,920.75,3
60,104.25,1.2921,-0.53052,0.19157000000000002,4,-65.0,6.207999999999999,923.25,3
61,104.75,1.0107,-0.41568999999999995,0.066138,4,-62.5,1.1428,925.75,3
62,105.5,1.0225,-0.42717,0.066138,4,-66.0,0.76085,922.25,3
63,107.0,0.9872799999999999,-0.40421,0.066138,4,-64.0,5.0422,924.75,3
64,107.5,0.87003,-0.34679,0.0091224,4,-65.5,0.3835,922.75,3
65,108.25,0.87003,-0.35827,0.020525,4,-67.0,5.0345,920.75,3
66,109.25,0.9052,-0.34679,0.0091224,4,-63.5,1.8807,924.75,3
67,109.75,1.0342,-0.42717,0.066138,4,-62.5,1.1152,925.75,3
68,110.0,1.0342,-0.42717,0.066138,4,-64.5,5.8123,923.75,3
69,110.75,1.128,-0.47311000000000003,0.13455999999999999,4,-66.5,4.2967,921.75,3
70,111.25,1.128,-0.47311000000000003,0.13455999999999999,4,-67.5,5.4226,920.25,3
71,111.75,1.128,-0.47311000000000003,0.13455999999999999,4,-63.5,5.0177,924.75,3
72,112.0,0.97555,-0.39271999999999996,0.066138,4,-63.0,1.5002,925.25,3
73,113.25,0.9990100000000001,-0.41568999999999995,0.066138,4,-66.5,4.2936,921.75,3
74,113.75,0.9990100000000001,-0.41568999999999995,0.066138,4,-68.0,5.441,920.25,3
75,114.75,0.88175,-0.35827,0.0091224,4,-66.0,3.4607,922.75,3
76,115.75,0.96383,-0.38124,0.054735,4,-67.0,5.0867,920.75,3
77,117.0,0.8934799999999999,-0.34679,0.020525,4,-63.0,4.2629,925.75,3
78,117.25,0.8934799999999999,-0.34679,0.020525,4,-66.0,0.32827,922.75,3
79,118.5,1.1632,-0.49606999999999996,0.15736,4,-68.5,5.4487,920.25,3
80,119.0,1.1632,-0.49606999999999996,0.15736,4,-63.5,1.8868,924.75,3
81,119.5,0.97555,-0.36976,0.043332,4,-63.0,4.243,925.75,3
82,119.75,0.97555,-0.36976,0.043332,4,-64.5,5.8215,923.75,3
