,time,frontal,vertical,lateral,id,rssi,phase,freq,label
0,0.0,0.67069,0.066602,0.62489,1,-60.0,1.5156,923.75,3
1,0.5,0.67069,0.066602,0.62489,4,-55.5,6.0746,924.25,3
2,0.75,0.67069,0.066602,0.62489,4,-56.5,0.27151,923.25,3
3,1.25,0.67069,0.066602,0.62489,1,-61.0,6.0853,921.75,3
4,1.75,1.1866,-0.01378,0.57927,4,-56.0,1.0661,922.75,3
5,2.0,1.1866,-0.01378,0.57927,1,-59.5,5.5591,922.25,3
6,2.25,1.1866,-0.01378,0.57927,1,-58.0,6.0776,925.25,3
7,2.5,0.8934799999999999,0.16995,0.36262,1,-61.0,0.49548000000000003,920.75,3
8,3.0,0.8934799999999999,0.16995,0.36262,1,-58.0,4.7538,923.25,3
9,3.5,0.8934799999999999,0.16995,0.36262,1,-60.5,0.099709,921.25,3
10,4.0,0.8231200000000001,0.15847,0.36262,1,-59.0,5.3091,922.75,3
11,4.75,0.9990100000000001,0.08956900000000001,0.46524,4,-53.5,5.8491,924.75,3
12,4.825,0.9990100000000001,0.08956900000000001,0.46524,1,-58.5,0.44638999999999995,924.75,3
13,5.25,0.97555,0.12402,0.41963,1,-58.0,3.9607,924.25,3
14,5.5,0.97555,0.12402,0.41963,1,-58.5,4.7538,923.25,3
15,6.0,0.97555,0.12402,0.41963,1,-61.0,6.254,921.25,3
16,6.5,0.97555,0.12402,0.41963,4,-56.5,0.49241,922.75,3
17,6.575,0.97555,0.12402,0.41963,4,-57.0,0.46326000000000006,922.75,3
18,7.0,0.9052,0.19292,0.32841,1,-57.5,0.039883999999999996,924.75,3
19,7.25,0.9052,0.19292,0.32841,4,-56.0,6.0224,923.75,3
20,7.75,0.97555,0.15847,0.38542,1,-58.0,0.53689,924.25,3
21,8.0,0.97555,0.15847,0.38542,1,-58.0,4.5513,923.25,3
22,8.75,0.97555,0.15847,0.38542,4,-58.5,0.96334,921.75,3
23,9.0,0.92865,0.2044,0.35120999999999997,4,-57.0,0.35281999999999997,922.75,3
24,9.75,1.1397,0.078086,0.45383999999999997,4,-54.5,5.2968,924.75,3
25,9.825,1.1397,0.078086,0.45383999999999997,4,-55.5,5.9733,923.75,3
26,10.0,1.1397,0.078086,0.45383999999999997,1,-61.0,0.28379,920.75,3
27,10.25,1.1397,0.078086,0.45383999999999997,4,-57.0,6.2694,923.25,3
28,11.25,1.2335,0.043636,0.49945,1,-57.5,5.4119,925.75,3
29,11.5,1.2335,0.043636,0.49945,1,-59.0,5.3751,922.25,3
30,12.0,0.97555,0.14698,0.37401999999999996,1,-58.0,0.12732000000000002,924.75,3
31,12.5,0.97555,0.14698,0.37401999999999996,4,-59.0,1.4956,920.75,3
32,13.25,1.2218,0.043636,0.47665,1,-60.5,6.1543,921.25,3
33,13.75,1.2218,0.043636,0.47665,1,-57.5,5.395,925.75,3
34,14.0,1.2218,0.043636,0.47665,4,-58.0,0.55377,922.25,3
35,14.5,1.0928,0.08956900000000001,0.44243999999999994,4,-55.0,5.1849,924.75,3
36,14.75,1.0928,0.08956900000000001,0.44243999999999994,1,-58.5,4.1126,923.75,3
37,15.0,1.0928,0.08956900000000001,0.44243999999999994,4,-55.5,5.5776,924.25,3
38,15.25,1.0928,0.08956900000000001,0.44243999999999994,1,-58.5,4.5421,923.25,3
39,15.75,1.0928,0.08956900000000001,0.44243999999999994,1,-61.5,6.2034,921.25,3
40,16.25,1.0342,0.078086,0.39683,4,-57.0,0.33441,922.75,3
41,16.5,1.0342,0.078086,0.39683,4,-58.0,0.5353600000000001,922.25,3
42,16.75,1.0342,0.078086,0.39683,1,-58.0,2.8409,925.25,3
43,17.0,1.0342,0.078086,0.39683,4,-55.0,5.1971,924.75,3
44,17.75,0.97555,0.16995,0.37401999999999996,4,-56.5,6.1881,923.25,3
45,18.25,0.97555,0.16995,0.37401999999999996,1,-61.0,0.033748,921.25,3
46,18.75,0.9872799999999999,0.12402,0.37401999999999996,1,-59.0,5.1818,922.75,3
47,19.25,0.9872799999999999,0.12402,0.37401999999999996,1,-57.5,6.0715,925.25,3
48,19.5,0.9872799999999999,0.12402,0.37401999999999996,1,-58.5,0.010738,924.75,3
49,19.75,0.9872799999999999,0.12402,0.37401999999999996,1,-60.0,0.3114,920.75,3
50,20.75,0.9990100000000001,0.15847,0.37401999999999996,4,-58.0,0.81148,921.75,3
51,21.0,0.9990100000000001,0.15847,0.37401999999999996,1,-58.0,2.8363,925.75,3
52,21.25,0.9990100000000001,0.15847,0.37401999999999996,4,-57.0,0.29452,922.75,3
53,21.75,1.1632,0.043636,0.45383999999999997,1,-58.0,0.40497,924.75,3
54,22.25,1.1632,0.043636,0.45383999999999997,1,-61.5,0.4648,920.75,3
55,22.5,1.1632,0.043636,0.45383999999999997,4,-56.0,6.1298,923.25,3
56,23.25,1.0459,0.11254000000000002,0.39683,4,-57.5,0.76546,921.75,3
57,23.5,1.0459,0.11254000000000002,0.39683,1,-56.5,2.4283,925.75,3
58,23.575,1.0459,0.11254000000000002,0.39683,4,-56.5,0.19175,922.75,3
59,24.0,0.9990100000000001,0.12402,0.37401999999999996,1,-57.5,6.2234,925.25,3
60,24.75,1.0225,0.11254000000000002,0.38542,1,-62.0,0.42338000000000003,920.75,3
61,25.0,1.0225,0.11254000000000002,0.38542,1,-58.5,4.671,923.25,3
62,25.75,1.0225,0.11254000000000002,0.38542,4,-57.5,0.76546,921.75,3
63,25.825,1.0225,0.11254000000000002,0.38542,1,-57.0,5.5515,925.75,3
64,26.0,1.0225,0.11254000000000002,0.38542,4,-56.5,0.158,922.75,3
65,26.25,1.0225,0.11254000000000002,0.38542,4,-56.0,0.18868,922.75,3
66,26.5,0.9169299999999999,0.18143,0.3056,1,-58.0,6.1528,925.25,3
67,26.75,0.9169299999999999,0.18143,0.3056,4,-55.0,5.8199,923.75,3
68,27.25,1.0459,0.08956900000000001,0.40823000000000004,1,-57.5,0.43872,924.25,3
69,27.75,1.0459,0.08956900000000001,0.40823000000000004,1,-60.5,0.69489,920.25,3
70,28.25,1.0459,0.08956900000000001,0.40823000000000004,4,-57.5,0.64427,921.75,3
71,28.5,1.0225,0.14698,0.38542,4,-56.5,6.251,922.75,3
72,29.0,1.0225,0.14698,0.38542,1,-61.0,5.754,925.25,3
73,29.25,1.0225,0.14698,0.38542,4,-56.0,5.7156,923.75,3
74,29.75,1.0225,0.14698,0.38542,4,-55.0,5.5361,924.25,3
75,31.0,1.0576,0.08956900000000001,0.40823000000000004,1,-63.5,4.875,922.75,3
76,31.5,1.2570000000000001,0.032152999999999994,0.47665,1,-62.0,0.033748,924.75,3
77,32.5,1.2570000000000001,0.032152999999999994,0.47665,1,-63.0,4.5421,923.25,3
78,33.25,1.2570000000000001,0.032152999999999994,0.47665,1,-58.5,2.2918,925.75,3
79,33.75,1.128,0.066602,0.43103,1,-59.0,5.8905,925.25,3
80,34.0,1.128,0.066602,0.43103,4,-56.0,5.5914,923.75,3
81,35.25,1.2570000000000001,0.032152999999999994,0.45383999999999997,1,-64.0,5.5545,921.75,3
82,35.75,1.2570000000000001,0.032152999999999994,0.45383999999999997,4,-57.0,0.2393,922.75,3
83,36.0,1.2570000000000001,0.032152999999999994,0.45383999999999997,1,-63.5,2.0847,922.25,3
84,36.5,1.2570000000000001,0.032152999999999994,0.45383999999999997,1,-62.0,6.277,924.75,3
85,37.0,1.2570000000000001,0.032152999999999994,0.45383999999999997,4,-56.0,5.3919,924.25,3
86,37.75,1.2570000000000001,0.032152999999999994,0.45383999999999997,4,-58.0,0.632,921.75,3
87,38.25,0.9990100000000001,0.14698,0.37401999999999996,4,-57.0,0.084369,922.75,3
88,38.5,0.9990100000000001,0.14698,0.37401999999999996,1,-59.5,5.8736,925.25,3
89,38.75,0.9990100000000001,0.14698,0.37401999999999996,1,-59.5,0.076699,924.75,3
90,39.0,0.9990100000000001,0.14698,0.37401999999999996,4,-55.5,5.8138,923.75,3
91,39.25,0.9990100000000001,0.14698,0.37401999999999996,1,-63.5,3.4192,920.75,3
92,39.75,0.9990100000000001,0.14698,0.37401999999999996,1,-59.5,4.4439,923.25,3
93,40.75,1.1866,0.05511900000000001,0.44243999999999994,1,-60.0,4.671,922.75,3
94,41.25,1.1866,0.05511900000000001,0.44243999999999994,4,-55.0,5.0575,924.75,3
95,41.35,1.1866,0.05511900000000001,0.44243999999999994,1,-60.0,6.093,924.75,3
96,42.0,1.1866,0.05511900000000001,0.44243999999999994,4,-55.5,5.4533,924.25,3
97,43.0,1.0694,0.12402,0.40823000000000004,1,-57.0,2.4436,925.75,3
98,43.25,1.0694,0.12402,0.40823000000000004,4,-58.0,0.3068,922.25,3
99,43.5,1.0694,0.12402,0.40823000000000004,1,-57.5,5.9825,925.25,3
100,44.0,1.1632,0.066602,0.44243999999999994,4,-59.0,1.1213,920.75,3
101,44.5,1.1632,0.066602,0.44243999999999994,1,-59.0,4.0574,924.25,3
102,45.25,1.1632,0.066602,0.44243999999999994,1,-62.0,5.957999999999999,921.75,3
103,45.5,1.1632,0.066602,0.44243999999999994,1,-60.5,2.031,922.75,3
104,46.0,1.1632,0.066602,0.44243999999999994,4,-55.0,1.511,925.25,3
105,46.25,1.1632,0.066602,0.44243999999999994,1,-59.0,0.3068,924.75,3
106,46.75,1.0225,0.1355,0.38542,4,-55.5,5.4579,924.25,3
107,47.775,1.0225,0.1355,0.38542,1,-62.5,5.9825,921.75,3
108,48.0,1.0225,0.1355,0.38542,1,-60.5,2.0141,922.75,3
109,48.5,1.0225,0.1355,0.38542,4,-55.0,4.9778,924.75,3
110,49.25,0.9521,0.18143,0.32841,1,-59.5,3.8595,924.25,3
111,49.75,0.9521,0.18143,0.32841,1,-63.5,0.049087,921.25,3
112,50.25,0.9521,0.18143,0.32841,1,-59.0,2.6062,925.75,3
113,50.75,0.9521,0.18143,0.32841,1,-58.0,6.1681,925.25,3
114,51.0,0.9521,0.18143,0.32841,4,-55.0,5.0115,924.75,3
115,51.75,0.9403799999999999,0.2044,0.317,1,-59.5,0.90812,924.25,3
116,52.0,0.9403799999999999,0.2044,0.317,1,-63.0,0.98021,920.25,3
117,53.25,1.2452,0.0091865,0.46524,4,-54.0,4.8152,925.25,3
118,53.35,1.2452,0.0091865,0.46524,1,-60.0,0.19021,925.25,3
119,53.5,1.2452,0.0091865,0.46524,1,-61.5,4.289,923.75,3
120,54.25,1.2452,0.0091865,0.46524,4,-55.0,5.2125,924.25,3
121,55.0,1.0576,0.12402,0.38542,1,-62.5,5.9534,921.75,3
122,55.25,1.0576,0.12402,0.38542,4,-56.5,0.041417,922.75,3
123,55.5,1.0576,0.12402,0.38542,4,-57.0,0.30066,922.25,3
124,55.75,1.0576,0.12402,0.38542,1,-59.5,6.1068,925.25,3
125,56.0,1.0576,0.12402,0.38542,4,-54.5,4.967,924.75,3
126,56.75,1.3039,0.032152999999999994,0.47665,1,-60.5,4.6127,923.25,3
127,57.25,1.3039,0.032152999999999994,0.47665,1,-62.0,2.7765,921.75,3
128,57.5,1.3039,0.032152999999999994,0.47665,1,-59.5,5.7494,925.75,3
129,58.25,1.1397,0.043636,0.43103,4,-54.5,5.0959,924.75,3
130,58.5,1.1397,0.043636,0.43103,1,-60.5,4.5099,923.75,3
131,59.0,1.1397,0.043636,0.43103,1,-61.0,4.0528,924.25,3
132,60.25,1.2101,0.043636,0.45383999999999997,4,-57.5,6.2694,922.75,3
133,60.75,1.2101,0.043636,0.45383999999999997,1,-60.0,0.20402,925.25,3
134,61.5,1.1397,0.043636,0.44243999999999994,1,-59.5,4.2323,924.25,3
135,62.25,1.1397,0.043636,0.44243999999999994,4,-58.5,0.57524,921.75,3
136,62.5,1.1397,0.043636,0.44243999999999994,1,-62.0,5.2892,922.75,3
137,63.25,1.2570000000000001,0.032152999999999994,0.47665,1,-61.0,0.5614399999999999,924.75,3
138,64.0,1.2570000000000001,0.032152999999999994,0.47665,4,-56.5,6.1911,923.25,3
139,64.75,1.2570000000000001,0.032152999999999994,0.47665,1,-63.5,6.1267,921.75,3
