,time,frontal,vertical,lateral,id,rssi,phase,freq,label
0,0.0,0.83485,0.14698,0.61348,4,-56.0,0.74551,924.25,3
1,0.25,0.83485,0.14698,0.61348,4,-56.0,1.1474,923.25,3
2,0.75,0.83485,0.14698,0.61348,4,-57.5,4.8152,921.75,3
3,1.0,0.83485,0.14698,0.61348,4,-54.0,5.3797,925.75,3
4,1.25,0.83485,0.14698,0.61348,4,-57.5,1.3361,922.25,3
5,1.75,0.83485,0.14698,0.61348,1,-64.5,5.5116,925.25,3
6,2.0,0.83485,0.14698,0.61348,4,-56.0,0.42645,923.75,3
7,3.0,1.0342,0.10105,0.61348,4,-58.0,5.5147,921.25,3
8,3.75,0.7527699999999999,0.21588000000000002,0.5222600000000001,4,-56.5,4.7661,922.25,3
9,4.25,0.7527699999999999,0.21588000000000002,0.5222600000000001,1,-64.5,3.3287,924.75,3
10,5.0,0.9169299999999999,0.14698,0.61348,1,-65.0,0.42645,924.25,3
11,7.0,0.9990100000000001,0.11254000000000002,0.64769,1,-69.5,6.1114,920.75,3
12,7.5,0.9990100000000001,0.11254000000000002,0.64769,4,-56.0,0.95567,923.25,3
13,8.0,0.9990100000000001,0.11254000000000002,0.64769,4,-57.5,5.2662,921.25,3
14,8.25,0.9990100000000001,0.11254000000000002,0.64769,1,-64.5,5.5315,925.75,3
15,9.0,0.9990100000000001,0.11254000000000002,0.64769,4,-55.0,5.8982,925.25,3
16,9.75,0.92865,0.14698,0.61348,1,-65.0,0.52462,924.25,3
17,10.5,0.92865,0.14698,0.61348,4,-56.5,1.9666,921.75,3
18,11.25,1.1163,0.05511900000000001,0.7047100000000001,4,-56.5,1.5923,922.25,3
19,11.5,1.1163,0.05511900000000001,0.7047100000000001,1,-66.0,0.021476,924.75,3
20,12.25,1.1163,0.05511900000000001,0.7047100000000001,4,-55.5,0.27305,924.25,3
21,13.0,1.0459,0.10105,0.6591,1,-66.5,2.301,921.75,3
22,13.5,1.0459,0.10105,0.6591,4,-56.0,4.4117,922.75,3
23,13.75,1.0459,0.10105,0.6591,1,-64.5,5.9196,925.25,3
24,14.75,0.9052,0.18143,0.57927,1,-65.5,0.35128000000000004,924.25,3
25,15.5,0.9052,0.18143,0.57927,4,-57.5,1.7794,921.75,3
26,15.75,0.9052,0.18143,0.57927,4,-56.5,1.2149,922.75,3
27,16.0,0.9052,0.18143,0.57927,4,-56.5,1.5232,922.25,3
28,16.75,1.1514,0.05511900000000001,0.6933,4,-56.0,0.5353600000000001,923.75,3
29,17.25,1.1514,0.05511900000000001,0.6933,1,-65.5,4.2982,923.25,3
30,17.75,1.1514,0.05511900000000001,0.6933,1,-67.0,5.2907,921.75,3
31,18.75,0.9169299999999999,0.19292,0.57927,1,-64.5,5.7095,925.25,3
32,19.0,0.9169299999999999,0.19292,0.57927,4,-56.0,0.39884000000000003,923.75,3
33,19.5,0.9169299999999999,0.19292,0.57927,4,-55.0,0.075165,924.25,3
34,19.6,0.9169299999999999,0.19292,0.57927,4,-56.0,0.72097,923.25,3
35,20.5,0.92865,0.19292,0.57927,4,-54.0,5.2953,925.75,3
36,20.75,0.92865,0.19292,0.57927,4,-57.0,0.97408,922.75,3
37,21.0,0.92865,0.19292,0.57927,4,-55.0,5.5929,925.25,3
38,21.5,0.92865,0.19292,0.57927,1,-65.5,3.7997,923.75,3
39,22.75,0.96383,0.15847,0.6020800000000001,1,-66.5,5.3337,921.75,3
40,23.0,0.96383,0.15847,0.6020800000000001,4,-56.5,0.9894200000000001,922.75,3
41,24.25,0.96383,0.16995,0.59068,1,-65.0,0.2485,924.25,3
42,25.25,0.92865,0.18143,0.59068,1,-64.0,5.441,925.75,3
43,25.75,0.92865,0.18143,0.59068,1,-67.0,4.9471,922.25,3
44,26.25,0.92865,0.18143,0.59068,4,-55.5,5.9534,924.75,3
45,27.0,0.96383,0.15847,0.59068,4,-56.5,0.72864,923.25,3
46,27.25,0.96383,0.15847,0.59068,1,-67.5,5.6635,921.25,3
47,28.0,0.96383,0.15847,0.59068,4,-56.0,1.0876,922.75,3
48,28.25,0.96383,0.15847,0.59068,1,-66.5,4.9394,922.25,3
49,29.25,0.9403799999999999,0.16995,0.57927,4,-56.0,0.061359000000000004,924.25,3
50,30.0,1.0928,0.11254000000000002,0.6362899999999999,4,-57.0,1.6812,921.75,3
51,30.5,1.0928,0.11254000000000002,0.6362899999999999,4,-56.5,1.0799,922.75,3
52,31.0,1.0107,0.11254000000000002,0.6362899999999999,4,-55.5,5.9718,924.75,3
53,31.25,1.0107,0.11254000000000002,0.6362899999999999,4,-56.0,0.38043000000000005,923.75,3
54,31.5,1.0107,0.11254000000000002,0.6362899999999999,1,-65.5,0.25617,924.25,3
55,32.25,1.0107,0.11254000000000002,0.6362899999999999,4,-57.5,1.6352,921.75,3
56,32.75,1.0107,0.11254000000000002,0.6362899999999999,1,-64.0,5.372000000000001,925.75,3
57,33.5,1.1866,0.078086,0.6705,4,-55.0,6.0316,924.75,3
58,33.75,1.1866,0.078086,0.6705,4,-58.5,2.1844,920.75,3
59,34.25,1.1866,0.078086,0.6705,4,-56.5,0.7409100000000001,923.25,3
60,34.5,1.1866,0.078086,0.6705,4,-58.0,1.9006,921.25,3
61,35.0,1.1866,0.078086,0.6705,1,-63.5,2.2672,925.75,3
62,35.5,1.1866,0.078086,0.6705,4,-56.5,1.3944,922.25,3
63,35.75,1.1866,0.078086,0.6705,1,-64.0,5.7862,925.25,3
64,36.5,0.9169299999999999,0.18143,0.55647,4,-55.5,0.09664099999999999,924.25,3
65,36.75,0.9169299999999999,0.18143,0.55647,1,-65.5,4.2583,923.25,3
66,37.5,0.9169299999999999,0.18143,0.55647,4,-56.5,5.1849,921.75,3
67,38.25,1.0811,0.05511900000000001,0.75032,4,-55.0,6.1175,925.25,3
68,38.325,1.0811,0.05511900000000001,0.75032,1,-66.0,0.1626,924.75,3
69,39.0,1.0811,0.05511900000000001,0.75032,4,-56.0,0.30526,924.25,3
70,39.25,1.0811,0.05511900000000001,0.75032,1,-66.0,1.1336,923.25,3
71,40.25,0.79967,0.22737,0.5222600000000001,1,-66.0,5.0269,922.25,3
72,40.75,0.79967,0.22737,0.5222600000000001,4,-55.5,5.9856,924.75,3
73,41.0,0.79967,0.22737,0.5222600000000001,1,-65.5,0.64887,923.75,3
74,41.5,0.79967,0.22737,0.5222600000000001,1,-65.5,0.27458,924.25,3
75,42.25,0.79967,0.22737,0.5222600000000001,4,-57.0,1.6536,921.75,3
76,42.75,0.9872799999999999,0.12402,0.61348,4,-56.0,1.3821,922.25,3
77,44.5,1.1632,0.05511900000000001,0.6819,4,-57.5,1.5601,921.75,3
78,45.0,1.1632,0.05511900000000001,0.6819,4,-57.0,0.9694799999999999,922.75,3
79,45.75,0.97555,0.14698,0.59068,4,-55.5,6.0009,924.75,3
80,46.0,0.97555,0.14698,0.59068,4,-56.0,0.36509,923.75,3
81,46.25,0.97555,0.14698,0.59068,4,-55.5,0.029146,924.25,3
82,47.0,0.97555,0.14698,0.59068,4,-57.0,1.5693,921.75,3
83,47.25,0.97555,0.14698,0.59068,1,-65.0,5.3567,925.75,3
