,time,frontal,vertical,lateral,id,rssi,phase,freq,label
0,0.0,1.1514,-0.35827,0.031928,1,-61.0,4.6296,924.75,3
1,0.5,0.92865,-0.24344000000000002,-0.059296,3,-56.0,6.1804,922.75,3
2,0.75,0.92865,-0.24344000000000002,-0.059296,1,-62.5,5.303,923.75,3
3,1.25,0.92865,-0.24344000000000002,-0.059296,1,-65.5,0.067495,922.25,3
4,1.75,0.92865,-0.24344000000000002,-0.059296,3,-57.0,0.61359,921.25,3
5,2.0,0.92865,-0.24344000000000002,-0.059296,1,-68.0,1.2855,920.25,3
6,2.75,1.0459,-0.30086,-0.025087,1,-60.5,3.8871,925.75,3
7,3.0,1.0459,-0.30086,-0.025087,1,-62.5,5.2646,923.75,3
8,4.0,1.2921,-0.41568999999999995,0.08894400000000001,3,-57.0,0.36662,921.75,3
9,4.25,1.2921,-0.41568999999999995,0.08894400000000001,3,-57.0,0.57524,921.25,3
10,5.25,0.9403799999999999,-0.23196,-0.059296,1,-60.0,3.907,925.75,3
11,6.0,1.0811,-0.32383,-0.0022806,3,-57.0,0.087437,922.25,3
12,6.25,1.0811,-0.32383,-0.0022806,3,-57.5,0.75472,920.75,3
13,6.75,1.0811,-0.32383,-0.0022806,1,-68.5,4.5114,920.25,3
14,8.25,1.1632,-0.35827,0.043332,1,-61.5,4.9532,924.25,3
15,8.75,1.1632,-0.35827,0.043332,1,-68.0,1.0784,920.75,3
16,9.25,1.1632,-0.35827,0.043332,3,-57.5,0.97101,920.25,3
17,9.5,1.1632,-0.35827,0.043332,1,-61.0,4.6173,924.75,3
18,10.25,1.0811,-0.32383,-0.0022806,1,-64.0,6.0316,922.75,3
19,11.25,0.9521,-0.25493000000000005,-0.070699,3,-57.0,0.33134,921.75,3
20,11.5,0.9521,-0.25493000000000005,-0.070699,1,-66.5,0.74551,921.25,3
21,12.0,0.9521,-0.25493000000000005,-0.070699,1,-61.0,4.6096,924.75,3
22,12.25,0.9521,-0.25493000000000005,-0.070699,1,-60.5,4.2675,925.25,3
23,13.25,1.0342,-0.31234,-0.025087,3,-56.5,0.07209700000000001,922.25,3
24,13.5,1.0342,-0.31234,-0.025087,3,-57.5,0.7378399999999999,920.75,3
25,13.75,1.0342,-0.31234,-0.025087,3,-57.5,0.5507,921.25,3
26,14.5,1.0576,-0.31234,-0.0022806,1,-61.0,4.5897,924.75,3
27,15.5,1.3156,-0.42717,0.10035,1,-61.5,4.9716,924.25,3
28,16.25,1.3156,-0.42717,0.10035,3,-57.0,0.29452,921.75,3
29,17.0,1.2687,-0.41568999999999995,0.077541,1,-61.5,4.5851,924.75,3
30,17.25,1.2687,-0.41568999999999995,0.077541,1,-61.0,3.8396,925.75,3
31,18.0,0.9403799999999999,-0.24344000000000002,-0.059296,1,-65.5,0.026077999999999997,922.25,3
32,18.75,0.9403799999999999,-0.24344000000000002,-0.059296,1,-67.5,0.68416,921.25,3
33,19.5,1.0576,-0.30086,-0.0022806,1,-61.0,4.2813,925.25,3
34,20.0,1.0576,-0.30086,-0.0022806,1,-65.0,5.9672,922.75,3
35,20.75,1.0459,-0.27789,-0.013684,1,-68.0,0.9526,920.75,3
36,21.5,1.0459,-0.27789,-0.013684,1,-68.0,1.2778,920.25,3
37,22.25,1.1749,-0.38124,0.066138,1,-60.5,3.9101,925.75,3
38,22.5,1.1749,-0.38124,0.066138,3,-55.5,5.6987,923.75,3
39,22.75,1.1749,-0.38124,0.066138,1,-62.0,4.9839,924.25,3
40,24.0,1.0225,-0.28938,-0.013684,3,-56.0,5.8705,923.25,3
41,24.25,1.0225,-0.28938,-0.013684,1,-61.5,4.6372,924.75,3
42,25.0,1.1397,-0.34679,0.043332,1,-65.0,5.9825,922.75,3
43,25.25,1.1397,-0.34679,0.043332,1,-62.0,4.9287,924.25,3
44,25.75,1.1397,-0.34679,0.043332,1,-67.5,1.0078,920.75,3
45,26.25,1.1397,-0.34679,0.043332,1,-68.0,1.3008,920.25,3
46,27.25,1.2452,-0.41568999999999995,0.066138,1,-60.5,0.7531800000000001,925.75,3
47,27.5,1.2452,-0.41568999999999995,0.066138,1,-63.0,5.2554,923.75,3
48,28.5,1.2921,-0.42717,0.08894400000000001,3,-57.0,0.26538,921.75,3
49,28.75,1.2921,-0.42717,0.08894400000000001,1,-68.0,1.2931,920.25,3
50,29.25,1.2921,-0.42717,0.08894400000000001,1,-61.5,4.5835,924.75,3
51,29.75,0.9169299999999999,-0.26641,-0.059296,3,-56.5,6.0729999999999995,922.75,3
52,30.0,0.9169299999999999,-0.26641,-0.059296,1,-62.5,5.2585,923.75,3
53,30.5,0.9169299999999999,-0.26641,-0.059296,1,-65.0,0.0061359,922.25,3
54,31.5,1.1749,-0.38124,0.054735,1,-61.5,4.5912,924.75,3
55,32.0,1.1749,-0.38124,0.054735,1,-60.5,0.70717,925.75,3
56,32.75,1.0342,-0.30086,-0.025087,1,-65.0,0.016874,922.25,3
57,33.25,1.0342,-0.30086,-0.025087,1,-66.0,0.33901,921.75,3
58,33.75,1.0342,-0.30086,-0.025087,3,-56.0,5.8399,923.25,3
59,34.75,0.9872799999999999,-0.27789,-0.047893,1,-62.5,5.2401,923.75,3
60,35.25,0.9872799999999999,-0.27789,-0.047893,1,-65.5,0.015340000000000001,922.25,3
61,35.75,0.9872799999999999,-0.27789,-0.047893,3,-57.5,0.45558999999999994,921.25,3
62,36.75,1.3273,-0.43866000000000005,0.10035,1,-61.0,4.2154,925.25,3
63,37.0,1.3273,-0.43866000000000005,0.10035,3,-56.5,6.0301,922.75,3
64,37.75,1.2101,-0.40421,0.054735,1,-68.0,0.98482,920.75,3
65,38.5,1.2101,-0.40421,0.054735,3,-58.0,0.8851100000000001,920.25,3
66,38.75,1.2101,-0.40421,0.054735,1,-61.5,4.5559,924.75,3
67,39.25,0.97555,-0.27789,-0.070699,1,-60.5,0.6872199999999999,925.75,3
68,40.5,1.0225,-0.30086,-0.036489999999999995,3,-57.0,0.23776999999999998,921.75,3
69,41.0,1.0225,-0.30086,-0.036489999999999995,1,-68.5,4.3611,920.25,3
70,41.25,1.0225,-0.30086,-0.036489999999999995,1,-61.5,4.5835,924.75,3
71,42.0,0.96383,-0.26641,-0.059296,3,-55.0,5.622000000000001,923.75,3
72,42.25,0.96383,-0.26641,-0.059296,1,-62.0,4.9271,924.25,3
73,42.75,0.96383,-0.26641,-0.059296,1,-67.5,0.97101,920.75,3
74,43.25,0.96383,-0.26641,-0.059296,3,-57.5,0.90505,920.25,3
75,43.75,0.96383,-0.26641,-0.059296,1,-63.5,5.6098,923.25,3
76,44.25,1.2101,-0.40421,0.066138,1,-64.5,5.935,922.75,3
77,45.5,1.2921,-0.45014,0.08894400000000001,1,-66.5,0.35588000000000003,921.75,3
78,46.0,1.2921,-0.45014,0.08894400000000001,1,-63.5,5.6236,923.25,3
79,46.25,1.2921,-0.45014,0.08894400000000001,1,-61.0,4.2369,925.25,3
80,47.0,1.0694,-0.34679,-0.0022806,1,-62.5,5.28,923.75,3
81,47.5,1.0694,-0.34679,-0.0022806,1,-65.0,0.021476,922.25,3
82,48.0,1.0694,-0.34679,-0.0022806,1,-67.0,0.70717,921.25,3
