,time,frontal,vertical,lateral,id,rssi,phase,freq,label
0,0.0,0.9990100000000001,-0.28938,-0.025087,1,-69.0,0.81915,920.75,3
1,0.75,0.9990100000000001,-0.28938,-0.025087,3,-57.0,6.0285,923.25,3
2,1.25,0.9990100000000001,-0.28938,-0.025087,3,-55.0,1.962,925.25,3
3,1.5,0.9990100000000001,-0.28938,-0.025087,3,-54.5,1.7518,925.75,3
4,2.25,1.2101,-0.43866000000000005,0.11175,1,-66.0,6.1666,922.25,3
5,3.25,1.2101,-0.43866000000000005,0.11175,1,-64.5,5.2631,923.25,3
6,3.75,1.2101,-0.43866000000000005,0.11175,3,-55.0,1.7902,925.75,3
7,4.0,1.2101,-0.43866000000000005,0.11175,3,-57.0,6.2264,922.75,3
8,4.5,1.2101,-0.43866000000000005,0.11175,1,-65.5,4.5513,924.25,3
9,5.75,1.2101,-0.43866000000000005,0.11175,1,-67.5,5.3137,923.25,3
10,7.75,1.2101,-0.49606999999999996,0.066138,3,-60.0,0.7225,921.25,3
11,8.75,1.2101,-0.49606999999999996,0.066138,3,-56.0,1.8377,925.75,3
12,9.25,1.2101,-0.49606999999999996,0.066138,1,-67.5,4.6495,924.25,3
13,13.5,1.2101,-0.49606999999999996,0.066138,3,-57.5,2.1123,925.75,3
14,16.0,1.2101,-0.49606999999999996,0.066138,3,-58.0,5.2186,925.75,3
15,23.5,1.0107,-0.5534899999999999,-0.025087,3,-61.0,0.23776999999999998,922.75,3
