,time,frontal,vertical,lateral,id,rssi,phase,freq,label
0,0.0,0.38928,0.95081,0.077541,1,-56.0,3.7874,922.25,4
1,0.25,0.38928,0.95081,0.077541,1,-55.0,1.0094,925.25,4
2,0.5,0.38928,0.95081,0.077541,3,-57.0,3.5328,924.75,4
3,1.25,0.38928,0.95081,0.077541,1,-58.5,5.3766,923.25,4
4,2.0,0.38928,0.95081,0.077541,1,-56.5,4.0666,921.75,4
5,2.25,0.38928,0.95081,0.077541,1,-55.5,0.57831,925.75,4
6,2.75,0.23685,1.0082,0.031928,1,-55.0,1.5033,924.75,1
7,3.0,0.23685,1.0082,0.031928,3,-56.5,3.568,924.75,1
8,3.25,0.23685,1.0082,0.031928,1,-58.0,4.855,920.75,1
9,3.5,0.23685,1.0082,0.031928,3,-56.5,3.9653,924.25,1
10,3.75,0.23685,1.0082,0.031928,3,-59.5,0.29452,920.25,1
11,4.25,0.23685,1.0082,0.031928,1,-58.0,0.7025600000000001,921.75,1
12,4.75,0.23685,1.0082,0.031928,1,-57.0,2.8379,922.75,1
13,5.25,0.27203,0.99674,0.0091224,1,-55.5,1.1259,924.75,1
14,5.5,0.27203,0.99674,0.0091224,3,-56.5,4.1709,923.75,1
15,6.0,0.27203,0.99674,0.0091224,3,-56.5,3.8626,924.25,1
16,6.25,0.27203,0.99674,0.0091224,1,-56.0,2.4774,923.25,1
17,6.5,0.27203,0.99674,0.0091224,1,-58.0,4.1832,921.25,1
18,7.0,0.27203,0.99674,0.0091224,1,-56.0,0.11198,925.75,1
19,7.25,0.27203,0.99674,0.0091224,1,-57.0,5.9657,922.75,1
20,7.75,0.23685,1.0312,0.031928,1,-57.0,1.0063,924.75,1
21,8.25,0.23685,1.0312,0.031928,3,-59.5,6.228,920.75,1
22,8.75,0.23685,1.0312,0.031928,1,-57.5,2.2488,923.25,1
23,9.25,0.23685,1.0312,0.031928,1,-57.5,0.0061359,925.75,1
24,9.75,0.23685,1.0312,0.031928,3,-56.5,4.9011,922.75,1
25,10.0,0.23685,1.0312,0.031928,1,-58.0,0.5461,925.25,1
26,10.25,0.23685,1.0312,0.031928,1,-57.5,1.0615,924.75,1
27,10.75,0.23685,1.0312,0.031928,3,-56.0,3.8396,924.25,1
28,12.25,0.27203,0.99674,0.077541,3,-58.0,2.4252,925.25,1
29,12.75,0.27203,0.99674,0.077541,1,-58.0,2.1353,923.75,1
30,14.25,0.27203,0.99674,0.077541,3,-57.5,2.5418,925.75,1
31,14.75,0.27203,0.99674,0.077541,1,-57.0,0.66728,925.25,1
32,15.25,0.27203,0.99674,0.077541,1,-57.0,1.9727,923.75,1
33,15.75,0.27203,0.99674,0.077541,3,-58.5,4.3197,923.25,1
34,17.0,0.30721,0.97377,0.08894400000000001,1,-57.0,6.0792,922.75,1
35,17.25,0.30721,0.97377,0.08894400000000001,1,-56.5,0.67495,925.25,1
36,17.5,0.30721,0.97377,0.08894400000000001,3,-56.5,0.30833,924.75,1
37,17.75,0.30721,0.97377,0.08894400000000001,1,-56.5,2.0172,923.75,1
38,19.75,0.34238,0.96229,0.08894400000000001,3,-59.5,2.9974,925.25,1
39,20.5,0.34238,0.96229,0.08894400000000001,3,-59.5,0.42183999999999994,924.25,1
40,21.75,0.34238,0.96229,0.08894400000000001,3,-59.5,4.7768,922.75,1
41,22.5,0.34238,0.96229,0.08894400000000001,3,-58.5,4.1141,923.75,1
42,24.75,0.2603,0.98526,0.054735,1,-57.5,0.8544299999999999,924.75,1
43,25.5,0.2603,0.98526,0.054735,1,-57.5,2.1476,923.25,1
44,26.25,0.2603,0.98526,0.054735,1,-57.0,0.07209700000000001,925.75,1
45,26.75,0.2603,0.98526,0.054735,3,-57.5,4.7507,922.75,1
46,27.25,0.2603,0.98526,0.054735,3,-57.5,3.4146,924.75,1
47,29.25,0.28376,0.99674,0.066138,3,-59.5,4.9594,922.25,1
48,29.75,0.28376,0.99674,0.066138,1,-58.0,1.7319,923.75,1
49,31.25,0.28376,0.99674,0.066138,3,-58.0,2.6154,925.75,1
50,32.75,0.44791000000000003,0.9163600000000001,0.12315,3,-58.5,4.3872,923.25,1
51,33.75,0.44791000000000003,0.9163600000000001,0.12315,3,-56.0,2.4912,925.75,1
52,34.0,0.44791000000000003,0.9163600000000001,0.12315,3,-57.5,4.7001,922.75,1
53,34.5,0.44791000000000003,0.9163600000000001,0.12315,1,-58.5,0.3835,925.25,1
54,34.75,0.44791000000000003,0.9163600000000001,0.12315,3,-56.5,4.1586,923.75,1
55,35.25,0.44791000000000003,0.9163600000000001,0.12315,3,-57.0,4.5268,923.25,1
56,36.0,0.44791000000000003,0.9163600000000001,0.12315,3,-60.5,5.2324,921.75,1
57,37.0,0.30721,0.97377,0.08894400000000001,1,-56.5,0.53843,924.75,1
58,37.75,0.30721,0.97377,0.08894400000000001,3,-58.5,1.1505,923.25,1
59,38.75,0.30721,0.97377,0.08894400000000001,3,-57.0,4.6449,922.75,1
60,39.25,0.30721,0.97377,0.08894400000000001,3,-56.5,6.0362,925.25,1
61,39.5,0.30721,0.97377,0.08894400000000001,3,-56.0,3.1861,924.75,1
62,39.75,0.30721,0.97377,0.08894400000000001,3,-56.5,3.9485,923.75,1
63,40.0,0.30721,0.97377,0.08894400000000001,1,-56.5,1.063,924.25,1
64,41.0,0.30721,0.97377,0.08894400000000001,1,-57.5,5.935,925.75,1
65,42.0,0.33066,0.97377,0.077541,3,-56.0,6.277,924.75,1
66,42.25,0.33066,0.97377,0.077541,1,-57.0,1.6552,923.75,1
67,42.5,0.33066,0.97377,0.077541,1,-57.0,1.2763,924.25,1
68,43.25,0.33066,0.97377,0.077541,1,-59.5,0.30219,921.75,1
69,44.0,0.27203,0.98526,0.077541,3,-56.5,5.9227,925.25,1
70,44.25,0.27203,0.98526,0.077541,1,-57.0,0.8651700000000001,924.75,1
71,45.0,0.27203,0.98526,0.077541,1,-57.5,1.1091,924.25,1
72,46.0,0.27203,0.98526,0.077541,3,-56.0,2.3501,925.75,1
73,46.25,0.27203,0.98526,0.077541,3,-57.0,4.6388,922.75,1
74,46.75,0.41273000000000004,0.93932,0.11175,3,-56.5,3.9976,923.75,1
75,47.25,0.41273000000000004,0.93932,0.11175,1,-57.0,1.3330000000000002,924.25,1
76,48.0,0.41273000000000004,0.93932,0.11175,1,-61.5,3.8396,921.25,1
77,48.5,0.41273000000000004,0.93932,0.11175,3,-57.5,4.6449,922.75,1
78,49.0,0.41273000000000004,0.93932,0.11175,3,-56.5,5.892,925.25,1
79,49.25,0.41273000000000004,0.93932,0.11175,1,-57.5,1.6736,923.75,1
80,51.5,0.30721,0.97377,0.054735,3,-58.5,6.119,925.25,1
81,52.25,0.30721,0.97377,0.054735,3,-58.5,0.65041,924.25,1
82,53.75,0.30721,0.97377,0.054735,1,-58.5,0.29299000000000003,925.25,1
83,54.25,0.30721,0.97377,0.054735,3,-61.5,5.688,920.75,1
84,56.25,0.30721,0.97377,0.054735,1,-58.0,0.158,925.25,1
85,56.75,0.30721,0.97377,0.054735,1,-57.0,1.5539,923.75,1
86,59.0,0.49481,0.9048700000000001,0.13455999999999999,1,-57.5,0.8252799999999999,924.75,1
87,59.5,0.49481,0.9048700000000001,0.13455999999999999,3,-58.0,0.45713000000000004,924.25,1
88,60.5,0.49481,0.9048700000000001,0.13455999999999999,1,-57.5,5.9319,925.75,1
89,61.25,0.49481,0.9048700000000001,0.13455999999999999,3,-58.0,6.0516,925.25,1
90,62.0,0.49481,0.9048700000000001,0.13455999999999999,1,-59.0,1.9021,923.25,1
91,63.5,0.49481,0.9048700000000001,0.13455999999999999,1,-59.0,2.7013,922.25,1
92,65.5,0.27203,0.98526,0.020525,1,-56.5,6.2126,925.75,1
93,66.0,0.27203,0.98526,0.020525,3,-57.5,5.9948,925.25,1
94,66.5,0.27203,0.98526,0.020525,1,-62.0,3.7306,920.75,1
95,67.75,0.27203,0.98526,0.020525,3,-55.5,2.2933,925.75,1
96,68.0,0.27203,0.98526,0.020525,1,-59.0,2.4513,922.75,1
97,68.5,0.27203,0.98526,0.020525,3,-55.0,5.7877,925.25,1
98,69.5,0.49481,0.9163600000000001,0.11175,3,-57.0,0.37583,924.25,1
99,70.25,0.49481,0.9163600000000001,0.11175,1,-57.5,5.961,925.75,1
100,70.75,0.49481,0.9163600000000001,0.11175,3,-56.5,5.9534,925.25,1
101,71.25,0.49481,0.9163600000000001,0.11175,3,-56.5,0.09664099999999999,924.75,1
102,71.75,0.49481,0.9163600000000001,0.11175,3,-57.0,0.45713000000000004,924.25,1
103,72.75,0.49481,0.9163600000000001,0.11175,1,-58.0,6.0086,925.75,1
104,75.25,0.31893,0.96229,0.043332,3,-57.5,2.4912,925.75,1
105,76.25,0.31893,0.96229,0.043332,3,-61.0,5.6251,920.75,1
106,77.75,0.31893,0.96229,0.043332,1,-57.5,5.9181,925.75,1
107,78.25,0.31893,0.96229,0.043332,1,-58.5,0.7179,924.75,1
108,79.25,0.31893,0.96229,0.043332,1,-59.0,1.9880000000000002,923.25,1
109,80.25,0.31893,0.96229,0.043332,3,-58.0,4.5789,922.75,1
110,81.5,0.33066,0.97377,0.066138,1,-58.0,1.0907,924.25,1
111,82.5,0.33066,0.97377,0.066138,3,-56.5,2.4605,925.75,1
112,83.25,0.33066,0.97377,0.066138,3,-57.0,6.0009,925.25,1
113,83.5,0.33066,0.97377,0.066138,3,-58.0,3.9960000000000004,923.75,1
114,84.25,0.33066,0.97377,0.066138,3,-58.0,4.2967,923.25,1
115,85.25,0.33066,0.97377,0.066138,3,-59.0,4.8397,922.25,1
116,85.75,0.33066,0.97377,0.066138,3,-57.0,0.087437,924.75,1
117,86.25,0.33066,0.97377,0.066138,3,-56.0,0.34975,924.25,1
118,87.5,0.34238,0.97377,0.043332,3,-56.0,2.2979,925.75,1
119,88.0,0.34238,0.97377,0.043332,3,-56.0,5.9104,925.25,1
120,88.25,0.34238,0.97377,0.043332,3,-56.0,0.09510700000000001,924.75,1
121,88.5,0.34238,0.97377,0.043332,3,-56.5,4.0037,923.75,1
122,89.0,0.34238,0.97377,0.043332,3,-57.0,4.3488,923.25,1
123,89.75,0.34238,0.97377,0.043332,3,-56.0,2.4636,925.75,1
124,90.5,0.28376,0.97377,0.043332,3,-56.0,0.016874,924.75,1
125,91.0,0.28376,0.97377,0.043332,1,-57.5,1.5815,923.75,1
126,91.25,0.28376,0.97377,0.043332,1,-58.5,1.9098,923.25,1
127,92.25,0.28376,0.97377,0.043332,3,-55.5,5.4809,925.75,1
128,92.5,0.28376,0.97377,0.043332,3,-57.0,4.5513,922.75,1
129,93.0,0.28376,0.97377,0.043332,1,-57.0,0.33134,925.25,1
130,93.25,0.28376,0.97377,0.043332,3,-56.5,0.064427,924.75,1
131,94.75,0.36583000000000004,0.93932,0.077541,3,-57.5,5.5622,925.75,1
132,95.25,0.36583000000000004,0.93932,0.077541,1,-56.5,0.15647,925.25,1
133,95.5,0.36583000000000004,0.93932,0.077541,1,-57.0,0.58905,924.75,1
134,96.25,0.36583000000000004,0.93932,0.077541,1,-57.0,1.1781,924.25,1
135,97.25,0.36583000000000004,0.93932,0.077541,3,-57.5,2.5203,925.75,1
136,97.75,0.36583000000000004,0.93932,0.077541,3,-57.5,5.957999999999999,925.25,1
137,98.25,0.36583000000000004,0.93932,0.077541,3,-58.0,3.9132,923.75,1
138,98.75,0.36583000000000004,0.93932,0.077541,1,-58.0,1.9666,923.25,1
139,100.25,0.33066,0.97377,0.031928,1,-57.0,0.20095,925.25,1
140,100.5,0.33066,0.97377,0.031928,3,-56.5,0.041417,924.75,1
141,101.0,0.33066,0.97377,0.031928,3,-57.0,3.5757,924.25,1
142,102.0,0.33066,0.97377,0.031928,3,-56.5,2.3501,925.75,1
143,102.25,0.33066,0.97377,0.031928,3,-57.5,4.5283,922.75,1
144,102.75,0.33066,0.97377,0.031928,1,-56.5,0.16107,925.25,1
145,103.0,0.33066,0.97377,0.031928,3,-57.5,3.8396,923.75,1
146,107.0,0.35411,0.97377,0.054735,3,-57.0,6.0884,925.75,1
147,107.5,0.35411,0.97377,0.054735,3,-57.5,3.3732,925.25,1
148,108.0,0.35411,0.97377,0.054735,3,-57.5,4.4608,923.75,1
149,110.0,0.35411,0.97377,0.054735,1,-57.5,0.59058,925.25,1
150,114.75,0.35411,0.97377,0.054735,1,-55.5,0.8805,925.25,1
151,115.25,0.35411,0.97377,0.054735,1,-57.0,2.1215,923.75,1
152,144.5,-0.17354,0.57186,0.71611,3,-66.0,3.9485,924.75,1
153,149.0,-0.17354,0.57186,0.71611,4,-57.0,4.0681,925.25,1
154,151.5,-0.17354,0.57186,0.71611,4,-56.0,4.1080000000000005,925.25,1
155,154.0,-0.17354,0.57186,0.71611,4,-56.5,4.0896,925.25,1
156,156.25,-0.17354,0.57186,0.71611,4,-56.5,4.1003,925.25,1
157,158.75,-0.17354,0.57186,0.71611,4,-56.5,4.1279,925.25,1
158,161.25,-0.17354,0.57186,0.71611,4,-56.0,4.0697,925.25,1
159,163.5,-0.17354,0.57186,0.71611,4,-56.5,4.085,925.25,1
160,166.0,-0.17354,0.57186,0.71611,4,-56.5,4.0911,925.25,1
161,168.5,0.1665,-0.11713,1.0468,4,-56.0,4.1049,925.25,3
162,170.5,0.1665,-0.11713,1.0468,3,-66.0,5.2002,922.75,3
163,171.25,0.1665,-0.11713,1.0468,3,-65.0,4.5989,923.75,3
164,173.5,0.1665,-0.11713,1.0468,3,-65.0,0.5997899999999999,925.25,3
165,175.75,0.1665,-0.11713,1.0468,4,-56.5,0.8851100000000001,925.25,3
166,179.58,0.1665,-0.10565,1.0468,4,-56.0,4.0574,925.25,3
167,179.6,0.1665,-0.10565,1.0468,3,-66.0,1.9129,923.25,3
168,180.75,0.1665,-0.10565,1.0468,4,-56.5,0.8881700000000001,925.25,3
169,183.25,0.1665,-0.10565,1.0468,4,-56.5,4.0911,925.25,3
170,185.5,0.1665,-0.10565,1.0468,4,-56.5,3.9454,925.25,3
171,188.25,0.1665,-0.10565,1.0468,3,-65.5,0.91885,924.75,3
172,195.5,0.23685,-0.14009000000000002,1.0696,4,-56.5,0.7148399999999999,925.25,3
173,198.0,0.23685,-0.14009000000000002,1.0696,3,-66.5,1.0048,924.75,3
174,200.5,0.23685,-0.14009000000000002,1.0696,4,-58.5,5.3628,923.75,3
175,203.0,0.23685,-0.14009000000000002,1.0696,4,-58.5,5.4104,923.75,3
176,205.25,0.23685,-0.14009000000000002,1.0696,3,-66.0,0.98482,924.75,3
177,211.75,0.33066,-0.18603,1.1038,4,-55.5,0.19635,925.75,3
178,212.75,0.33066,-0.18603,1.1038,3,-66.0,4.8735,923.75,3
179,215.0,0.33066,-0.18603,1.1038,4,-56.0,0.69029,925.25,3
180,217.5,0.2134,-0.10565,1.0354,3,-65.5,1.58,923.75,3
181,219.75,0.2134,-0.10565,1.0354,3,-65.5,4.0543,925.25,3
182,221.75,0.2134,-0.10565,1.0354,4,-59.0,5.9902,922.75,3
183,222.25,0.2134,-0.10565,1.0354,4,-55.0,3.9285,925.25,3
184,222.5,0.2134,-0.10565,1.0354,4,-58.0,5.1373,923.75,3
185,224.0,0.2134,-0.10565,1.0354,4,-55.0,0.25004,925.75,3
186,224.5,0.2134,-0.10565,1.0354,4,-55.5,3.8672,925.25,3
187,225.0,0.2134,-0.10565,1.0354,3,-66.5,1.8086,923.75,3
188,227.25,0.1665,-0.094162,1.024,3,-67.0,1.7242,923.75,3
189,229.5,0.1665,-0.094162,1.024,4,-56.0,3.9101,925.25,3
190,231.5,0.1665,-0.094162,1.024,4,-56.0,0.20555,925.75,3
191,232.25,0.1665,-0.094162,1.024,4,-57.0,4.3473,924.75,3
192,234.25,0.1665,-0.094162,1.024,3,-65.5,0.8912399999999999,925.25,3
193,239.25,0.1196,-0.059712,1.0012,4,-56.0,3.9055,925.25,3
194,239.75,0.1196,-0.059712,1.0012,3,-68.5,0.33441,920.75,3
195,241.75,0.1196,-0.059712,1.0012,3,-65.5,0.91885,925.25,3
196,244.0,0.1196,-0.059712,1.0012,4,-56.0,3.8472,925.25,3
197,244.5,0.1196,-0.059712,1.0012,3,-65.5,1.6858,923.75,3
198,246.5,0.1196,-0.059712,1.0012,4,-55.5,3.7613,925.25,3
199,246.75,0.1196,-0.059712,1.0012,3,-67.0,1.0094,924.75,3
200,250.0,0.1665,-0.10565,1.0126,4,-57.0,4.6296,924.25,3
201,251.25,0.1665,-0.10565,1.0126,3,-66.0,0.82988,925.25,3
202,253.25,0.1665,-0.10565,1.0126,3,-66.0,0.38963000000000003,925.75,3
203,254.0,0.1665,-0.10565,1.0126,4,-56.5,4.177,924.75,3
204,256.25,0.1665,-0.10565,1.0126,4,-56.0,0.60285,925.25,3
205,256.5,0.1665,-0.10565,1.0126,3,-66.0,1.1137,924.75,3
206,261.25,0.2134,-0.11713,1.0126,3,-66.0,4.0589,925.25,3
207,263.5,0.2134,-0.11713,1.0126,4,-56.0,0.52922,925.25,3
208,264.0,0.2134,-0.11713,1.0126,3,-67.0,1.8316,923.75,3
209,377.75,0.14305,1.0312,-0.082102,4,-68.0,1.1351,925.75,4
210,377.85,-0.15009,1.2264,-0.036489999999999995,2,-43.5,1.1597,922.75,4
211,378.0,0.037521,1.1116,0.32841,2,-46.5,1.0308,922.25,4
212,378.28,-0.032831,0.95081,0.12315,2,-46.0,4.1862,925.25,4
213,379.25,-0.32597,0.92784,0.054735,2,-57.5,0.8145399999999999,923.25,2
214,380.0,-0.32597,0.92784,0.054735,3,-66.0,0.30833,925.75,2
215,380.75,-0.32597,0.92784,0.054735,2,-54.0,4.3458,924.75,2
216,381.75,0.17823,1.0082,-0.34437,2,-59.0,6.0255,920.25,2
217,383.25,0.17823,1.0082,-0.34437,2,-55.5,6.096,925.25,2
218,390.0,0.48308999999999996,0.9163600000000001,0.08894400000000001,2,-59.0,0.88971,922.75,2
219,393.0,0.48308999999999996,0.9163600000000001,0.08894400000000001,2,-57.0,6.1329,924.75,2
220,514.5,0.36583000000000004,0.6292800000000001,0.75032,3,-66.5,5.438,922.25,4
221,516.5,0.28376,0.11254000000000002,0.9327700000000001,4,-56.0,0.48781,925.75,3
222,517.5,0.28376,0.11254000000000002,0.9327700000000001,3,-64.0,5.1956,923.75,3
223,524.75,0.62379,0.020669999999999997,0.8871600000000001,1,-66.0,1.8346,924.75,3
224,527.0,0.62379,0.020669999999999997,0.8871600000000001,3,-63.5,1.7211,924.75,3
225,532.0,0.7176,-0.01378,0.90996,1,-64.5,1.6598,924.75,3
226,536.75,0.7176,-0.01378,0.90996,4,-56.5,4.1586,925.25,3
227,540.0,0.7176,-0.01378,0.90996,4,-58.5,6.2433,923.25,3
228,541.25,0.7176,-0.01378,0.90996,4,-58.0,5.461,922.25,3
229,542.25,0.7176,0.08956900000000001,0.84154,4,-55.5,4.0313,924.25,3
230,543.5,0.7176,0.08956900000000001,0.84154,4,-58.0,5.5116,922.75,3
231,544.0,0.7176,0.08956900000000001,0.84154,4,-55.0,0.02301,925.25,3
232,544.25,0.7176,0.08956900000000001,0.84154,4,-55.0,0.62126,924.75,3
233,544.75,0.7176,0.08956900000000001,0.84154,4,-55.5,4.2905,924.25,3
234,546.5,0.57689,0.05511900000000001,0.89856,4,-54.5,6.2724,925.25,3
