,time,frontal,vertical,lateral,id,rssi,phase,freq,label
0,0.0,0.36583000000000004,0.043636,1.2178,4,-56.0,6.2663,923.25,3
1,57.25,0.36583000000000004,0.043636,1.2178,4,-56.0,0.013806,922.25,3
2,60.75,0.41273000000000004,0.79004,0.25999,2,-50.0,1.6812,923.25,4
3,61.0,0.37756,1.0082,-0.20754,2,-49.5,0.30066,923.25,4
4,61.25,-0.13835999999999998,1.0197,0.24859,2,-51.0,3.0081,921.25,4
5,62.75,-0.36114,1.1116,0.031928,2,-52.0,5.8276,923.75,2
6,64.0,0.23685,1.0082,-0.20754,2,-54.0,6.231,925.75,2
7,64.5,0.23685,1.0082,-0.20754,2,-58.5,4.8182,922.25,2
8,65.0,0.23685,1.0082,-0.20754,2,-55.5,0.17948,923.75,2
9,67.75,0.18995,1.0082,-0.082102,2,-58.0,6.0562,923.75,2
10,69.25,0.18995,1.0082,-0.082102,2,-58.5,0.52922,922.75,2
11,70.0,0.18995,1.0082,-0.082102,2,-57.0,6.1927,923.75,2
12,71.5,0.18995,1.0082,-0.082102,2,-54.0,1.7717,925.75,2
13,72.25,0.18995,1.0082,-0.082102,2,-55.0,5.2585,925.25,2
14,77.0,0.2603,0.97377,-0.0022806,2,-55.5,1.9681,925.25,2
15,78.775,0.2603,0.97377,-0.0022806,2,-54.0,1.7533,925.75,2
16,79.5,0.2603,0.97377,-0.0022806,2,-55.0,2.4053,924.75,2
17,80.25,0.2603,0.97377,-0.0022806,2,-57.5,0.09664099999999999,923.25,2
