,time,frontal,vertical,lateral,id,rssi,phase,freq,label
0,0.0,0.13132,1.0197,0.11175,4,-56.0,5.1987,921.25,1
1,0.025,0.13132,1.0197,0.11175,4,-56.5,6.2203,920.25,1
2,0.75,0.13132,1.0197,0.11175,4,-56.0,5.5315,920.75,1
3,1.0,0.13132,1.0197,0.11175,4,-57.0,6.0638,923.25,1
4,1.025,0.13132,1.0197,0.11175,1,-60.5,0.7639199999999999,922.25,1
5,1.5,0.13132,1.0197,0.11175,4,-57.5,5.642,923.75,1
6,2.25,0.1665,0.99674,0.11175,4,-57.0,0.26231,922.75,1
7,2.3,0.1665,0.99674,0.11175,4,-56.5,4.9517,921.25,1
8,2.5,0.1665,0.99674,0.11175,4,-56.5,5.9212,920.25,1
9,3.0,0.1665,0.99674,0.11175,4,-57.5,4.8888,924.25,1
10,3.25,0.1665,0.99674,0.11175,4,-56.0,5.372000000000001,920.75,1
11,3.325,0.1665,0.99674,0.11175,4,-57.5,5.8552,923.25,1
12,3.5,0.1665,0.99674,0.11175,4,-57.0,0.64427,922.25,1
13,4.25,0.2134,0.99674,0.14595999999999998,1,-61.0,0.9311299999999999,921.75,1
14,4.75,0.2134,0.99674,0.14595999999999998,1,-61.5,4.381,921.25,1
15,5.0,0.2134,0.99674,0.14595999999999998,1,-62.0,4.559,924.75,1
16,5.5,0.2134,0.99674,0.14595999999999998,4,-56.5,5.2447,920.75,1
17,6.25,0.31893,0.92784,0.19157000000000002,1,-63.0,0.6995,925.25,1
18,6.5,0.31893,0.92784,0.19157000000000002,4,-57.0,4.1924,921.75,1
19,7.0,0.31893,0.92784,0.19157000000000002,1,-61.0,5.9703,922.75,1
20,7.25,0.31893,0.92784,0.19157000000000002,1,-61.5,0.96641,921.25,1
21,8.0,0.35411,0.9163600000000001,0.21438000000000001,4,-57.5,5.7923,923.25,1
22,8.25,0.35411,0.9163600000000001,0.21438000000000001,4,-57.0,0.65194,922.25,1
23,8.75,0.35411,0.9163600000000001,0.21438000000000001,4,-58.0,5.2662,923.75,1
24,9.0,0.35411,0.9163600000000001,0.21438000000000001,4,-57.0,0.63507,921.75,1
25,9.25,0.35411,0.9163600000000001,0.21438000000000001,1,-62.0,6.1957,925.75,1
26,9.5,0.35411,0.9163600000000001,0.21438000000000001,4,-57.0,1.287,921.25,1
27,9.75,0.35411,0.9163600000000001,0.21438000000000001,4,-56.5,5.5898,920.25,1
28,10.5,0.22513000000000002,0.98526,0.19157000000000002,1,-61.0,5.4809,920.75,1
29,11.0,0.22513000000000002,0.98526,0.19157000000000002,1,-62.5,4.6372,925.25,1
30,12.0,0.22513000000000002,0.98526,0.19157000000000002,4,-57.5,5.8506,921.25,1
31,13.0,0.22513000000000002,0.98526,0.19157000000000002,1,-63.5,6.0638,920.75,1
32,13.75,0.22513000000000002,0.98526,0.19157000000000002,1,-63.0,1.1674,923.75,1
33,14.5,0.22513000000000002,0.98526,0.19157000000000002,4,-58.0,0.43718,921.25,1
34,15.75,0.17823,0.93932,0.33981,1,-64.5,4.5437,922.25,1
35,16.75,0.17823,0.93932,0.33981,4,-56.5,1.1873,922.75,1
36,17.0,0.17823,0.93932,0.33981,4,-57.0,6.2786,921.25,1
37,17.5,0.17823,0.93932,0.33981,1,-64.5,0.20555,924.75,1
38,18.0,0.17823,0.93932,0.33981,1,-63.0,0.50775,923.25,1
39,18.75,0.17823,0.93932,0.33981,1,-60.0,1.6659,921.75,1
40,20.0,0.20168,0.97377,0.12315,1,-62.0,6.0117,924.25,1
41,21.25,0.20168,0.97377,0.12315,4,-58.0,0.73631,921.75,1
42,22.0,0.20168,0.97377,0.12315,4,-57.5,5.3045,920.25,1
43,23.0,0.2134,0.97377,0.11175,4,-57.5,0.36816,922.25,1
44,23.5,0.2134,0.97377,0.11175,4,-57.5,4.0482,921.75,1
45,24.5,0.2134,0.97377,0.11175,3,-62.0,0.15492999999999998,920.25,1
46,25.0,0.2134,0.97377,0.11175,1,-58.5,1.1137,920.75,1
47,25.5,0.28376,0.97377,0.22578,4,-59.5,0.050621,925.25,1
48,26.0,0.28376,0.97377,0.22578,1,-59.5,1.3913,921.75,1
49,26.725,0.28376,0.97377,0.22578,4,-58.5,0.53076,921.25,1
50,27.0,0.28376,0.97377,0.22578,1,-59.5,2.2734,920.25,1
51,27.5,0.28376,0.97377,0.22578,4,-58.0,1.1536,920.75,1
52,28.0,0.28376,0.97377,0.22578,4,-58.5,5.8429,922.25,1
53,29.25,0.34238,0.93932,0.20297,4,-58.0,0.56911,921.25,1
54,29.75,0.34238,0.93932,0.20297,1,-61.0,5.2094,924.25,1
55,30.25,0.34238,0.93932,0.20297,1,-60.5,6.1114,923.25,1
56,30.75,0.34238,0.93932,0.20297,4,-58.5,0.26384,921.75,1
57,31.5,0.34238,0.93932,0.20297,3,-68.0,0.9587399999999999,922.75,1
58,31.75,0.34238,0.93932,0.20297,4,-57.5,1.7395,920.25,1
59,32.5,0.34238,0.93932,0.20297,4,-58.0,1.1259,920.75,1
60,32.75,0.34238,0.93932,0.20297,3,-69.0,5.4548,925.25,1
61,34.25,0.15478,0.98526,0.12315,3,-68.0,5.0821,920.25,1
62,35.0,0.15478,0.98526,0.12315,4,-59.0,4.7661,923.25,1
63,35.5,0.15478,0.98526,0.12315,1,-62.0,5.6527,923.75,1
64,36.25,0.15478,0.98526,0.12315,1,-60.0,1.781,921.25,1
65,37.25,0.29548,0.92784,0.19157000000000002,4,-57.5,1.3453,920.75,1
66,37.75,0.29548,0.92784,0.19157000000000002,1,-61.5,0.71023,922.25,1
67,38.75,0.29548,0.92784,0.19157000000000002,4,-58.0,3.7935,921.25,1
68,39.0,0.29548,0.92784,0.19157000000000002,1,-60.5,2.4022,920.25,1
69,41.0,0.1665,0.99674,0.12315,4,-59.0,5.5239,922.75,1
70,42.0,0.1665,0.99674,0.12315,4,-57.0,1.4343,920.75,1
71,43.0,0.33066,0.92784,0.23718000000000003,1,-61.0,1.4665,921.75,1
72,43.75,0.33066,0.92784,0.23718000000000003,4,-57.0,1.2855,921.25,1
73,44.0,0.33066,0.92784,0.23718000000000003,4,-59.5,4.3964,924.75,1
74,44.75,0.33066,0.92784,0.23718000000000003,4,-58.5,5.3306,923.25,1
75,45.5,0.33066,0.92784,0.23718000000000003,4,-58.0,0.49548000000000003,921.75,1
76,46.0,0.33066,0.92784,0.23718000000000003,1,-61.5,0.68109,922.75,1
77,48.0,0.35411,0.8819100000000001,0.22578,4,-58.5,0.37276,921.75,1
78,48.75,0.35411,0.8819100000000001,0.22578,4,-57.5,5.1649,920.25,1
79,49.5,0.35411,0.8819100000000001,0.22578,1,-61.0,5.3091,920.75,1
80,50.25,0.35411,0.8819100000000001,0.22578,4,-59.5,4.6081,923.75,1
81,51.75,0.27203,0.9163600000000001,0.19157000000000002,4,-57.5,1.4909999999999999,920.75,1
82,52.25,0.27203,0.9163600000000001,0.19157000000000002,1,-62.0,6.2433,923.25,1
83,53.0,0.27203,0.9163600000000001,0.19157000000000002,1,-61.0,1.0937,921.75,1
84,53.5,0.27203,0.9163600000000001,0.19157000000000002,4,-57.5,5.1803,920.25,1
85,54.25,0.27203,0.9163600000000001,0.19157000000000002,1,-60.5,2.0586,920.75,1
86,54.75,0.27203,0.9163600000000001,0.19157000000000002,4,-58.5,6.162000000000001,922.25,1
87,55.25,0.27203,0.9163600000000001,0.19157000000000002,3,-69.0,1.06,921.75,1
88,56.0,0.27203,0.9163600000000001,0.19157000000000002,1,-60.0,2.1798,920.25,1
89,56.75,0.27203,0.9163600000000001,0.19157000000000002,4,-58.0,1.4327,920.75,1
90,58.25,0.18995,0.97377,0.13455999999999999,1,-61.0,6.1497,922.75,1
91,59.0,0.18995,0.97377,0.13455999999999999,1,-59.5,1.7211,920.75,1
92,59.5,0.18995,0.97377,0.13455999999999999,1,-60.5,0.39576999999999996,922.25,1
93,60.5,0.18995,0.97377,0.13455999999999999,1,-61.0,0.099709,922.75,1
94,61.0,0.18995,0.97377,0.13455999999999999,1,-59.0,5.8797,920.25,1
95,62.0,0.28376,0.97377,0.13455999999999999,3,-61.5,4.8919,922.25,1
96,62.5,0.28376,0.97377,0.13455999999999999,1,-58.5,1.4189,923.75,1
97,62.75,0.28376,0.97377,0.13455999999999999,1,-57.5,6.0638,921.75,1
98,63.0,0.28376,0.97377,0.13455999999999999,1,-59.5,0.8927799999999999,921.25,1
99,63.75,0.28376,0.97377,0.13455999999999999,3,-69.0,6.0086,924.25,1
100,64.5,0.28376,0.97377,0.13455999999999999,1,-60.5,0.69489,922.25,1
101,66.25,0.27203,0.95081,0.16876,1,-62.0,4.8075,924.25,1
102,66.75,0.27203,0.95081,0.16876,4,-59.5,1.4834,923.25,1
103,67.5,0.27203,0.95081,0.16876,3,-68.0,0.97101,921.75,1
104,68.25,0.27203,0.95081,0.16876,4,-57.5,1.3514,920.25,1
105,68.75,0.27203,0.95081,0.16876,3,-66.5,4.8121,920.75,1
106,69.25,0.27203,0.95081,0.16876,3,-66.5,0.90505,922.25,1
107,71.25,0.28376,0.93932,0.19157000000000002,1,-62.0,1.4527,924.25,1
108,72.25,0.28376,0.93932,0.19157000000000002,1,-61.5,5.0744,923.75,1
109,73.0,0.28376,0.93932,0.19157000000000002,4,-58.5,0.4019,921.25,1
110,73.25,0.28376,0.93932,0.19157000000000002,1,-60.5,1.4542,920.25,1
111,74.0,0.28376,0.93932,0.19157000000000002,4,-59.5,4.9486,923.25,1
112,74.5,0.28376,0.93932,0.19157000000000002,1,-67.0,1.8623,923.75,1
113,75.75,0.28376,0.93932,0.19157000000000002,4,-56.5,5.0744,920.25,1
114,77.0,0.29548,0.95081,0.21438000000000001,4,-57.5,1.3131,923.75,1
115,77.5,0.29548,0.95081,0.21438000000000001,4,-59.5,5.5653,925.75,1
116,78.25,0.29548,0.95081,0.21438000000000001,4,-58.0,0.39884000000000003,924.75,1
117,79.25,0.29548,0.96229,0.22578,4,-58.0,6.2786,925.25,1
118,80.25,0.43618999999999997,0.9163600000000001,0.27139,3,-59.0,0.98635,921.25,1
119,80.35,0.43618999999999997,0.9163600000000001,0.27139,1,-56.0,2.3945,920.25,1
120,80.5,0.43618999999999997,0.9163600000000001,0.27139,4,-57.5,6.2464,920.25,1
121,80.575,0.43618999999999997,0.9163600000000001,0.27139,4,-59.5,1.3545,924.75,1
122,81.75,0.31893,1.0197,0.0091224,1,-57.5,0.88664,925.25,1
123,81.85,0.31893,1.0197,0.0091224,4,-61.0,1.9988,923.75,1
124,82.0,0.31893,1.0197,0.0091224,3,-56.5,6.231,921.75,1
125,82.5,0.31893,1.0197,0.0091224,3,-57.5,6.1052,922.75,1
126,82.6,0.31893,1.0197,0.0091224,1,-58.0,0.35741999999999996,921.25,1
127,82.75,0.31893,1.0197,0.0091224,4,-61.0,5.0683,920.25,1
128,83.5,0.68242,0.82449,0.12315,3,-56.5,4.1295,920.75,1
129,83.75,0.68242,0.82449,0.12315,3,-59.5,5.4809,923.25,1
130,84.0,0.68242,0.82449,0.12315,4,-59.0,5.4288,922.25,1
131,84.5,0.34238,0.99674,-0.013684,3,-59.0,2.1997,921.75,1
132,85.0,0.14305,1.0656,-0.10490999999999999,3,-61.5,1.0861,921.25,1
133,85.5,0.2134,0.95081,0.10035,1,-57.5,5.3475,924.75,1
134,86.0,0.2134,0.95081,0.10035,1,-61.5,5.4456,920.75,1
135,86.25,0.2134,0.95081,0.10035,4,-59.5,5.5852,922.25,1
136,87.0,0.2134,0.95081,0.10035,1,-58.5,1.3330000000000002,921.75,1
137,87.5,0.2134,0.95081,0.10035,1,-58.0,1.4189,921.25,1
138,88.25,0.0023451,0.97377,0.16876,1,-57.5,1.784,920.75,1
139,88.5,0.0023451,0.97377,0.16876,1,-58.0,5.935,923.25,1
140,88.75,0.0023451,0.97377,0.16876,4,-59.0,5.3106,922.25,1
141,89.25,0.0023451,0.97377,0.16876,1,-58.0,0.34820999999999996,921.75,1
142,89.75,0.0023451,0.97377,0.16876,1,-57.5,5.8383,922.75,1
143,90.0,0.0023451,0.97377,0.16876,4,-58.5,6.2203,921.25,1
144,90.75,0.0023451,0.97377,0.16876,1,-58.0,1.8853,920.75,1
145,91.0,0.0023451,0.97377,0.16876,1,-59.0,6.1911,923.25,1
146,92.25,0.14305,1.0197,0.11175,1,-57.5,5.8261,922.75,1
147,92.75,0.23685,0.98526,0.16876,3,-68.0,6.0638,924.75,1
148,93.25,0.23685,0.98526,0.16876,3,-67.5,5.1312,920.75,1
149,94.0,0.23685,0.98526,0.16876,1,-59.5,5.415,923.75,1
150,94.5,0.23685,0.98526,0.16876,1,-59.0,6.2188,922.75,1
151,95.0,0.23685,0.98526,0.16876,1,-58.0,1.1520000000000001,921.25,1
152,95.5,0.31893,0.96229,0.19157000000000002,1,-57.0,5.8567,924.25,1
153,95.6,0.31893,0.96229,0.19157000000000002,1,-56.5,5.2631,920.75,1
154,95.75,0.31893,0.96229,0.19157000000000002,1,-57.0,5.9564,923.25,1
155,96.0,0.31893,0.96229,0.19157000000000002,4,-58.0,5.2293,922.25,1
156,96.25,0.31893,0.96229,0.19157000000000002,1,-58.5,0.7225,925.25,1
157,97.25,0.2603,0.99674,0.20297,1,-58.0,6.1528,922.75,1
158,97.35,0.2603,0.99674,0.20297,1,-57.5,1.2548,921.25,1
159,97.5,0.2603,0.99674,0.20297,1,-57.5,5.3014,920.25,1
160,98.0,0.2603,0.99674,0.20297,1,-58.0,5.1971,924.25,1
161,98.25,0.2603,0.99674,0.20297,4,-57.5,1.1305,920.75,1
162,98.5,0.2603,0.99674,0.20297,3,-64.0,1.6858,922.25,1
163,99.5,0.65897,0.8589399999999999,0.2828,4,-57.0,0.9127200000000001,922.75,1
164,99.75,0.65897,0.8589399999999999,0.2828,1,-56.5,0.7025600000000001,921.25,1
165,100.0,0.40101,0.84746,0.11175,4,-57.0,0.19328,920.25,1
166,100.25,0.40101,0.84746,0.11175,1,-57.5,0.8621,924.75,1
167,100.33,0.40101,0.84746,0.11175,1,-56.0,1.2916,924.25,1
168,100.5,0.40101,0.84746,0.11175,1,-56.5,0.89584,920.75,1
169,100.75,0.40101,0.84746,0.11175,1,-55.5,5.1879,923.25,1
170,101.0,0.54171,0.8589399999999999,0.21438000000000001,4,-57.0,0.5859800000000001,922.25,1
171,101.28,0.54171,0.8589399999999999,0.21438000000000001,4,-59.0,0.31446999999999997,925.25,1
172,101.38,0.54171,0.8589399999999999,0.21438000000000001,3,-61.0,4.9057,923.75,1
173,101.75,0.17823,1.0771,-0.036489999999999995,3,-64.0,0.33134,925.75,1
174,102.0,0.17823,1.0771,-0.036489999999999995,1,-57.5,0.6995,922.75,1
175,102.25,0.17823,1.0771,-0.036489999999999995,1,-58.5,1.9834,921.25,1
176,102.5,0.17823,1.0771,-0.036489999999999995,4,-61.0,4.0881,924.75,1
177,103.5,0.17823,1.0771,-0.036489999999999995,1,-58.5,0.17794000000000001,922.25,1
178,104.5,-0.56048,1.0197,0.031928,3,-67.0,5.7647,921.25,1
179,104.75,-0.56048,1.0197,0.031928,1,-57.5,4.8704,920.25,1
180,105.5,0.74105,0.76708,0.33981,4,-60.0,1.0446,920.75,1
181,105.75,0.74105,0.76708,0.33981,4,-60.5,0.2485,922.25,1
182,106.0,0.74105,0.76708,0.33981,4,-67.0,6.2142,925.25,1
183,106.25,0.72932,0.81301,0.077541,4,-64.5,6.0608,921.75,1
184,107.0,0.87003,0.066602,0.0091224,3,-50.0,6.1927,921.25,3
185,107.5,1.1514,-0.25493000000000005,0.11175,4,-63.5,5.8736,924.75,3
186,108.0,1.1749,-0.41568999999999995,-0.0022806,4,-62.5,0.53996,920.75,3
187,109.0,0.92865,-0.048229,-0.047893,4,-63.5,5.5745,921.75,3
188,109.5,0.92865,-0.036746,-0.09350499999999999,4,-63.5,6.0914,921.25,3
189,109.75,1.3742,-0.22048,0.16876,4,-65.0,6.1758,924.75,3
190,110.5,1.3156,-0.14009000000000002,0.317,4,-67.5,2.7213,922.25,3
191,111.25,1.3156,-0.14009000000000002,0.317,4,-68.5,0.041417,921.75,3
192,112.25,0.92865,-0.036746,-0.047893,4,-67.5,4.5713,920.25,3
193,113.5,1.0811,-0.048229,0.0091224,4,-67.0,1.4603,923.75,3
194,114.0,1.0811,-0.048229,0.0091224,3,-57.0,5.9887,925.75,3
195,114.1,1.0811,-0.048229,0.0091224,4,-67.5,2.2534,922.75,3
196,114.25,1.0811,-0.048229,0.0091224,4,-68.0,0.52769,921.25,3
197,114.75,1.0811,-0.048229,0.0091224,4,-68.5,0.65194,924.75,3
198,115.5,1.1749,-0.048229,0.08894400000000001,3,-53.5,5.1649,922.25,3
199,116.0,1.1866,-0.025263,0.10035,4,-67.5,1.0002,923.75,3
200,116.25,1.1866,-0.025263,0.10035,4,-68.0,5.438,925.75,3
201,117.0,1.1397,-0.025263,0.066138,4,-66.0,1.0983,920.25,3
202,118.0,1.3273,-0.15158,0.21438000000000001,4,-68.0,5.846,922.25,3
203,118.5,1.3273,-0.15158,0.21438000000000001,4,-68.0,6.1804,921.75,3
204,119.75,1.1632,-0.094162,0.11175,4,-68.5,1.129,924.25,3
205,121.53,1.0928,-0.082679,0.054735,1,-64.0,0.33748,922.75,3
206,122.0,1.1514,-0.11713,0.16876,1,-64.0,5.0115,924.75,3
207,122.5,1.1514,-0.11713,0.16876,4,-66.0,4.3182,920.75,3
208,123.5,1.1749,-0.10565,0.10035,3,-57.0,5.5469,921.75,3
209,124.25,1.1749,-0.10565,0.10035,1,-61.0,5.7509,920.25,3
210,125.25,1.3039,-0.16305999999999998,0.12315,4,-67.5,2.7336,922.25,3
211,125.75,1.3039,-0.16305999999999998,0.12315,4,-67.0,1.4603,923.75,3
212,127.5,1.1983,-0.0022965999999999998,0.15736,1,-61.5,0.099709,923.25,3
213,127.75,1.1983,-0.0022965999999999998,0.15736,1,-61.0,4.243,922.25,3
214,128.25,0.96383,0.1355,0.066138,4,-68.0,0.55837,921.75,3
215,129.0,1.3508,-0.059712,0.21438000000000001,3,-57.0,0.474,920.25,3
216,129.75,1.2452,-0.0022965999999999998,0.22578,4,-68.0,4.0114,920.75,3
217,130.5,1.2101,0.032152999999999994,0.24859,4,-65.0,4.4884,923.75,3
218,131.25,1.0107,0.12402,0.066138,4,-64.5,5.7171,922.75,3
219,131.75,1.0107,0.11254000000000002,0.077541,4,-65.5,1.2993,920.25,3
220,132.5,0.9403799999999999,0.12402,0.054735,1,-67.5,1.0554,923.25,3
221,133.5,1.1749,0.078086,0.15736,1,-66.5,1.5064,922.75,3
222,134.0,1.1163,-0.036746,0.066138,1,-67.0,0.33134,920.25,3
223,134.25,1.1163,-0.036746,0.066138,1,-67.0,5.9334,924.75,3
224,134.5,1.1163,-0.036746,0.066138,3,-51.0,6.0531,920.75,3
225,134.75,1.2452,-0.15158,0.22578,4,-67.0,5.2708,923.25,3
226,135.25,1.2452,-0.15158,0.22578,3,-58.0,0.78386,925.25,3
227,137.0,1.4211,-0.16305999999999998,0.14595999999999998,4,-66.0,5.8905,924.25,3
228,139.5,1.1632,-0.094162,0.077541,3,-52.0,5.8291,920.75,3
229,142.5,0.92865,-0.048229,-0.025087,3,-52.0,4.8857,922.25,3
230,143.5,0.92865,-0.0022965999999999998,-0.047893,4,-68.5,0.34975,921.25,3
231,144.0,1.0928,-0.11713,0.0091224,3,-54.5,0.56604,924.25,3
232,144.75,1.0225,-0.01378,0.0091224,4,-68.5,2.7167,922.25,3
233,145.25,1.0225,-0.01378,0.0091224,4,-68.0,1.3744,923.75,3
234,145.5,1.0225,-0.01378,0.0091224,4,-68.5,6.1559,921.75,3
235,145.75,1.0225,-0.01378,0.0091224,4,-68.0,2.1353,922.75,3
236,147.0,1.2452,-0.01378,0.11175,4,-68.0,1.1305,923.25,3
237,147.5,1.2452,-0.01378,0.11175,4,-68.5,5.6512,925.25,3
238,147.75,1.2452,-0.01378,0.11175,4,-66.5,2.436,921.75,3
239,148.0,1.2452,-0.01378,0.11175,4,-68.0,5.1465,925.75,3
240,148.5,1.1632,-0.01378,0.077541,4,-67.5,0.13346,921.25,3
241,149.75,0.96383,-0.0022965999999999998,0.0091224,4,-68.0,2.6078,922.25,3
242,150.0,0.96383,-0.0022965999999999998,0.0091224,4,-68.5,1.2579,923.75,3
243,150.25,0.96383,-0.0022965999999999998,0.0091224,4,-68.0,6.1528,921.75,3
244,150.75,0.96383,-0.0022965999999999998,0.0091224,4,-68.0,2.1169,922.75,3
245,151.25,1.1632,-0.094162,0.054735,4,-68.0,4.335,920.25,3
246,151.75,0.92865,-0.025263,-0.036489999999999995,3,-53.0,1.2195,923.25,3
247,152.0,0.92865,-0.025263,-0.036489999999999995,4,-68.0,1.534,923.25,3
248,153.0,0.97555,-0.036746,-0.025087,4,-67.5,2.1,922.75,3
249,153.5,1.3625,-0.20899,0.11175,1,-67.5,2.1292,920.25,3
250,154.0,1.3625,-0.20899,0.11175,1,-68.5,1.8147,924.25,3
251,155.5,1.2335,-0.12861,0.11175,1,-67.5,5.9626,922.75,3
252,156.0,1.2335,-0.12861,0.11175,3,-52.5,6.0715,920.25,3
253,156.75,1.0225,-0.025263,-0.0022806,1,-65.5,1.5616,920.75,3
254,157.0,1.0225,-0.025263,-0.0022806,1,-66.0,0.14573,922.25,3
255,157.25,1.0225,-0.025263,-0.0022806,1,-67.5,5.1465,923.75,3
256,158.0,1.2804,-0.18603,0.11175,4,-68.5,1.5923,922.75,3
257,159.0,1.1163,-0.025263,0.12315,1,-64.5,6.1160000000000005,920.75,3
258,159.1,1.1163,-0.025263,0.12315,3,-49.5,4.3857,923.25,3
259,159.25,0.9403799999999999,0.020669999999999997,0.020525,3,-50.0,4.4716,923.25,3
260,159.5,1.4211,-0.17454,0.20297,1,-68.0,1.5493,922.25,3
261,161.0,0.96383,-0.01378,-0.0022806,1,-63.5,4.9317,924.75,3
262,163.0,1.1514,-0.059712,0.08894400000000001,1,-63.0,4.7201,921.25,3
263,163.5,0.9403799999999999,-0.01378,0.0091224,1,-64.5,5.1833,924.25,3
264,166.5,0.9990100000000001,-0.0022965999999999998,-0.036489999999999995,3,-51.5,5.8245,920.75,3
265,166.75,1.1397,-0.094162,0.043332,3,-52.0,4.9103,922.25,3
266,167.0,1.1397,-0.094162,0.043332,1,-66.0,0.8667,925.25,3
267,170.5,1.2570000000000001,-0.16305999999999998,0.08894400000000001,1,-64.5,1.8484,920.25,3
268,171.25,1.0928,-0.048229,-0.0022806,1,-64.0,1.4696,920.75,3
269,171.75,0.9990100000000001,-0.01378,0.031928,4,-69.5,5.5085,922.25,3
270,173.0,1.339,-0.17454,0.16876,1,-62.0,5.5009,920.25,3
271,175.25,1.2452,-0.048229,0.24859,1,-58.0,5.6036,921.25,3
272,177.5,1.1749,-0.12861,0.043332,1,-64.5,0.064427,922.75,3
273,178.25,1.0459,0.020669999999999997,0.0091224,1,-65.0,4.9977,924.25,3
274,180.25,0.9169299999999999,-0.036746,-0.036489999999999995,1,-65.5,5.4656,920.25,3
275,181.5,1.2921,-0.16305999999999998,0.18017,4,-65.5,0.51235,925.25,3
276,182.75,1.1163,-0.036746,0.054735,4,-68.0,3.8012,920.25,3
277,186.5,1.128,-0.10565,0.077541,1,-65.0,0.80687,925.25,3
278,187.5,1.1163,-0.036746,0.0091224,4,-67.5,6.2418,921.25,3
279,188.5,0.97555,-0.01378,-0.036489999999999995,3,-52.5,5.0069,922.25,3
280,188.75,0.97555,-0.01378,-0.036489999999999995,3,-54.5,0.13499,925.25,3
281,189.25,1.0694,-0.036746,0.020525,3,-52.0,5.1879,921.75,3
282,189.75,0.9990100000000001,-0.0022965999999999998,-0.036489999999999995,3,-52.5,4.5513,922.75,3
283,190.0,1.1749,-0.10565,0.054735,3,-51.5,6.0163,920.25,3
284,190.75,1.2452,-0.12861,0.043332,1,-64.0,5.3536,923.25,3
285,192.5,1.0576,-0.036746,-0.0022806,3,-51.5,5.9426,920.25,3
286,192.75,1.3156,-0.16305999999999998,0.12315,1,-67.0,1.063,924.75,3
287,193.25,1.0459,-0.036746,-0.013684,4,-65.5,5.1833,923.25,3
288,193.5,1.0459,-0.036746,-0.013684,4,-65.5,6.027,922.25,3
289,194.5,1.1514,-0.094162,0.10035,3,-57.0,5.7923,925.75,3
290,195.0,1.128,-0.048229,0.043332,4,-66.0,1.5923,920.25,3
291,195.5,1.3977,-0.16305999999999998,0.18017,4,-64.5,0.96181,920.75,3
292,196.25,1.0225,0.020669999999999997,0.020525,4,-67.5,1.5217,923.75,3
293,196.75,1.0225,0.020669999999999997,0.020525,4,-68.0,6.1037,925.75,3
294,197.28,0.9521,0.020669999999999997,0.0091224,4,-63.0,1.827,920.25,3
295,198.5,1.128,-0.07119600000000001,0.14595999999999998,4,-69.0,0.40804,922.25,3
296,201.75,1.4211,-0.18603,0.15736,1,-66.5,0.65194,925.75,3
297,202.0,1.4211,-0.18603,0.15736,3,-52.5,5.4487,921.25,3
298,203.25,1.339,-0.15158,0.13455999999999999,3,-53.0,4.8428,922.25,3
299,207.0,0.9403799999999999,-0.0022965999999999998,-0.036489999999999995,3,-52.0,6.1405,920.25,3
300,208.0,1.1632,-0.07119600000000001,0.043332,1,-64.0,0.34054,923.25,3
301,208.25,1.1632,-0.07119600000000001,0.043332,3,-58.0,0.084369,925.25,3
302,208.75,1.1632,-0.07119600000000001,0.043332,1,-58.0,5.0391,921.75,3
303,209.25,1.1632,-0.07119600000000001,0.043332,3,-58.0,0.20861999999999997,921.25,3
304,209.75,1.1632,-0.07119600000000001,0.043332,4,-69.5,4.7308,924.75,3
305,210.75,1.2570000000000001,-0.16305999999999998,0.15736,3,-57.5,0.51695,925.25,3
306,211.25,1.2570000000000001,-0.16305999999999998,0.15736,1,-64.0,1.6122,921.75,3
307,212.25,1.2570000000000001,-0.15158,0.15736,3,-56.5,0.67802,924.75,3
308,217.75,1.0928,-0.01378,0.0091224,4,-68.0,1.2441,923.25,3
309,218.25,1.0928,-0.01378,0.0091224,4,-67.5,1.7794,923.75,3
310,220.5,1.0225,-0.025263,0.043332,1,-65.5,4.5084,925.25,3
311,220.75,1.0225,-0.025263,0.043332,1,-63.0,1.1382,921.75,3
312,222.25,1.1514,-0.094162,0.08894400000000001,1,-63.0,5.102,920.75,3
313,223.0,1.3039,-0.18603,0.15736,1,-64.0,5.8736,923.75,3
314,223.5,1.3039,-0.18603,0.15736,3,-57.5,6.2249,925.75,3
315,224.25,1.1163,-0.07119600000000001,0.16876,3,-57.0,0.7179,924.75,3
316,225.25,1.0225,-0.036746,0.020525,1,-65.0,0.6534800000000001,922.25,3
317,226.25,1.2452,-0.15158,0.19157000000000002,4,-68.0,5.596,922.75,3
318,226.75,1.2452,-0.15158,0.19157000000000002,4,-67.5,0.83449,924.75,3
319,231.25,1.0459,-0.036746,0.043332,1,-64.0,5.6773,920.25,3
320,232.0,1.339,-0.16305999999999998,0.16876,1,-63.5,5.1526,920.75,3
321,233.25,1.1045,-0.036746,0.054735,1,-66.0,0.8268200000000001,925.75,3
322,234.0,1.3508,-0.20899,0.15736,3,-52.5,6.1957,920.25,3
323,234.13,1.3508,-0.20899,0.15736,1,-67.5,4.9425,924.75,3
324,235.25,0.9403799999999999,0.05511900000000001,-0.082102,4,-70.0,3.9101,923.75,3
325,238.5,1.1983,-0.07119600000000001,0.15736,1,-63.5,1.3867,921.25,3
326,241.0,1.0694,-0.059712,0.031928,4,-63.5,0.86056,921.25,3
327,241.25,1.0694,-0.059712,0.031928,4,-66.0,4.4547,920.25,3
328,243.0,1.1045,-0.048229,0.066138,1,-67.0,4.2353,925.75,3
329,243.25,1.1045,-0.048229,0.066138,1,-63.5,1.2563,921.25,3
330,245.25,0.97555,0.0091865,0.020525,1,-64.0,0.93573,921.75,3
331,245.75,0.97555,0.0091865,0.020525,1,-63.0,1.5048,921.25,3
332,247.75,1.1632,-0.10565,0.12315,1,-63.0,1.0538,921.75,3
333,248.75,1.1514,-0.082679,0.077541,1,-67.0,5.372000000000001,924.75,3
334,249.25,1.1514,-0.082679,0.077541,1,-63.5,1.1766,923.25,3
335,249.75,1.1514,-0.082679,0.077541,1,-64.0,0.59672,923.75,3
336,251.5,1.0459,-0.01378,0.020525,1,-67.0,5.3797,924.25,3
337,252.75,0.9872799999999999,0.032152999999999994,0.020525,1,-65.5,1.1137,925.75,3
338,254.5,1.0576,-0.048229,0.08894400000000001,4,-67.5,0.25156999999999996,922.25,3
339,255.0,1.0576,-0.048229,0.08894400000000001,4,-67.5,0.98175,921.75,3
340,256.5,1.4211,-0.17454,0.23718000000000003,1,-64.5,5.2938,920.75,3
341,257.25,0.96383,-0.01378,0.066138,3,-58.0,0.93266,923.75,3
342,258.25,0.96383,0.020669999999999997,0.031928,1,-64.0,5.8184,920.25,3
343,259.0,0.96383,0.0091865,0.043332,1,-64.5,6.2817,923.25,3
344,261.0,0.9403799999999999,-0.0022965999999999998,-0.025087,1,-66.5,5.145,924.25,3
345,263.0,1.1632,-0.07119600000000001,0.054735,1,-65.0,1.4803,921.25,3
346,263.25,1.1632,-0.07119600000000001,0.054735,1,-67.0,4.7293,924.75,3
347,263.75,1.0107,-0.01378,-0.0022806,4,-69.5,4.7615,923.25,3
348,265.75,1.0576,-0.025263,-0.025087,1,-66.5,1.4772,924.75,3
349,268.0,0.9403799999999999,-0.0022965999999999998,-0.036489999999999995,3,-54.5,0.4065,924.75,3
350,269.0,0.96383,-0.01378,-0.036489999999999995,1,-66.0,0.4648,922.25,3
351,271.75,1.2335,-0.25493000000000005,-0.013684,4,-66.5,1.1520000000000001,923.75,3
352,272.0,1.2335,-0.25493000000000005,-0.013684,3,-50.5,4.8029,921.75,3
353,274.5,0.54171,0.75559,0.08894400000000001,1,-58.0,4.9394,921.75,1
354,275.25,-0.06800700000000001,0.84746,0.38542,1,-58.0,5.6757,920.25,1
355,275.75,-0.06800700000000001,0.84746,0.38542,1,-57.0,5.757000000000001,920.75,1
356,276.75,-0.06800700000000001,0.84746,0.38542,1,-62.5,0.084369,923.75,1
357,278.5,0.27203,0.92784,0.066138,1,-63.5,5.6251,920.75,1
358,278.75,0.27203,0.92784,0.066138,1,-64.5,5.3751,925.25,1
359,279.25,0.27203,0.92784,0.066138,1,-62.5,2.2488,921.75,1
360,280.25,0.23685,0.99674,0.12315,1,-65.0,5.957999999999999,924.75,1
361,282.25,0.23685,0.96229,0.12315,1,-63.5,4.7032,922.75,1
362,282.75,0.23685,0.96229,0.12315,4,-56.5,4.7262,920.25,1
363,283.5,0.31893,0.93932,0.19157000000000002,1,-64.5,0.8268200000000001,923.25,1
364,284.0,0.31893,0.93932,0.19157000000000002,1,-64.0,3.7537,923.75,1
365,285.25,0.23685,0.98526,0.13455999999999999,4,-57.5,6.2525,924.75,1
366,286.5,0.29548,0.92784,0.18017,1,-63.5,0.7639199999999999,923.75,1
367,287.5,0.43618999999999997,0.9048700000000001,0.23718000000000003,1,-64.0,6.1957,924.75,1
368,288.25,0.43618999999999997,0.9048700000000001,0.23718000000000003,1,-63.0,1.2364,923.25,1
369,288.5,0.43618999999999997,0.9048700000000001,0.23718000000000003,1,-62.0,5.1618,922.25,1
370,289.0,0.43618999999999997,0.9048700000000001,0.23718000000000003,1,-61.5,5.622000000000001,921.75,1
371,290.0,0.18995,0.99674,0.14595999999999998,1,-61.0,0.36049000000000003,920.25,1
372,290.5,0.18995,0.99674,0.14595999999999998,1,-61.0,6.2004,920.75,1
373,291.5,0.29548,0.92784,0.20297,1,-62.0,5.349,921.75,1
374,292.75,0.17823,0.99674,0.12315,1,-63.0,0.28071999999999997,924.25,1
375,293.25,0.17823,0.99674,0.12315,1,-62.0,1.037,923.25,1
376,293.75,0.17823,0.99674,0.12315,1,-62.5,0.44946,923.75,1
377,294.75,0.2134,0.98526,0.14595999999999998,1,-62.0,0.041417,920.25,1
378,295.5,0.2134,0.98526,0.14595999999999998,4,-57.0,0.64427,920.75,1
379,296.0,0.2134,0.98526,0.14595999999999998,1,-65.5,2.1338,925.25,1
380,296.75,0.2134,0.98526,0.14595999999999998,4,-57.0,1.7395,922.75,1
381,297.0,0.2134,0.98526,0.14595999999999998,1,-62.0,2.2381,921.25,1
382,298.0,0.37756,0.8819100000000001,0.20297,4,-57.5,4.4501,923.25,1
383,298.5,0.37756,0.8819100000000001,0.20297,1,-66.0,2.1399,925.25,1
384,299.0,0.37756,0.8819100000000001,0.20297,1,-62.5,0.9587399999999999,922.75,1
385,299.5,0.37756,0.8819100000000001,0.20297,4,-56.5,1.2793,920.25,1
386,300.0,0.37756,0.8819100000000001,0.20297,1,-64.5,5.915,924.25,1
387,301.0,0.24858000000000002,0.96229,0.12315,1,-63.5,0.029146,923.75,1
388,301.75,0.24858000000000002,0.96229,0.12315,1,-62.5,0.9234600000000001,922.75,1
389,302.0,0.24858000000000002,0.96229,0.12315,1,-62.0,5.9703,920.25,1
390,302.75,0.24858000000000002,0.96229,0.12315,1,-62.0,5.6128,920.75,1
391,303.75,0.35411,0.92784,0.16876,1,-62.0,1.7948,921.75,1
392,304.25,0.35411,0.92784,0.16876,1,-62.5,5.2784,921.25,1
393,305.0,0.35411,0.92784,0.16876,4,-58.0,0.21936,924.25,1
394,305.25,0.35411,0.92784,0.16876,4,-57.5,4.2046,923.25,1
395,305.75,0.35411,0.92784,0.16876,4,-59.5,5.2984,925.25,1
396,306.75,0.49481,0.93932,0.21438000000000001,1,-63.0,1.8423,920.25,1
397,308.25,0.49481,0.93932,0.21438000000000001,4,-58.0,0.44025,923.75,1
398,309.25,0.29548,0.97377,0.077541,1,-63.0,1.8530000000000002,921.25,1
399,310.25,0.29548,0.97377,0.077541,4,-57.5,1.0186,923.25,1
400,310.5,0.29548,0.97377,0.077541,1,-66.5,1.6981,925.25,1
401,311.75,0.35411,0.96229,0.14595999999999998,1,-66.5,0.47553,920.25,1
402,313.0,0.47136000000000006,0.89339,0.24859,1,-68.0,0.32214,922.25,1
403,314.0,0.37756,0.96229,0.20297,1,-67.0,0.58138,921.25,1
404,314.75,0.37756,0.96229,0.20297,1,-67.0,0.8851100000000001,920.75,1
405,315.75,0.35411,0.93932,0.16876,1,-67.5,0.5706399999999999,921.75,1
406,316.5,0.35411,0.93932,0.16876,4,-56.0,0.33134,921.25,1
407,318.0,0.34238,0.96229,0.13455999999999999,4,-58.0,5.4533,925.25,1
408,318.25,0.34238,0.96229,0.13455999999999999,4,-56.0,5.5944,921.75,1
409,320.0,0.29548,0.95081,0.20297,1,-65.0,1.8561,923.25,1
410,320.25,0.29548,0.95081,0.20297,4,-57.0,5.1772,925.25,1
411,320.5,0.29548,0.95081,0.20297,1,-59.5,1.0216,923.75,1
412,321.0,0.17823,0.97377,0.27139,1,-59.5,4.8765,922.75,1
413,321.5,0.17823,0.97377,0.27139,1,-59.5,5.9856,921.25,1
414,321.75,0.17823,0.97377,0.27139,3,-68.0,5.8077,924.25,1
415,322.25,0.17823,0.97377,0.27139,1,-60.0,0.18561,920.75,1
416,322.75,0.2603,0.92784,0.12315,1,-62.5,0.4786,923.75,1
417,323.28,0.2603,0.92784,0.12315,1,-61.5,5.2738,921.75,1
418,324.0,0.2603,0.92784,0.12315,4,-56.5,0.9234600000000001,920.25,1
419,324.25,0.2603,0.92784,0.12315,4,-58.5,5.6481,924.75,1
420,324.5,0.2603,0.92784,0.12315,1,-60.0,0.40804,920.75,1
421,325.25,0.38928,0.9048700000000001,0.15736,1,-61.0,6.0761,925.25,1
422,325.5,0.38928,0.9048700000000001,0.15736,1,-58.0,5.8046,921.75,1
423,325.75,0.38928,0.9048700000000001,0.15736,3,-66.0,1.962,925.75,1
424,326.5,0.42446000000000006,0.9163600000000001,0.23718000000000003,1,-61.0,0.86056,924.75,1
425,328.0,0.29548,0.97377,0.14595999999999998,1,-60.0,1.8346,921.75,1
426,328.5,0.29548,0.97377,0.14595999999999998,1,-60.0,6.1773,921.25,1
427,329.0,0.29548,0.97377,0.14595999999999998,1,-61.5,3.7475,920.25,1
428,329.75,0.29548,0.97377,0.14595999999999998,4,-59.0,5.6297,922.25,1
429,330.75,0.29548,0.97377,0.14595999999999998,4,-58.5,5.0161,922.75,1
430,331.25,0.29548,0.97377,0.14595999999999998,1,-62.0,0.66575,920.25,1
431,333.25,0.22513000000000002,0.96229,0.11175,1,-63.5,1.85,922.75,1
432,334.25,0.22513000000000002,0.96229,0.11175,1,-65.0,0.70563,924.25,1
433,334.75,0.22513000000000002,0.96229,0.11175,4,-60.5,5.8322,925.25,1
434,335.75,0.22513000000000002,0.96229,0.11175,1,-64.0,1.6322,922.75,1
435,336.25,0.22513000000000002,0.96229,0.11175,4,-59.5,6.1359,924.75,1
436,337.75,0.22513000000000002,0.97377,0.11175,4,-58.0,5.7448,921.75,1
437,338.25,0.22513000000000002,0.97377,0.11175,1,-62.0,6.004,921.25,1
438,339.0,0.22513000000000002,0.97377,0.11175,4,-58.5,6.0914,924.25,1
439,339.25,0.22513000000000002,0.97377,0.11175,1,-57.0,1.063,920.75,1
440,339.5,0.22513000000000002,0.97377,0.11175,1,-57.5,4.8627,923.25,1
441,340.0,0.30721,0.98526,0.10035,4,-59.0,5.915,923.75,1
442,340.25,0.30721,0.98526,0.10035,1,-58.0,5.6711,921.75,1
443,340.75,0.30721,0.98526,0.10035,1,-60.5,1.264,922.75,1
444,341.0,0.30721,0.98526,0.10035,4,-57.5,0.42951000000000006,920.25,1
445,341.5,0.30721,0.98526,0.10035,4,-57.5,6.0516,920.75,1
446,342.25,0.36583000000000004,0.93932,0.19157000000000002,1,-65.0,1.1628,925.25,1
447,343.0,0.36583000000000004,0.93932,0.19157000000000002,3,-66.5,1.8761,922.75,1
448,343.5,0.36583000000000004,0.93932,0.19157000000000002,1,-61.0,2.1476,920.25,1
449,344.0,0.36583000000000004,0.93932,0.19157000000000002,1,-60.0,1.9482,920.75,1
450,344.25,0.36583000000000004,0.93932,0.19157000000000002,1,-62.0,0.27151,923.25,1
451,345.25,0.36583000000000004,0.93932,0.25999,3,-67.0,1.3407,925.75,1
452,345.5,0.36583000000000004,0.93932,0.25999,1,-58.0,1.1965,922.75,1
453,345.75,0.36583000000000004,0.93932,0.25999,1,-57.5,0.16567,920.25,1
454,346.25,0.37756,0.93932,0.12315,1,-58.0,0.075165,924.25,1
455,346.5,0.37756,0.93932,0.12315,1,-56.5,0.018408,920.75,1
456,346.6,0.37756,0.93932,0.12315,4,-57.0,6.1129,923.25,1
457,347.25,0.30721,0.98526,0.08894400000000001,3,-68.5,6.1804,923.75,1
458,349.25,0.30721,0.98526,0.08894400000000001,4,-57.0,4.8044,922.25,1
459,349.75,0.30721,0.98526,0.08894400000000001,1,-62.0,0.7025600000000001,923.75,1
460,350.75,0.29548,0.96229,0.20297,4,-57.0,1.0492,920.25,1
461,351.25,0.29548,0.96229,0.20297,1,-61.0,6.0377,920.75,1
462,351.75,0.29548,0.96229,0.20297,1,-61.0,1.6935,922.25,1
463,352.25,0.29548,0.96229,0.20297,1,-60.5,1.8699,921.75,1
464,353.0,0.29548,0.96229,0.20297,4,-57.0,5.5438,921.25,1
465,353.5,0.38928,0.96229,0.16876,4,-59.5,5.0882,924.25,1
466,353.75,0.38928,0.96229,0.16876,1,-57.0,5.4487,920.75,1
467,354.0,0.38928,0.96229,0.16876,4,-58.0,5.8414,923.25,1
468,354.25,0.38928,0.96229,0.16876,4,-58.0,0.61052,922.25,1
469,354.38,0.38928,0.96229,0.16876,1,-58.5,5.2631,925.25,1
470,354.75,0.38928,0.96229,0.16876,4,-58.5,5.6665,923.75,1
471,354.85,0.38928,0.96229,0.16876,3,-65.0,0.8636299999999999,921.75,1
472,356.0,0.34238,0.99674,0.11175,1,-58.0,0.70103,924.25,1
473,356.25,0.34238,0.99674,0.11175,1,-58.5,6.1819,920.75,1
474,356.5,0.34238,0.99674,0.11175,1,-58.5,1.1858,923.25,1
475,356.75,0.34238,0.99674,0.11175,1,-59.0,5.2677,922.25,1
476,357.0,0.34238,0.99674,0.11175,4,-58.0,6.1083,923.75,1
477,357.75,0.27203,1.0427,0.13455999999999999,1,-61.0,5.9472,921.25,1
478,358.25,0.27203,1.0427,0.13455999999999999,4,-59.5,5.9917,924.75,1
479,358.75,0.27203,1.0427,0.13455999999999999,1,-61.0,5.9733,920.75,1
480,359.25,0.27203,1.0427,0.13455999999999999,1,-61.5,1.669,922.25,1
481,359.75,0.27203,1.0427,0.13455999999999999,4,-58.0,5.3843,921.75,1
482,360.25,0.27203,1.0427,0.13455999999999999,1,-61.0,2.5219,921.25,1
483,362.25,0.43618999999999997,0.89339,0.23718000000000003,1,-60.5,2.2626,921.75,1
484,363.0,0.43618999999999997,0.89339,0.23718000000000003,1,-58.0,0.61973,920.25,1
485,363.25,0.43618999999999997,0.89339,0.23718000000000003,1,-58.0,6.0684,924.75,1
486,363.5,0.43618999999999997,0.89339,0.23718000000000003,1,-59.0,0.29452,924.25,1
487,363.75,0.43618999999999997,0.89339,0.23718000000000003,4,-58.0,0.5614399999999999,923.25,1
488,365.0,0.30721,1.0082,0.14595999999999998,4,-58.0,1.6429,922.75,1
489,365.25,0.30721,1.0082,0.14595999999999998,1,-62.0,0.7761899999999999,920.25,1
490,366.0,0.30721,1.0082,0.14595999999999998,4,-57.5,6.2004,920.75,1
491,366.25,0.30721,1.0082,0.14595999999999998,3,-68.5,5.0253,923.25,1
492,366.5,0.30721,1.0082,0.14595999999999998,3,-63.0,5.3214,925.25,1
493,366.75,0.30721,1.0082,0.14595999999999998,3,-62.0,0.042950999999999996,923.75,1
494,367.0,0.30721,1.0082,0.14595999999999998,1,-59.0,5.3873,925.75,1
495,367.75,0.30721,1.0197,0.10035,1,-58.0,0.013806,921.25,1
496,368.0,0.30721,1.0197,0.10035,4,-58.0,4.9946,924.75,1
497,368.25,0.30721,1.0197,0.10035,1,-57.5,1.0953,924.25,1
498,368.5,0.30721,1.0197,0.10035,1,-57.0,5.1787,923.25,1
499,369.0,0.22513000000000002,1.0197,0.077541,4,-59.0,1.4404,925.25,1
500,369.25,0.22513000000000002,1.0197,0.077541,1,-58.5,1.4128,923.75,1
501,369.5,0.22513000000000002,1.0197,0.077541,4,-59.5,4.3258,925.75,1
502,369.75,0.22513000000000002,1.0197,0.077541,1,-58.5,2.1062,922.75,1
503,370.5,0.54171,0.89339,0.24859,4,-58.5,5.9687,924.25,1
504,371.0,0.54171,0.89339,0.24859,1,-58.5,1.9129,923.25,1
505,371.25,0.54171,0.89339,0.24859,4,-57.0,1.6797,922.25,1
506,371.75,0.54171,0.89339,0.24859,1,-61.5,1.3821,923.75,1
507,372.75,0.28376,0.97377,0.10035,1,-61.5,4.0114,920.25,1
508,373.5,0.28376,0.97377,0.10035,4,-58.5,1.4174,923.25,1
509,373.75,0.28376,0.97377,0.10035,1,-64.5,6.185,925.25,1
510,374.75,0.28376,0.97377,0.10035,1,-61.5,1.6045,922.75,1
511,375.0,0.28376,0.97377,0.10035,4,-58.0,0.81148,920.25,1
512,375.75,0.28376,0.97377,0.10035,4,-58.0,0.2439,920.75,1
513,376.0,0.28376,0.97377,0.10035,1,-61.0,2.0126,922.25,1
514,376.75,0.28376,0.97377,0.10035,4,-58.0,5.8936,921.75,1
515,377.75,0.35411,0.9163600000000001,0.19157000000000002,1,-64.0,6.0822,924.75,1
516,378.25,0.35411,0.9163600000000001,0.19157000000000002,4,-58.0,4.3949,923.25,4
517,379.75,0.35411,0.9163600000000001,0.19157000000000002,2,-65.5,5.0192,921.25,4
518,380.0,-0.021106,1.0771,0.14595999999999998,2,-66.0,1.422,924.75,4
519,380.5,-0.0093803,0.93932,-0.025087,1,-49.0,0.25311,920.75,4
520,380.75,0.14305,0.9048700000000001,-0.025087,1,-47.0,4.0743,920.75,4
521,380.85,0.13132,1.0427,-0.10490999999999999,1,-46.5,5.1757,923.25,4
522,380.9,0.10787000000000001,1.2838,-0.0022806,1,-45.0,1.8055,923.25,4
523,381.0,-0.22044,0.97377,0.2942,2,-58.5,4.7231,922.25,4
524,381.1,-0.22044,0.97377,0.2942,2,-60.0,5.5438,922.25,4
525,381.25,-0.22044,0.97377,0.2942,2,-56.5,1.1029,923.75,4
526,381.75,-0.22044,0.97377,0.2942,2,-56.0,5.4272,925.75,4
527,383.0,-0.54875,0.77856,-0.0022806,2,-58.0,0.2347,920.75,2
528,385.0,0.63552,0.52593,0.317,2,-57.0,5.1895,924.75,2
529,387.0,0.43618999999999997,0.92784,0.11175,2,-57.0,5.6251,922.75,2
530,388.0,0.29548,0.8704200000000001,0.24859,2,-57.0,6.0516,923.25,2
531,388.5,0.29548,0.8704200000000001,0.24859,2,-57.5,5.079,925.25,2
532,390.5,0.29548,0.9163600000000001,0.19157000000000002,2,-57.0,5.9503,923.25,2
533,391.0,0.29548,0.9163600000000001,0.19157000000000002,2,-57.5,5.3674,925.25,2
534,392.5,0.17823,1.0427,0.18017,2,-57.5,5.7478,924.25,2
535,393.75,0.29548,0.93932,0.22578,2,-56.5,0.4694,921.75,2
536,396.0,0.18995,0.95081,0.16876,2,-58.0,5.3766,925.25,2
537,397.75,0.28376,0.95081,0.20297,2,-57.0,5.9012,923.25,2
538,400.25,0.14305,0.98526,0.12315,2,-57.0,5.9258,923.25,2
539,400.75,0.14305,0.98526,0.12315,2,-57.0,5.8675,923.75,2
540,401.75,0.14305,0.98526,0.12315,2,-56.5,0.78386,921.25,2
541,402.75,0.17823,0.97377,0.12315,2,-57.5,5.9043,923.25,2
542,403.25,0.17823,0.97377,0.12315,2,-58.0,5.013,925.25,2
543,403.75,0.17823,0.97377,0.12315,2,-59.0,1.6414,925.75,2
544,405.0,0.34238,0.9048700000000001,0.22578,2,-57.0,5.6297,923.25,2
545,405.75,0.34238,0.9048700000000001,0.22578,2,-57.5,5.5653,923.75,2
546,406.0,0.34238,0.9048700000000001,0.22578,2,-58.0,1.807,925.75,2
547,407.25,0.1665,0.97377,0.14595999999999998,2,-57.5,5.3996,924.25,2
548,407.5,0.1665,0.97377,0.14595999999999998,2,-57.0,5.7524,923.25,2
549,408.25,0.1665,0.97377,0.14595999999999998,2,-57.0,5.5699,923.75,2
550,408.75,0.1665,0.97377,0.14595999999999998,2,-58.5,1.5938,925.75,2
551,410.0,0.15478,0.97377,0.13455999999999999,2,-57.0,5.6159,923.25,2
552,410.25,0.15478,0.97377,0.13455999999999999,2,-58.0,1.8730000000000002,925.25,2
553,411.75,0.33066,0.9048700000000001,0.23718000000000003,2,-57.5,5.2477,924.75,2
554,413.5,0.20168,0.96229,0.16876,2,-58.0,1.2609,925.75,2
555,416.0,0.1665,0.98526,0.16876,2,-57.5,4.7922,925.75,2
556,416.75,0.1665,0.97377,0.14595999999999998,2,-57.0,5.5469,924.25,2
557,420.25,0.34238,0.9163600000000001,0.21438000000000001,2,-57.5,1.7518,925.25,2
558,421.75,0.1665,1.0082,0.11175,2,-57.0,5.2938,924.75,2
559,422.5,0.22513000000000002,0.95081,0.18017,2,-57.5,1.9221,925.25,2
560,424.5,0.15478,1.0082,0.11175,2,-57.0,5.6788,923.25,2
561,425.75,0.2134,0.97377,0.16876,2,-58.0,1.5616,925.75,2
562,427.5,0.18995,0.98526,0.11175,2,-58.0,5.2892,925.25,2
563,429.0,0.14305,0.97377,0.16876,2,-57.5,5.2738,924.75,2
564,430.25,0.18995,0.98526,0.15736,2,-59.0,6.2065,921.75,2
565,431.5,0.10787000000000001,0.97377,0.13455999999999999,2,-57.0,4.4808,924.25,2
566,435.5,0.42446000000000006,0.9048700000000001,0.20297,2,-57.5,5.3536,922.75,2
567,439.5,0.18995,0.97377,0.031928,2,-58.0,0.75165,925.25,2
568,444.75,-0.0093803,0.95081,0.08894400000000001,2,-50.5,4.898,923.75,2
569,446.25,0.072698,0.99674,0.10035,2,-57.5,5.1266,924.25,2
570,447.0,0.072698,0.99674,0.10035,2,-59.0,1.6429,925.25,2
571,447.75,0.072698,0.99674,0.10035,2,-57.5,5.8307,922.75,2
572,449.0,0.15478,0.95081,0.14595999999999998,2,-57.5,5.4579,923.25,2
573,449.5,0.15478,0.95081,0.14595999999999998,2,-57.5,5.2217,923.75,2
574,450.25,0.15478,0.95081,0.14595999999999998,2,-57.5,5.6128,922.75,2
575,452.0,0.18995,0.93932,0.20297,2,-57.5,5.5162,923.75,2
576,452.25,0.18995,0.93932,0.20297,2,-58.5,1.557,925.75,2
577,454.25,0.28376,0.89339,0.23718000000000003,2,-58.5,1.4726,925.25,2
578,454.75,0.28376,0.89339,0.23718000000000003,2,-57.0,6.0055,921.75,2
579,456.5,0.096148,0.97377,0.15736,2,-57.0,5.8092,922.25,2
580,457.0,0.096148,0.97377,0.15736,2,-57.5,5.3919,923.75,2
581,457.25,0.096148,0.97377,0.15736,2,-58.5,4.7615,925.75,2
582,458.75,0.1196,0.97377,0.18017,2,-57.5,5.8521,922.25,2
583,459.75,0.1196,0.97377,0.18017,2,-57.0,5.7279,922.75,2
584,461.5,0.096148,0.97377,0.14595999999999998,2,-57.5,1.8469,925.25,2
585,462.75,0.1665,0.95081,0.15736,2,-56.0,0.62893,920.25,2
586,463.25,0.1665,0.95081,0.15736,2,-57.5,0.22855999999999999,920.75,2
587,465.75,0.1665,0.95081,0.14595999999999998,2,-58.0,6.1773,920.75,2
588,466.75,0.1665,0.95081,0.14595999999999998,2,-57.0,5.8353,921.75,2
589,470.25,0.072698,0.97377,0.19157000000000002,2,-58.0,5.3643,924.75,2
590,471.0,0.072698,0.97377,0.19157000000000002,2,-57.5,6.1436,922.25,2
591,473.25,0.29548,0.89339,0.23718000000000003,2,-56.0,1.1827,920.75,2
592,474.75,0.29548,0.96229,0.2828,2,-56.5,0.68262,921.25,2
593,478.0,0.65897,0.75559,0.46524,2,-56.5,0.68109,920.75,2
594,479.5,0.38928,0.9163600000000001,0.21438000000000001,2,-58.0,5.5898,922.75,2
595,480.25,0.38928,0.9163600000000001,0.21438000000000001,2,-58.0,5.3751,924.25,2
596,480.75,0.38928,0.9163600000000001,0.21438000000000001,2,-58.5,6.254,922.25,2
597,481.5,0.38928,0.9163600000000001,0.21438000000000001,2,-59.5,4.8658,925.75,2
598,482.75,0.23685,0.9048700000000001,0.15736,2,-57.0,5.2155,924.25,2
599,483.25,0.23685,0.9048700000000001,0.15736,2,-57.0,6.1267,922.25,2
600,483.75,0.23685,0.9048700000000001,0.15736,2,-57.5,0.26231,921.75,2
601,484.5,0.23685,0.9048700000000001,0.15736,2,-58.0,0.9587399999999999,920.25,2
602,486.75,0.24858000000000002,0.95081,0.18017,2,-57.5,0.018408,922.75,2
603,487.0,0.24858000000000002,0.95081,0.18017,2,-57.0,1.1812,920.25,2
604,488.5,0.28376,0.93932,0.21438000000000001,2,-58.0,5.6052,923.75,2
605,489.25,0.28376,0.93932,0.21438000000000001,2,-57.0,0.49241,921.25,2
606,489.75,0.28376,0.93932,0.21438000000000001,2,-58.5,5.1143,924.75,2
607,490.5,0.28376,0.93932,0.21438000000000001,2,-57.5,0.18561,922.25,2
608,491.75,0.23685,0.97377,0.18017,2,-58.0,0.52769,921.25,2
609,492.75,0.23685,0.97377,0.18017,2,-58.5,5.7325,923.25,2
610,493.75,0.23685,0.97377,0.18017,2,-57.5,1.6245,925.75,2
611,495.5,-0.74808,0.6522399999999999,0.066138,2,-49.5,4.7507,922.25,4
612,495.75,-0.091458,0.89339,0.031928,2,-50.5,0.49394,925.25,4
613,495.88,-0.091458,0.89339,0.031928,2,-50.5,0.59672,925.25,4
614,496.0,0.1196,1.0197,-0.059296,2,-48.5,4.6434,923.75,4
615,496.13,0.33066,0.8819100000000001,0.18017,2,-47.5,6.0884,921.75,4
616,496.25,0.049247000000000006,1.0197,-0.036489999999999995,2,-49.5,4.5667,925.75,4
617,496.5,0.14305,1.0197,-0.013684,2,-48.5,6.2264,922.75,4
618,497.0,0.072698,1.0312,0.043332,2,-50.0,0.25924,924.75,4
619,497.25,0.025796,1.0312,0.031928,2,-49.0,0.92806,924.25,4
620,497.5,0.060972000000000005,1.0082,0.066138,1,-67.5,1.7211,920.75,4
621,497.6,0.060972000000000005,1.0082,0.066138,2,-48.5,6.1804,920.75,4
622,497.75,0.025796,1.0312,0.054735,2,-47.5,1.9313,923.25,4
623,497.85,0.025796,1.0082,0.031928,2,-48.0,2.0831,923.25,4
624,497.9,0.025796,0.99674,0.020525,2,-47.5,5.8537,922.25,4
625,498.25,-0.0093803,1.0312,0.043332,2,-48.5,1.939,925.25,4
626,498.35,0.084423,1.0312,0.031928,2,-46.5,2.8762,923.75,4
627,498.38,0.084423,0.98526,0.16876,1,-67.5,5.5929,923.75,4
628,498.5,0.084423,0.98526,0.16876,2,-44.5,5.2938,921.75,4
629,498.75,0.060972000000000005,1.0886,0.14595999999999998,2,-47.0,4.5252,925.75,4
630,498.88,0.060972000000000005,1.0886,0.14595999999999998,2,-46.5,4.6802,925.75,4
631,498.93,0.096148,0.82449,0.11175,2,-49.0,5.2892,925.75,4
632,498.98,0.096148,0.82449,0.11175,2,-49.5,0.36816,922.75,4
633,501.0,0.18995,1.3757,0.10035,2,-67.0,0.37736,921.75,4
634,501.25,0.18995,1.3757,0.10035,4,-58.5,5.4196,922.75,4
635,502.25,0.18995,1.3757,0.10035,1,-59.0,0.28379,924.25,1
636,502.75,0.15478,0.92784,0.27139,1,-59.5,5.7877,923.25,1
637,502.85,0.15478,0.92784,0.27139,4,-60.5,5.417999999999999,922.25,1
638,503.25,0.15478,0.92784,0.27139,2,-65.5,0.65961,923.75,1
639,503.75,0.62379,0.59483,0.6819,4,-67.5,6.07,922.75,1
640,504.25,0.56517,0.80152,0.10035,3,-51.0,5.372000000000001,920.25,1
641,504.35,0.56517,0.80152,0.10035,3,-51.0,5.2155,920.25,1
642,504.5,0.78795,0.51445,-0.070699,3,-52.0,0.6151300000000001,924.25,1
643,504.75,1.0811,0.16995,-0.070699,4,-62.5,5.8291,920.75,3
644,504.85,1.0811,0.16995,-0.070699,3,-48.0,0.91579,920.75,3
645,505.0,1.0811,0.16995,-0.070699,3,-48.0,0.8759,920.75,3
646,505.1,1.1749,0.032152999999999994,-0.0022806,4,-63.5,4.0359,923.25,3
647,505.5,1.128,-0.11713,0.031928,4,-64.0,5.642,925.25,3
648,506.0,1.0107,-0.059712,-0.082102,4,-62.5,5.5776,921.75,3
649,506.25,1.0107,-0.059712,-0.082102,4,-64.5,4.7569,922.75,3
650,506.5,0.9052,-0.025263,-0.059296,3,-49.5,5.3337,921.25,3
651,507.25,0.9521,-0.036746,-0.059296,3,-49.0,5.5975,920.75,3
652,507.38,0.9872799999999999,-0.036746,-0.047893,3,-49.5,5.6021,920.75,3
653,507.5,0.9872799999999999,-0.036746,-0.047893,4,-65.5,4.1387,923.25,3
654,507.75,1.2218,-0.15158,0.043332,3,-50.0,4.539,922.25,3
655,508.03,1.4211,-0.25493000000000005,0.12315,4,-66.5,0.58291,923.75,3
656,508.5,0.96383,-0.025263,-0.0022806,3,-51.0,4.2752,922.75,3
657,508.75,0.96383,-0.025263,-0.0022806,4,-65.5,1.6628,922.75,3
658,508.85,0.96383,-0.025263,-0.0022806,4,-65.5,0.33748,921.25,3
659,509.25,1.3977,-0.17454,0.27139,4,-67.5,6.2034,924.75,3
660,509.5,1.3977,-0.17454,0.27139,4,-66.0,0.3973,924.25,3
661,510.0,1.0225,-0.01378,0.08894400000000001,3,-51.0,4.4501,922.25,3
662,510.75,0.9990100000000001,-0.025263,0.031928,4,-67.5,5.6819,921.75,3
663,511.0,0.9990100000000001,-0.025263,0.031928,4,-67.5,5.2493,925.75,3
664,511.25,0.92865,-0.025263,-0.013684,4,-67.5,6.2663,921.25,3
665,511.5,0.92865,-0.025263,-0.013684,3,-50.0,5.8966,920.25,3
666,511.75,0.92865,-0.025263,-0.013684,4,-69.0,6.1451,924.75,3
667,512.0,1.0225,-0.059712,0.020525,4,-67.0,3.5159,920.75,3
668,512.25,1.0225,-0.059712,0.020525,4,-67.0,1.1305,923.25,3
669,512.5,1.0225,-0.059712,0.020525,4,-66.5,1.9635,922.25,3
670,513.0,0.97555,-0.025263,-0.013684,4,-68.0,0.5507,923.75,3
671,513.75,1.0459,-0.01378,-0.0022806,3,-50.5,5.0499,921.25,3
672,513.85,1.0459,-0.01378,-0.0022806,3,-50.5,5.0729,921.25,3
673,514.0,0.97555,-0.01378,-0.025087,4,-67.5,0.66728,920.25,3
674,514.25,0.97555,-0.01378,-0.025087,4,-68.5,5.9626,924.75,3
675,514.5,0.97555,-0.01378,-0.025087,3,-50.0,5.4917,920.75,3
676,514.75,1.2335,-0.16305999999999998,0.12315,4,-67.5,4.3258,923.25,3
677,515.0,1.2335,-0.16305999999999998,0.12315,3,-50.5,4.5805,922.25,3
678,515.1,1.2335,-0.16305999999999998,0.12315,4,-67.0,2.0755,922.25,3
679,516.0,1.128,-0.10565,0.043332,4,-67.0,1.5232,922.75,3
680,517.0,0.9403799999999999,-0.036746,-0.013684,3,-50.0,5.5729999999999995,920.75,3
681,517.1,0.9403799999999999,-0.036746,-0.013684,4,-67.0,0.42031,920.75,3
682,517.25,0.9403799999999999,-0.036746,-0.013684,4,-67.0,4.3396,923.25,3
683,517.5,0.9403799999999999,-0.036746,-0.013684,4,-66.5,2.0494,922.25,3
684,518.0,1.1632,-0.11713,0.066138,4,-67.5,0.62893,923.75,3
685,518.5,1.0459,-0.036746,0.020525,3,-51.0,4.2369,922.75,3
686,518.63,1.0459,-0.036746,0.020525,4,-67.0,1.4864,922.75,3
687,518.75,1.0459,-0.036746,0.020525,4,-67.0,6.0516,921.25,3
688,519.0,1.0459,-0.036746,0.020525,4,-67.0,3.9178,920.25,3
689,519.25,0.9403799999999999,-0.01378,-0.025087,3,-50.0,5.372000000000001,920.75,3
690,519.5,0.92865,-0.036746,-0.047893,3,-50.0,5.4134,920.75,3
691,519.63,0.92865,-0.036746,-0.047893,4,-67.5,1.1244,923.25,3
692,520.0,1.1045,-0.12861,0.020525,4,-68.0,5.3843,925.25,3
693,520.25,1.1045,-0.12861,0.020525,4,-66.5,0.45866,923.75,3
694,521.0,0.9403799999999999,-0.036746,-0.013684,3,-50.5,5.1772,921.25,3
695,521.1,0.9403799999999999,-0.036746,-0.013684,4,-65.5,6.1068,921.25,3
696,521.25,0.9403799999999999,-0.036746,-0.013684,4,-66.0,0.7409100000000001,920.25,3
697,522.0,1.0107,0.0091865,0.10035,4,-66.0,0.33134,920.75,3
698,522.25,1.0225,-0.0022965999999999998,-0.036489999999999995,4,-65.0,5.0529,922.25,3
699,523.0,0.9872799999999999,-0.036746,-0.059296,4,-64.5,2.3623,921.75,3
700,523.25,0.9872799999999999,-0.036746,-0.059296,4,-64.5,4.539,922.75,3
701,523.5,0.9872799999999999,-0.036746,-0.059296,4,-64.5,5.9365,921.25,3
702,523.6,0.9872799999999999,-0.036746,-0.059296,3,-50.0,5.2139999999999995,921.25,3
703,523.75,0.9169299999999999,-0.025263,-0.082102,3,-50.0,5.8598,920.25,3
704,524.0,1.0928,-0.07119600000000001,-0.013684,4,-66.0,5.7187,924.75,3
705,524.25,1.0928,-0.07119600000000001,-0.013684,3,-49.5,5.5085,920.75,3
706,524.5,0.9872799999999999,-0.01378,-0.059296,4,-65.0,0.029146,920.75,3
707,524.75,0.97555,-0.01378,-0.070699,3,-50.5,4.5759,922.25,3
708,524.85,0.97555,-0.01378,-0.070699,4,-67.0,2.0877,925.25,3
709,525.5,1.128,-0.094162,0.020525,4,-66.5,4.9149,925.75,3
710,525.75,1.128,-0.094162,0.020525,4,-64.5,4.4608,922.75,3
711,526.0,1.128,-0.094162,0.020525,3,-50.0,5.2585,921.25,3
712,526.25,0.9403799999999999,-0.036746,-0.070699,3,-49.5,5.9089,920.25,3
713,526.35,0.9403799999999999,-0.036746,-0.070699,4,-66.5,5.731,924.75,3
714,526.75,1.2101,-0.12861,0.031928,4,-64.5,3.272,920.75,3
715,527.0,1.1866,-0.14009000000000002,0.043332,4,-64.5,1.8408,922.25,3
716,527.25,1.1866,-0.14009000000000002,0.043332,4,-66.0,5.3521,925.25,3
717,527.75,1.2570000000000001,-0.15158,0.066138,4,-64.0,5.4226,921.75,3
718,528.0,1.2570000000000001,-0.15158,0.066138,4,-66.5,4.9087,925.75,3
719,528.25,1.2570000000000001,-0.15158,0.066138,4,-65.0,1.3622,922.75,3
720,528.35,1.2570000000000001,-0.15158,0.066138,4,-65.5,5.9012,921.25,3
721,528.5,1.2570000000000001,-0.15158,0.066138,4,-65.0,3.7659,920.25,3
722,529.0,1.0107,-0.025263,-0.070699,3,-52.5,3.3579,924.25,3
723,529.25,0.97555,-0.0022965999999999998,-0.059296,3,-49.5,5.4963,920.75,3
724,529.38,0.92865,-0.025263,-0.070699,3,-51.0,4.0313,923.25,3
725,529.43,0.92865,-0.025263,-0.070699,4,-65.5,0.89738,923.25,3
726,529.5,0.92865,-0.025263,-0.070699,4,-64.5,4.9686,922.25,3
727,529.75,0.92865,-0.025263,-0.070699,4,-66.5,5.4226,925.25,3
728,530.5,1.0107,-0.048229,-0.059296,4,-67.0,4.9271,925.75,3
729,530.75,1.0107,-0.048229,-0.059296,3,-51.0,4.3396,922.75,3
730,530.83,1.2335,-0.16305999999999998,0.043332,4,-65.5,5.8107,921.25,3
731,531.0,1.2335,-0.16305999999999998,0.043332,4,-65.5,3.7245,920.25,3
732,531.25,1.2335,-0.16305999999999998,0.043332,3,-52.5,0.013806,924.75,3
733,531.38,1.2335,-0.16305999999999998,0.043332,4,-67.5,6.2387,924.25,3
734,531.75,1.0342,-0.036746,-0.036489999999999995,4,-65.0,0.07209700000000001,920.75,3
735,532.0,0.92865,-0.036746,-0.036489999999999995,3,-50.5,4.5851,922.25,3
736,532.25,0.92865,-0.036746,-0.036489999999999995,4,-67.0,5.4732,925.25,3
