,time,frontal,vertical,lateral,id,rssi,phase,freq,label
0,0.0,0.31893,0.99674,0.08894400000000001,4,-57.5,1.5002,924.75,1
1,0.025,0.31893,0.99674,0.08894400000000001,1,-56.5,5.1542,924.25,1
2,0.25,0.31893,0.99674,0.08894400000000001,4,-58.5,5.7171,924.25,1
3,0.5,0.31893,0.99674,0.08894400000000001,1,-57.0,5.5914,920.75,1
4,0.55,0.31893,0.99674,0.08894400000000001,1,-57.5,0.22089,923.25,1
5,0.75,0.31893,0.99674,0.08894400000000001,4,-57.0,4.8244,922.25,1
6,1.25,0.37756,0.9163600000000001,0.16876,1,-56.5,1.5493,921.75,1
7,1.5,0.37756,0.9163600000000001,0.16876,1,-59.0,4.4163,925.75,1
8,1.75,0.37756,0.9163600000000001,0.16876,1,-57.0,0.61206,922.75,1
9,2.25,0.37756,0.9163600000000001,0.16876,1,-58.0,5.0867,924.75,1
10,3.0,0.33066,0.93932,0.16876,1,-57.0,0.1672,923.25,1
11,3.25,0.33066,0.93932,0.16876,1,-57.0,4.197,922.25,1
12,3.5,0.33066,0.93932,0.16876,1,-58.0,4.8167,925.25,1
13,3.75,0.33066,0.93932,0.16876,1,-57.5,6.0562,923.75,1
14,3.85,0.33066,0.93932,0.16876,1,-56.5,1.4956,921.75,1
15,4.5,0.33066,0.93932,0.16876,1,-56.5,5.033,921.25,1
16,4.575,0.33066,0.93932,0.16876,1,-57.0,5.8537,920.25,1
17,5.25,0.27203,0.97377,0.14595999999999998,1,-57.0,5.3567,920.75,1
18,5.5,0.27203,0.97377,0.14595999999999998,1,-58.0,0.029146,923.25,1
19,6.0,0.27203,0.97377,0.14595999999999998,1,-57.5,5.869,923.75,1
20,6.25,0.27203,0.97377,0.14595999999999998,1,-56.5,1.3944,921.75,1
21,6.75,0.43618999999999997,0.9048700000000001,0.19157000000000002,1,-57.0,2.0018,921.25,1
22,7.0,0.43618999999999997,0.9048700000000001,0.19157000000000002,4,-57.5,0.86056,920.25,1
23,7.25,0.43618999999999997,0.9048700000000001,0.19157000000000002,1,-58.0,5.1971,924.75,1
24,7.5,0.43618999999999997,0.9048700000000001,0.19157000000000002,1,-57.0,2.324,920.75,1
25,7.75,0.43618999999999997,0.9048700000000001,0.19157000000000002,1,-58.0,0.12272000000000001,923.25,1
26,8.5,0.20168,1.0197,0.077541,1,-58.5,5.9273,923.75,1
27,8.75,0.20168,1.0197,0.077541,1,-57.0,1.4481,921.75,1
28,9.0,0.20168,1.0197,0.077541,1,-57.5,0.5476300000000001,922.75,1
29,9.25,0.20168,1.0197,0.077541,3,-68.5,0.15033,921.25,1
30,9.75,0.20168,1.0197,0.077541,3,-68.5,5.122000000000001,924.25,1
31,10.5,0.23685,0.99674,0.11175,1,-57.0,1.1582,922.25,1
32,10.75,0.23685,0.99674,0.11175,1,-58.5,4.8397,925.25,1
33,11.0,0.23685,0.99674,0.11175,1,-58.0,6.0255,923.75,1
34,11.25,0.23685,0.99674,0.11175,1,-57.0,1.4941,921.75,1
35,11.5,0.23685,0.99674,0.11175,4,-58.0,1.1259,922.75,1
36,11.75,0.23685,0.99674,0.11175,3,-68.5,0.16567,921.25,1
37,12.0,0.23685,0.99674,0.11175,3,-68.5,4.7185,924.75,1
38,12.75,0.27203,0.98526,0.12315,3,-68.5,5.5269,923.25,1
39,13.0,0.27203,0.98526,0.12315,3,-68.5,4.4547,925.25,1
40,13.5,0.27203,0.98526,0.12315,1,-57.0,1.4113,921.75,1
41,13.75,0.27203,0.98526,0.12315,1,-59.5,4.3488,925.75,1
42,14.0,0.27203,0.98526,0.12315,1,-56.5,5.0683,921.25,1
43,14.25,0.27203,0.98526,0.12315,1,-57.5,5.9657,920.25,1
44,14.75,0.30721,0.96229,0.12315,3,-68.0,2.0755,924.25,1
45,15.25,0.30721,0.96229,0.12315,1,-58.0,0.059825,923.25,1
46,15.5,0.30721,0.96229,0.12315,3,-68.5,6.0132,922.25,1
47,15.75,0.30721,0.96229,0.12315,1,-58.0,5.9795,923.75,1
48,16.0,0.30721,0.96229,0.12315,4,-57.5,5.1895,921.75,1
49,16.75,0.2134,0.99674,0.066138,1,-57.5,5.7586,920.25,1
50,17.0,0.2134,0.99674,0.066138,1,-58.5,5.0146,924.75,1
51,17.25,0.2134,0.99674,0.066138,1,-58.0,5.5269,924.25,1
52,17.5,0.2134,0.99674,0.066138,1,-57.0,2.3040000000000003,920.75,1
53,17.75,0.2134,0.99674,0.066138,1,-57.0,0.041417,923.25,1
54,17.825,0.2134,0.99674,0.066138,3,-68.5,6.1237,922.25,1
55,18.25,0.2134,0.99674,0.066138,4,-57.5,5.1787,921.75,1
56,18.75,0.24858000000000002,0.99674,0.08894400000000001,1,-57.0,0.46786000000000005,922.75,1
57,19.0,0.24858000000000002,0.99674,0.08894400000000001,1,-56.5,1.8623,921.25,1
58,19.25,0.24858000000000002,0.99674,0.08894400000000001,1,-58.0,5.1082,924.75,1
59,19.75,0.24858000000000002,0.99674,0.08894400000000001,4,-59.5,5.6665,924.25,1
60,20.0,0.24858000000000002,0.99674,0.08894400000000001,3,-68.5,2.6124,923.25,1
61,20.75,0.2603,0.98526,0.11175,1,-57.0,5.8598,923.75,1
62,21.0,0.2603,0.98526,0.11175,1,-56.5,1.2594,921.75,1
63,21.25,0.2603,0.98526,0.11175,1,-57.0,0.41723999999999994,922.75,1
64,21.5,0.2603,0.98526,0.11175,3,-67.5,0.19942000000000001,921.25,1
65,22.025,0.2603,0.98526,0.11175,1,-57.5,5.4855,924.25,1
66,22.5,0.2134,1.0312,0.066138,4,-58.5,1.514,922.25,1
67,22.75,0.2134,1.0312,0.066138,3,-68.0,1.514,925.25,1
68,23.5,0.2134,1.0312,0.066138,3,-68.5,4.5038,925.75,1
69,23.75,0.2134,1.0312,0.066138,3,-69.0,3.9577,921.25,1
70,24.25,0.2134,1.0312,0.066138,1,-59.5,4.7937,924.75,1
71,25.25,0.36583000000000004,0.92784,0.20297,4,-58.5,1.1505,922.25,1
72,25.75,0.36583000000000004,0.92784,0.20297,1,-59.0,0.26538,921.75,1
73,26.0,0.36583000000000004,0.92784,0.20297,1,-58.0,4.6265,922.75,1
74,26.75,0.36583000000000004,0.92784,0.20297,3,-68.5,4.1356,924.25,1
75,27.25,0.36583000000000004,0.92784,0.20297,1,-57.0,5.6328,923.25,1
76,27.75,0.24858000000000002,1.0082,0.10035,1,-58.0,4.0068,925.25,1
77,28.0,0.24858000000000002,1.0082,0.10035,1,-57.0,5.1879,923.75,1
78,28.25,0.24858000000000002,1.0082,0.10035,1,-59.0,0.46019,925.75,1
79,28.5,0.24858000000000002,1.0082,0.10035,1,-57.0,5.8844,922.75,1
80,28.75,0.24858000000000002,1.0082,0.10035,1,-56.5,0.83142,921.25,1
81,29.25,0.37756,0.93932,0.21438000000000001,1,-56.5,4.8474,924.25,1
82,30.0,0.49481,0.89339,0.2828,1,-58.0,6.251,922.25,1
83,30.25,0.49481,0.89339,0.2828,1,-58.5,5.0361,923.75,1
84,30.75,0.49481,0.89339,0.2828,1,-58.0,0.44638999999999995,921.75,1
85,31.0,0.49481,0.89339,0.2828,1,-59.0,5.8491,922.75,1
86,32.0,0.30721,0.93932,0.23718000000000003,4,-57.5,5.8767,920.75,1
87,32.25,0.30721,0.93932,0.23718000000000003,1,-63.0,6.0101,922.25,1
88,33.25,0.30721,0.93932,0.23718000000000003,4,-59.0,4.0221,922.75,1
89,34.25,0.30721,0.93932,0.23718000000000003,3,-67.5,4.8781,924.25,1
90,35.75,0.30721,0.95081,0.25999,1,-59.0,0.42798,925.75,1
91,36.0,0.30721,0.95081,0.25999,3,-68.5,0.90505,921.25,1
92,36.5,0.30721,0.95081,0.25999,1,-58.0,1.4143,924.75,1
93,36.75,0.30721,0.95081,0.25999,1,-57.0,1.919,920.75,1
94,37.25,0.30721,0.95081,0.25999,1,-57.0,0.76085,922.25,1
95,38.0,0.29548,0.93932,0.16876,3,-68.5,6.0684,921.75,1
96,38.5,0.29548,0.93932,0.16876,1,-57.0,4.516,921.25,1
97,38.75,0.29548,0.93932,0.16876,1,-56.5,5.3475,920.25,1
98,39.0,0.29548,0.93932,0.16876,1,-58.5,5.1373,924.25,1
99,39.25,0.29548,0.93932,0.16876,1,-56.5,4.9041,920.75,1
100,40.0,0.42446000000000006,0.9163600000000001,0.19157000000000002,1,-58.0,5.7586,923.75,1
101,40.25,0.42446000000000006,0.9163600000000001,0.19157000000000002,3,-69.0,5.9365,921.75,1
102,40.75,0.42446000000000006,0.9163600000000001,0.19157000000000002,1,-57.5,4.5774,921.25,1
103,41.0,0.42446000000000006,0.9163600000000001,0.19157000000000002,1,-57.0,2.2227,920.25,1
104,41.5,0.42446000000000006,0.9163600000000001,0.19157000000000002,1,-58.5,5.2324,924.25,1
105,41.75,0.42446000000000006,0.9163600000000001,0.19157000000000002,1,-56.5,1.7411,920.75,1
106,43.25,0.29548,0.97377,0.11175,1,-58.0,0.21169000000000002,922.75,1
107,43.5,0.29548,0.97377,0.11175,4,-59.0,5.1082,921.25,1
108,43.75,0.29548,0.97377,0.11175,1,-59.0,4.7937,924.75,1
109,44.25,0.29548,0.97377,0.11175,1,-57.5,4.8366,920.75,1
110,44.5,0.29548,0.97377,0.11175,1,-58.0,0.48933999999999994,922.25,1
111,45.0,0.29548,0.97377,0.11175,1,-58.5,5.6665,923.75,1
112,45.75,0.31893,0.96229,0.13455999999999999,1,-57.0,1.3775,921.25,1
113,46.0,0.31893,0.96229,0.13455999999999999,1,-57.5,5.2938,920.25,1
114,46.5,0.31893,0.96229,0.13455999999999999,1,-57.0,1.7104,920.75,1
115,46.75,0.31893,0.96229,0.13455999999999999,1,-58.0,5.9273,923.25,1
116,47.0,0.31893,0.96229,0.13455999999999999,1,-60.0,4.4317,925.25,1
117,47.5,0.31893,0.96229,0.13455999999999999,1,-57.5,0.94647,921.75,1
118,48.25,0.30721,0.98526,0.12315,3,-69.0,6.1344,921.25,1
119,48.75,0.30721,0.98526,0.12315,1,-58.5,5.1864,924.25,1
120,49.25,0.30721,0.98526,0.12315,1,-58.5,5.8982,923.25,1
121,50.0,0.30721,0.98526,0.12315,4,-59.0,4.5437,921.75,1
122,50.75,0.40101,0.93932,0.18017,3,-68.5,0.12732000000000002,920.25,1
123,51.5,0.40101,0.93932,0.18017,3,-69.0,2.9038,920.75,1
124,53.0,0.40101,0.93932,0.18017,1,-58.0,0.13806,922.75,1
125,54.0,0.40101,0.93932,0.16876,1,-57.0,1.7135,920.75,1
126,54.25,0.40101,0.93932,0.16876,1,-58.0,0.48167,922.25,1
127,55.0,0.40101,0.93932,0.16876,1,-57.5,0.92806,921.75,1
128,55.5,0.40101,0.93932,0.16876,1,-57.0,1.3959,921.25,1
129,55.75,0.40101,0.93932,0.16876,1,-57.0,5.329,920.25,1
130,56.0,0.40101,0.93932,0.16876,1,-58.5,5.1542,924.25,1
131,56.75,0.33066,0.97377,0.13455999999999999,1,-58.0,0.51235,922.25,1
132,57.25,0.33066,0.97377,0.13455999999999999,1,-57.5,0.9786799999999999,921.75,1
133,57.75,0.33066,0.97377,0.13455999999999999,1,-58.0,0.14726,922.75,1
134,58.0,0.33066,0.97377,0.13455999999999999,1,-57.5,1.3208,921.25,1
135,58.25,0.33066,0.97377,0.13455999999999999,1,-57.0,5.2493,920.25,1
136,58.75,0.33066,0.97377,0.13455999999999999,1,-57.0,4.8106,920.75,1
137,59.0,0.33066,0.97377,0.13455999999999999,1,-58.5,5.9196,923.25,1
138,59.25,0.33066,0.97377,0.13455999999999999,1,-60.0,4.4194,925.25,1
139,59.75,0.33066,0.97377,0.13455999999999999,1,-57.5,0.98635,921.75,1
140,60.5,0.34238,0.95081,0.13455999999999999,1,-57.5,5.3014,920.25,1
141,61.0,0.34238,0.95081,0.13455999999999999,1,-59.0,5.2217,924.25,1
142,61.25,0.34238,0.95081,0.13455999999999999,1,-57.0,1.7288,920.75,1
143,62.25,0.34238,0.95081,0.13455999999999999,1,-58.0,0.93419,921.75,1
144,62.75,0.34238,0.95081,0.13455999999999999,1,-59.0,0.07976699999999999,922.75,1
145,63.5,0.30721,0.98526,0.11175,3,-68.5,6.1006,920.75,1
146,64.0,0.30721,0.98526,0.11175,1,-58.0,0.57831,922.25,1
147,64.5,0.30721,0.98526,0.11175,1,-58.0,0.95414,921.75,1
148,65.0,0.30721,0.98526,0.11175,1,-58.5,0.059825,922.75,1
149,65.25,0.30721,0.98526,0.11175,3,-68.5,6.2556,920.25,1
150,66.5,0.44791000000000003,0.92784,0.18017,1,-58.5,0.53996,922.25,1
151,67.0,0.44791000000000003,0.92784,0.18017,1,-59.0,5.6205,923.75,1
152,67.5,0.44791000000000003,0.92784,0.18017,1,-58.5,0.067495,922.75,1
153,67.75,0.44791000000000003,0.92784,0.18017,1,-57.5,1.2993,921.25,1
154,68.0,0.44791000000000003,0.92784,0.18017,1,-59.5,4.7615,924.75,1
155,69.5,0.58862,0.89339,0.24859,1,-58.0,0.89738,921.75,1
156,70.0,0.58862,0.89339,0.24859,1,-57.5,1.2456,921.25,1
157,70.25,0.58862,0.89339,0.24859,1,-57.0,5.2508,920.25,1
158,70.75,0.58862,0.89339,0.24859,1,-59.0,5.2017,924.25,1
159,71.0,0.58862,0.89339,0.24859,1,-58.5,6.004,923.25,1
160,71.5,0.58862,0.89339,0.24859,1,-58.0,0.65194,922.25,1
161,72.0,0.58862,0.89339,0.24859,1,-57.5,1.1152,921.75,1
162,72.75,0.34238,0.96229,0.13455999999999999,4,-59.5,6.1973,920.25,1
163,73.5,0.34238,0.96229,0.13455999999999999,1,-57.5,4.9118,920.75,1
164,73.75,0.34238,0.96229,0.13455999999999999,4,-59.5,4.065,922.25,1
165,74.25,0.34238,0.96229,0.13455999999999999,1,-58.5,5.6481,923.75,1
166,74.75,0.34238,0.96229,0.13455999999999999,1,-58.0,0.24083000000000002,922.75,1
167,75.0,0.34238,0.96229,0.13455999999999999,1,-57.5,4.5973,921.25,1
168,75.25,0.34238,0.96229,0.13455999999999999,1,-57.5,5.3904,920.25,1
169,76.0,0.37756,0.92784,0.14595999999999998,1,-58.0,5.9733,923.25,1
170,76.5,0.37756,0.92784,0.14595999999999998,1,-60.0,1.3330000000000002,925.25,1
171,76.75,0.37756,0.92784,0.14595999999999998,3,-69.0,5.4702,921.75,1
172,77.5,0.37756,0.92784,0.14595999999999998,3,-68.5,5.9196,921.25,1
173,78.0,0.37756,0.92784,0.14595999999999998,1,-58.5,5.2217,924.25,1
174,78.75,0.30721,0.97377,0.12315,1,-58.0,0.48781,922.25,1
175,79.25,0.30721,0.97377,0.12315,1,-57.5,0.90812,921.75,1
176,79.5,0.30721,0.97377,0.12315,1,-58.0,0.14573,922.75,1
177,80.0,0.30721,0.97377,0.12315,3,-68.5,6.004,921.25,1
178,80.75,0.30721,0.97377,0.12315,3,-68.5,6.096,920.75,1
179,81.5,0.30721,0.97377,0.12315,1,-58.5,5.5285,923.75,1
180,82.25,0.37756,0.95081,0.16876,3,-69.0,5.6635,921.25,1
181,82.75,0.37756,0.95081,0.16876,1,-59.0,4.8474,924.75,1
182,83.25,0.37756,0.95081,0.16876,1,-57.0,1.7917,920.75,1
183,83.5,0.37756,0.95081,0.16876,1,-57.5,0.55837,922.25,1
184,83.75,0.37756,0.95081,0.16876,1,-58.5,5.5576,923.75,1
185,84.25,0.37756,0.95081,0.16876,1,-57.5,0.9203899999999999,921.75,1
186,84.75,0.37756,0.95081,0.16876,1,-57.5,1.2916,921.25,1
187,85.0,0.37756,0.95081,0.16876,1,-57.0,5.2462,920.25,1
188,86.0,0.34238,0.95081,0.13455999999999999,1,-58.0,0.54303,922.25,1
189,86.5,0.34238,0.95081,0.13455999999999999,1,-57.5,0.83449,921.75,1
190,87.0,0.34238,0.95081,0.13455999999999999,1,-58.5,6.2264,922.75,1
191,87.25,0.34238,0.95081,0.13455999999999999,4,-59.5,5.0422,921.25,1
192,88.0,0.34238,0.95081,0.13455999999999999,1,-57.0,1.8101,920.75,1
193,88.25,0.34238,0.95081,0.13455999999999999,1,-58.0,6.0393,923.25,1
194,89.0,0.50654,0.89339,0.20297,3,-68.0,5.6312,921.75,1
195,89.5,0.50654,0.89339,0.20297,1,-57.5,1.3606,921.25,1
196,89.725,0.50654,0.89339,0.20297,1,-57.5,5.2861,920.25,1
197,90.25,0.50654,0.89339,0.20297,3,-68.0,6.0025,920.75,1
198,90.75,0.50654,0.89339,0.20297,1,-58.0,0.4694,922.25,1
199,91.75,0.34238,0.97377,0.13455999999999999,1,-58.0,0.15953,922.75,1
200,92.0,0.34238,0.97377,0.13455999999999999,1,-57.5,1.4542,921.25,1
201,92.25,0.34238,0.97377,0.13455999999999999,1,-59.0,4.9256,924.75,1
202,92.75,0.34238,0.97377,0.13455999999999999,1,-57.0,1.8454,920.75,1
203,93.0,0.34238,0.97377,0.13455999999999999,1,-58.5,6.0377,923.25,1
204,93.75,0.38928,0.93932,0.14595999999999998,1,-57.5,1.0216,921.75,1
205,94.25,0.38928,0.93932,0.14595999999999998,3,-68.5,5.3689,922.75,1
206,94.5,0.38928,0.93932,0.14595999999999998,4,-59.5,6.0531,920.25,1
207,95.0,0.38928,0.93932,0.14595999999999998,1,-58.0,4.7922,924.75,1
208,95.75,0.36583000000000004,0.95081,0.12315,1,-59.5,1.1888,925.25,1
209,96.25,0.36583000000000004,0.95081,0.12315,1,-57.0,0.8667,921.75,1
210,96.75,0.36583000000000004,0.95081,0.12315,3,-67.5,5.8138,922.75,1
211,97.75,0.36583000000000004,0.95081,0.12315,4,-58.5,5.6328,920.75,1
212,98.5,0.36583000000000004,0.95081,0.12315,4,-60.0,5.4502,923.75,1
213,100.0,0.33066,0.95081,0.20297,1,-60.0,1.7671,920.75,1
214,101.0,0.33066,0.95081,0.20297,4,-59.5,2.4406,923.75,1
215,101.75,0.33066,0.95081,0.20297,1,-60.5,0.18868,922.75,1
216,102.25,0.33066,0.95081,0.20297,1,-59.5,1.3714,924.75,1
217,103.5,0.38928,0.92784,0.20297,1,-59.5,5.1849,923.75,1
218,104.25,0.38928,0.92784,0.20297,1,-58.5,1.2057,921.25,1
219,105.0,0.38928,0.92784,0.20297,1,-58.0,1.4726,920.75,1
220,105.75,0.38928,0.92784,0.20297,1,-60.0,5.2784,923.75,1
221,106.5,0.38928,0.92784,0.20297,1,-58.0,1.2011,921.25,1
222,107.0,0.38928,0.92784,0.20297,1,-58.5,2.0249,920.25,1
223,108.25,0.41273000000000004,0.9163600000000001,0.19157000000000002,1,-59.5,5.3459,923.75,1
224,109.0,0.41273000000000004,0.9163600000000001,0.19157000000000002,1,-59.0,6.2786,922.75,1
225,109.25,0.41273000000000004,0.9163600000000001,0.19157000000000002,3,-68.0,0.056757,920.25,1
226,110.0,0.41273000000000004,0.9163600000000001,0.19157000000000002,1,-58.5,1.5294,920.75,1
227,110.25,0.41273000000000004,0.9163600000000001,0.19157000000000002,1,-59.0,0.21783000000000002,922.25,1
228,111.0,0.41273000000000004,0.9163600000000001,0.19157000000000002,1,-59.0,0.67035,921.75,1
229,111.75,0.41273000000000004,0.9163600000000001,0.19157000000000002,1,-58.0,2.0755,920.25,1
230,112.75,0.37756,0.93932,0.16876,1,-59.0,0.27151,922.25,1
231,113.5,0.37756,0.93932,0.16876,1,-59.0,0.70563,921.75,1
232,114.0,0.37756,0.93932,0.16876,1,-58.5,1.2257,921.25,1
233,114.75,0.37756,0.93932,0.16876,1,-58.0,1.5524,920.75,1
234,115.75,0.37756,0.93932,0.16876,1,-58.0,0.85903,921.75,1
235,116.25,0.37756,0.93932,0.16876,3,-67.5,5.6328,922.75,1
236,117.0,0.37756,0.95081,0.16876,1,-58.0,4.7369,924.25,1
237,117.25,0.37756,0.95081,0.16876,1,-59.0,5.5622,923.25,1
238,118.0,0.37756,0.95081,0.16876,1,-60.0,5.2631,923.75,1
239,118.75,0.37756,0.95081,0.16876,1,-58.0,6.1451,922.75,1
240,119.0,0.37756,0.95081,0.16876,1,-58.0,5.0667,920.25,1
241,119.75,0.37756,0.95081,0.16876,1,-58.0,1.6276,920.75,1
242,121.25,0.31893,0.95081,0.15736,1,-58.5,1.2855,921.25,1
243,122.0,0.31893,0.95081,0.15736,1,-58.5,1.537,920.75,1
244,122.5,0.31893,0.95081,0.15736,1,-59.5,0.26691,922.25,1
245,123.5,0.31893,0.95081,0.15736,1,-59.5,6.1421,922.75,1
246,124.0,0.31893,0.95081,0.15736,1,-58.0,1.8975,920.25,1
247,124.5,0.31893,0.95081,0.15736,1,-58.0,1.4680000000000002,920.75,1
248,125.0,0.31893,0.95081,0.15736,1,-59.0,0.29146,922.25,1
249,126.0,0.31893,0.95081,0.15736,1,-59.5,6.1175,922.75,1
250,126.5,0.31893,0.95081,0.15736,1,-58.0,1.896,920.25,1
251,127.75,0.33066,0.96229,0.15736,1,-60.0,5.3275,923.75,1
252,128.5,0.33066,0.96229,0.15736,1,-59.0,6.0746,922.75,1
253,128.75,0.33066,0.96229,0.15736,1,-58.0,4.9578,920.25,1
254,129.5,0.33066,0.96229,0.15736,3,-68.5,6.0792,920.75,1
255,130.5,0.33066,0.96229,0.15736,1,-57.5,0.80687,921.75,1
256,130.75,0.33066,0.96229,0.15736,1,-58.0,6.2234,922.75,1
257,131.25,0.33066,0.96229,0.15736,1,-57.0,1.9911,920.25,1
258,132.0,0.38928,0.92784,0.14595999999999998,3,-69.0,6.1221,920.75,1
259,132.5,0.38928,0.92784,0.14595999999999998,1,-59.0,5.3367,923.75,1
260,133.25,0.38928,0.92784,0.14595999999999998,1,-58.5,6.254,922.75,1
261,133.5,0.38928,0.92784,0.14595999999999998,1,-57.5,1.2333,921.25,1
262,133.75,0.38928,0.92784,0.14595999999999998,1,-57.5,5.1803,920.25,1
263,136.75,0.43618999999999997,0.97377,0.19157000000000002,1,-59.5,6.1098,920.75,1
264,137.25,0.43618999999999997,0.97377,0.19157000000000002,3,-58.5,1.8530000000000002,922.25,1
265,138.0,0.40101,1.5939,-0.18473,1,-62.0,6.1283,922.75,1
266,138.25,0.40101,1.5939,-0.18473,3,-51.5,0.74245,921.25,1
267,138.5,0.65897,0.79004,0.066138,4,-61.5,0.98635,921.25,1
268,138.6,0.65897,0.79004,0.066138,1,-58.5,5.5852,920.25,1
269,138.75,0.65897,0.79004,0.066138,4,-63.5,0.9510700000000001,924.75,1
270,139.0,1.0928,0.36516,0.13455999999999999,4,-63.0,1.8577,920.75,1
271,139.25,1.0928,0.36516,0.13455999999999999,4,-63.0,6.0347,923.25,1
272,139.5,1.0928,0.36516,0.13455999999999999,4,-61.0,4.0466,922.25,1
273,140.25,1.0811,0.078086,0.10035,4,-60.5,4.6296,921.75,3
274,140.5,1.0811,0.078086,0.10035,4,-61.5,0.14573,922.75,3
275,140.75,0.9169299999999999,-0.082679,-0.025087,4,-61.0,5.2247,921.25,3
276,141.0,0.9169299999999999,-0.082679,-0.025087,4,-61.5,6.1605,920.25,3
277,141.25,0.9169299999999999,-0.082679,-0.025087,4,-65.0,4.493,924.75,3
278,141.5,0.9169299999999999,-0.082679,-0.025087,4,-65.0,1.5999,924.25,3
279,141.6,0.9169299999999999,-0.082679,-0.025087,4,-62.0,5.1956,920.75,3
280,141.75,1.1397,-0.082679,-0.0022806,3,-51.5,0.17027,923.25,3
281,142.0,1.1397,-0.082679,-0.0022806,4,-63.0,0.52462,922.25,3
282,142.75,1.0342,-0.048229,-0.059296,4,-62.0,4.1080000000000005,921.75,3
283,143.0,1.0342,-0.048229,-0.059296,4,-63.0,6.1957,922.75,3
284,143.1,1.0342,-0.048229,-0.059296,4,-62.0,4.5406,921.25,3
285,143.5,0.9169299999999999,0.0091865,-0.082102,3,-49.5,5.0008,920.25,3
286,143.6,0.9169299999999999,0.0091865,-0.082102,4,-65.5,1.1536,924.75,3
287,144.25,0.9990100000000001,0.0091865,-0.082102,4,-62.5,3.5128,922.25,3
288,144.5,0.9990100000000001,0.0091865,-0.082102,4,-66.0,0.73324,925.25,3
289,145.0,0.9403799999999999,0.020669999999999997,-0.082102,4,-62.5,4.0789,921.75,3
290,145.25,0.9403799999999999,0.020669999999999997,-0.082102,4,-66.0,0.38503000000000004,925.75,3
291,146.0,0.9990100000000001,0.020669999999999997,-0.070699,4,-64.5,4.3734,924.75,3
292,146.5,0.97555,0.0091865,-0.082102,4,-62.0,5.0821,920.75,3
293,147.0,1.2687,-0.14009000000000002,0.054735,4,-63.0,0.43258,922.25,3
294,147.5,1.1045,-0.036746,-0.025087,3,-50.5,0.8084100000000001,921.75,3
295,147.63,1.1045,-0.036746,-0.025087,4,-62.0,4.0589,921.75,3
296,147.75,1.1045,-0.036746,-0.025087,4,-66.0,0.3068,925.75,3
297,148.0,1.1045,-0.036746,-0.025087,4,-62.5,2.9897,922.75,3
298,148.25,0.96383,0.0091865,-0.082102,3,-49.5,4.8949,920.25,3
299,148.75,1.339,-0.16305999999999998,0.077541,3,-50.0,4.5713,920.75,3
300,149.0,0.9052,-0.0022965999999999998,-0.082102,4,-61.5,5.0207,920.75,3
301,149.25,0.9052,-0.0022965999999999998,-0.09350499999999999,3,-50.5,0.51695,922.25,3
302,149.33,0.9052,-0.0022965999999999998,-0.09350499999999999,4,-62.0,3.5558,922.25,3
303,149.75,1.0107,0.0091865,-0.070699,3,-50.0,0.82375,921.75,3
304,149.85,1.0107,0.0091865,-0.070699,4,-62.0,4.062,921.75,3
305,150.25,1.2101,-0.10565,0.020525,4,-62.5,6.1773,922.75,3
306,150.5,1.2101,-0.10565,0.020525,3,-50.0,4.243,921.25,3
307,150.58,1.2101,-0.10565,0.020525,4,-61.5,4.5743,921.25,3
308,150.75,1.1397,-0.059712,-0.013684,4,-65.0,1.195,924.75,3
309,151.0,1.1397,-0.059712,-0.013684,4,-64.0,1.6429,924.25,3
310,151.5,1.1983,-0.094162,0.031928,3,-51.0,0.46786000000000005,922.25,3
311,151.75,0.92865,0.0091865,-0.082102,3,-51.0,0.46786000000000005,922.25,3
312,152.0,0.9872799999999999,-0.0022965999999999998,-0.082102,4,-63.5,5.2125,923.75,3
313,152.25,0.9872799999999999,-0.0022965999999999998,-0.082102,3,-50.5,3.9101,921.75,3
314,152.5,1.2335,-0.11713,0.054735,4,-66.0,0.37276,925.75,3
315,152.75,1.2335,-0.11713,0.054735,4,-62.5,6.1804,922.75,3
316,153.0,1.2335,-0.11713,0.054735,4,-61.5,4.5651,921.25,3
317,154.25,1.1866,-0.094162,0.020525,3,-51.0,3.5864,922.25,3
318,154.35,1.1866,-0.094162,0.020525,4,-62.5,0.39576999999999996,922.25,3
319,154.75,0.92865,-0.01378,-0.10490999999999999,4,-63.5,2.0387,923.75,3
320,154.83,0.92865,-0.01378,-0.10490999999999999,3,-50.5,0.78386,921.75,3
321,154.9,0.92865,-0.01378,-0.10490999999999999,4,-62.0,4.0589,921.75,3
322,155.25,0.92865,-0.01378,-0.10490999999999999,4,-63.0,6.185,922.75,3
323,155.5,0.9990100000000001,0.0091865,-0.082102,4,-62.0,4.559,921.25,3
324,155.58,0.9990100000000001,0.0091865,-0.082102,3,-49.5,4.8612,920.25,3
325,155.63,0.9990100000000001,0.0091865,-0.082102,4,-62.0,5.5346,920.25,3
326,156.25,1.1749,-0.094162,0.0091224,3,-50.0,4.5114,920.75,3
327,156.5,1.1045,-0.048229,-0.0022806,4,-63.0,3.5205,922.25,3
328,156.75,1.1045,-0.048229,-0.0022806,4,-65.5,3.8672,925.25,3
329,157.0,0.9521,0.020669999999999997,-0.070699,4,-62.5,4.0267,921.75,3
330,157.5,0.9990100000000001,0.0091865,-0.070699,4,-62.5,6.0899,922.75,3
331,158.0,0.96383,0.0091865,-0.070699,4,-62.0,4.4884,921.25,3
332,158.25,1.0107,-0.0022965999999999998,-0.070699,4,-64.5,4.2875,924.75,3
333,158.75,1.0694,-0.036746,-0.047893,4,-61.5,5.0023,920.75,3
334,158.85,1.0694,-0.036746,-0.047893,4,-63.0,5.645,923.25,3
335,159.5,1.1749,-0.094162,0.0091224,4,-63.5,2.0433,923.75,3
336,160.0,1.2804,-0.12861,0.066138,4,-66.0,0.34360999999999997,925.75,3
337,160.25,1.2804,-0.12861,0.066138,4,-63.0,6.1651,922.75,3
338,160.35,1.2804,-0.12861,0.066138,3,-50.5,4.2338,921.25,3
339,160.5,0.9169299999999999,-0.0022965999999999998,-0.10490999999999999,3,-50.0,4.8458,920.25,3
340,160.6,0.9169299999999999,-0.0022965999999999998,-0.10490999999999999,3,-50.0,4.8581,920.25,3
341,160.65,0.9052,-0.01378,-0.11631,4,-64.5,1.175,924.75,3
342,161.0,1.3273,-0.15158,0.077541,4,-61.5,5.0253,920.75,3
343,161.25,1.3273,-0.15158,0.077541,4,-63.0,2.5096,923.25,3
344,162.0,1.1749,-0.082679,0.020525,4,-62.5,4.0313,921.75,3
345,162.5,0.9169299999999999,0.0091865,-0.082102,4,-62.5,3.0051,922.75,3
346,162.6,0.9169299999999999,0.0091865,-0.082102,4,-62.0,4.5544,921.25,3
347,162.75,0.9052,-0.0022965999999999998,-0.10490999999999999,4,-62.0,5.5315,920.25,3
348,163.0,0.9052,-0.0022965999999999998,-0.10490999999999999,4,-62.0,5.4886,920.25,3
349,163.5,1.2570000000000001,-0.12861,0.054735,3,-50.0,4.5360000000000005,920.75,3
350,163.75,1.2452,-0.10565,0.054735,4,-63.0,2.4528,923.25,3
351,164.0,1.2452,-0.10565,0.054735,4,-62.5,0.31446999999999997,922.25,3
352,164.1,1.2452,-0.10565,0.054735,4,-66.0,3.8319,925.25,3
353,164.5,0.96383,-0.0022965999999999998,-0.070699,4,-62.0,4.042,921.75,3
354,165.0,1.1397,-0.094162,0.0091224,3,-50.0,4.2277,921.25,3
355,165.25,0.92865,0.0091865,-0.082102,3,-50.0,4.223,921.25,3
356,165.35,0.92865,0.0091865,-0.082102,4,-61.5,4.5682,921.25,3
357,165.38,0.92865,0.0091865,-0.082102,4,-62.0,5.5515,920.25,3
358,165.75,1.3156,-0.15158,0.077541,3,-52.5,5.5852,924.25,3
359,165.85,1.3156,-0.15158,0.077541,4,-61.5,5.0161,920.75,3
360,166.0,0.97555,0.0091865,-0.082102,4,-61.5,4.9793,920.75,3
361,166.25,0.97555,0.0091865,-0.082102,4,-63.0,2.4237,923.25,3
362,166.5,0.97555,0.0091865,-0.082102,3,-50.5,0.45406,922.25,3
363,166.75,1.0342,-0.01378,-0.059296,4,-63.0,1.9712,923.75,3
364,167.0,1.0694,-0.025263,-0.036489999999999995,4,-62.0,3.9761,921.75,3
365,167.25,1.0694,-0.025263,-0.036489999999999995,4,-63.0,6.0684,922.75,3
366,167.5,1.0694,-0.025263,-0.036489999999999995,4,-62.0,4.4547,921.25,3
367,168.0,1.1514,-0.082679,0.0091224,4,-64.5,1.1213,924.75,3
368,168.25,1.1514,-0.082679,0.0091224,4,-64.0,1.5846,924.25,3
369,168.5,1.1514,-0.082679,0.0091224,4,-62.0,5.0514,920.75,3
370,169.0,1.0694,-0.048229,-0.047893,4,-65.5,3.7782,925.25,3
371,169.25,0.9521,0.0091865,-0.082102,4,-62.5,4.0144,921.75,3
372,169.75,1.0107,-0.0022965999999999998,-0.070699,4,-62.5,2.9867,922.75,3
373,170.0,1.0107,-0.0022965999999999998,-0.070699,3,-50.0,4.243,921.25,3
374,170.1,1.0107,-0.0022965999999999998,-0.070699,4,-62.0,4.5007,921.25,3
375,170.5,1.0342,-0.0022965999999999998,-0.059296,4,-64.0,4.2184,924.75,3
376,170.75,1.0342,-0.0022965999999999998,-0.059296,4,-63.5,1.5432,924.25,3
377,170.85,1.0342,-0.0022965999999999998,-0.059296,3,-50.0,4.516,920.75,3
378,171.0,0.9872799999999999,0.0091865,-0.082102,3,-51.5,6.0991,923.25,3
379,171.25,0.92865,0.0091865,-0.082102,3,-50.5,0.44332,922.25,3
380,171.5,0.9052,-0.01378,-0.10490999999999999,4,-63.5,5.0913,923.75,3
381,171.75,0.9052,-0.01378,-0.10490999999999999,4,-62.0,3.9884,921.75,3
382,172.0,0.9052,-0.01378,-0.10490999999999999,4,-66.5,0.24544000000000002,925.75,3
383,172.25,0.9169299999999999,0.0091865,-0.082102,3,-50.5,4.2184,921.25,3
384,172.5,1.2687,-0.15158,0.043332,3,-50.0,4.8535,920.25,3
385,172.75,0.9169299999999999,-0.0022965999999999998,-0.10490999999999999,4,-61.5,5.5009,920.25,3
386,173.0,0.9169299999999999,-0.0022965999999999998,-0.10490999999999999,4,-63.5,4.7109,924.25,3
387,173.25,0.9169299999999999,-0.0022965999999999998,-0.10490999999999999,3,-50.0,4.5437,920.75,3
388,173.35,1.128,-0.07119600000000001,-0.013684,4,-61.5,5.0084,920.75,3
389,173.5,1.128,-0.07119600000000001,-0.013684,4,-63.0,5.5653,923.25,3
390,173.75,1.128,-0.07119600000000001,-0.013684,4,-62.5,0.30985999999999997,922.25,3
391,174.0,1.128,-0.07119600000000001,-0.013684,4,-63.5,5.099,923.75,3
392,174.25,1.128,-0.07119600000000001,-0.013684,4,-61.5,3.9884,921.75,3
393,174.5,1.0576,-0.036746,-0.036489999999999995,3,-51.0,0.12272000000000001,922.75,3
394,174.75,1.0576,-0.036746,-0.036489999999999995,3,-51.0,0.12272000000000001,922.75,3
395,174.85,1.2335,-0.10565,0.054735,3,-50.0,4.22,921.25,3
396,174.88,1.2335,-0.10565,0.054735,4,-61.5,4.4746,921.25,3
397,175.0,1.2335,-0.10565,0.054735,4,-61.5,5.4426,920.25,3
398,175.5,1.3859,-0.16305999999999998,0.08894400000000001,3,-52.0,5.5499,924.25,3
399,175.63,1.3859,-0.16305999999999998,0.08894400000000001,4,-64.0,1.4788,924.25,3
400,175.75,1.3859,-0.16305999999999998,0.08894400000000001,3,-50.0,4.5329,920.75,3
401,176.5,1.2570000000000001,-0.12861,0.043332,4,-63.0,1.9604,923.75,3
402,176.75,1.2570000000000001,-0.12861,0.043332,3,-50.0,3.8825,921.75,3
403,176.85,1.2570000000000001,-0.12861,0.043332,4,-61.5,4.0114,921.75,3
404,177.0,1.0225,-0.0022965999999999998,-0.070699,3,-51.5,3.272,922.75,3
405,177.1,1.0225,-0.0022965999999999998,-0.070699,4,-63.0,6.0715,922.75,3
406,177.5,1.0225,-0.0022965999999999998,-0.059296,4,-62.0,5.4886,920.25,3
407,178.0,1.0576,-0.01378,-0.047893,4,-64.0,1.5524,924.25,3
408,178.25,0.9169299999999999,-0.0022965999999999998,-0.09350499999999999,4,-61.5,5.0713,920.75,3
409,178.35,0.9169299999999999,-0.0022965999999999998,-0.09350499999999999,3,-51.5,6.1267,923.25,3
410,178.38,0.9169299999999999,-0.0022965999999999998,-0.09350499999999999,4,-62.5,2.4973,923.25,3
411,178.5,0.9052,0.0091865,-0.09350499999999999,3,-50.5,0.46173000000000003,922.25,3
412,178.6,0.9052,0.0091865,-0.09350499999999999,4,-61.5,3.5128,922.25,3
413,179.0,0.9521,-0.0022965999999999998,-0.082102,4,-62.0,0.83449,921.75,3
414,179.5,1.0342,0.0091865,-0.059296,3,-51.5,0.09510700000000001,922.75,3
415,179.6,1.0342,0.0091865,-0.059296,4,-62.5,6.047000000000001,922.75,3
416,179.75,0.9169299999999999,-0.0022965999999999998,-0.10490999999999999,4,-61.5,4.467,921.25,3
417,179.88,0.9169299999999999,-0.0022965999999999998,-0.10490999999999999,4,-61.5,5.4533,920.25,3
418,180.0,0.9169299999999999,-0.0022965999999999998,-0.10490999999999999,4,-61.5,5.4993,920.25,3
419,180.5,1.0928,-0.036746,-0.013684,3,-50.0,4.5329,920.75,3
420,181.0,1.2335,-0.11713,0.043332,4,-62.5,3.5005,922.25,3
421,181.5,1.0107,0.0091865,-0.059296,4,-62.0,4.0068,921.75,3
422,181.75,1.0107,0.0091865,-0.059296,4,-62.5,6.0807,922.75,3
423,182.0,1.0107,0.0091865,-0.059296,4,-61.5,1.3637,921.25,3
424,182.25,1.0107,0.0091865,-0.059296,4,-61.5,4.4823,921.25,3
425,182.5,0.96383,-0.0022965999999999998,-0.070699,4,-65.0,4.1832,924.75,3
426,182.75,0.96383,-0.0022965999999999998,-0.070699,4,-64.0,1.5018,924.25,3
427,183.0,0.96383,-0.0022965999999999998,-0.070699,3,-50.0,4.5406,920.75,3
428,183.25,1.0928,-0.059712,-0.025087,4,-62.5,2.4314,923.25,3
429,183.5,0.9169299999999999,-0.0022965999999999998,-0.082102,4,-66.0,3.7736,925.25,3
430,184.0,1.0107,-0.01378,-0.070699,4,-62.0,4.0022,921.75,3
431,185.0,1.0928,-0.059712,-0.013684,4,-65.0,4.2645,924.75,3
432,185.75,0.9169299999999999,-0.01378,-0.082102,3,-50.5,0.43105,922.25,3
433,185.85,0.9169299999999999,-0.01378,-0.082102,4,-62.0,3.5251,922.25,3
434,186.5,1.3742,-0.17454,0.077541,4,-61.5,4.0236,921.75,3
435,186.6,1.3742,-0.17454,0.077541,4,-66.0,3.3686,925.75,3
436,186.75,1.3742,-0.17454,0.077541,4,-62.5,6.1037,922.75,3
437,187.0,1.3742,-0.17454,0.077541,4,-61.5,4.5467,921.25,3
438,187.5,0.9521,-0.01378,-0.082102,4,-64.0,1.5524,924.25,3
439,187.75,0.9521,-0.01378,-0.082102,4,-61.5,1.939,920.75,3
440,188.0,0.9521,-0.01378,-0.082102,4,-62.5,5.6282,923.25,3
441,188.25,1.1749,-0.10565,0.020525,4,-62.5,0.40037,922.25,3
442,188.75,1.0225,0.0091865,-0.070699,4,-63.5,5.1649,923.75,3
443,189.0,1.0225,0.0091865,-0.070699,4,-62.5,4.0681,921.75,3
444,189.25,1.0225,0.0091865,-0.070699,4,-63.0,6.1436,922.75,3
445,189.5,1.2218,-0.094162,0.043332,3,-50.0,4.1847,921.25,3
446,189.75,1.1983,-0.082679,0.0091224,3,-49.5,4.8121,920.25,3
447,190.0,1.2452,-0.12861,0.054735,4,-63.5,4.6832,924.25,3
448,190.5,0.9872799999999999,0.0091865,-0.070699,4,-63.0,2.4605,923.25,3
449,190.75,0.92865,0.0091865,-0.082102,4,-62.5,0.32981,922.25,3
450,191.25,0.97555,-0.01378,-0.082102,4,-62.0,0.87744,921.75,3
451,191.75,0.97555,-0.01378,-0.082102,3,-51.0,0.12272000000000001,922.75,3
452,191.85,0.97555,-0.01378,-0.082102,3,-51.5,0.10430999999999999,922.75,3
453,191.88,0.9169299999999999,-0.0022965999999999998,-0.09350499999999999,4,-61.5,4.5406,921.25,3
454,192.25,0.92865,-0.0022965999999999998,-0.10490999999999999,4,-62.0,5.53,920.25,3
455,192.75,0.9990100000000001,-0.01378,-0.070699,4,-62.0,5.0376,920.75,3
456,193.25,1.0694,-0.048229,-0.025087,4,-65.5,3.8518,925.25,3
457,193.75,1.1632,-0.07119600000000001,-0.0022806,4,-62.0,4.039,921.75,3
458,194.25,1.1632,-0.094162,0.031928,4,-62.5,6.0945,922.75,3
459,194.5,0.9521,-0.0022965999999999998,-0.082102,3,-50.0,4.8228,920.25,3
460,194.75,1.2218,-0.10565,0.043332,4,-65.0,1.1045,924.75,3
461,195.5,0.9872799999999999,-0.0022965999999999998,-0.070699,4,-63.0,2.4712,923.25,3
462,196.0,1.0107,0.0091865,-0.070699,4,-63.5,1.9988,923.75,3
463,196.25,1.0107,0.0091865,-0.070699,4,-62.0,0.90045,921.75,3
464,196.35,1.0107,0.0091865,-0.070699,4,-66.5,0.27458,925.75,3
465,197.0,0.9521,-0.01378,-0.082102,4,-65.0,1.1167,924.75,3
466,198.0,0.92865,-0.0022965999999999998,-0.09350499999999999,4,-62.5,3.4821,922.25,3
467,198.25,1.1045,-0.048229,-0.013684,3,-51.5,0.65961,923.75,3
468,198.5,1.1045,-0.048229,-0.013684,4,-64.5,2.0402,923.75,3
469,198.6,1.1045,-0.048229,-0.013684,3,-51.5,0.39116999999999996,921.75,3
470,199.0,0.88175,0.56038,0.49945,4,-69.0,1.6475,921.25,1
471,199.25,0.88175,0.56038,0.49945,3,-52.0,5.9426,920.25,1
472,199.5,0.88175,0.56038,0.49945,1,-58.5,0.47707,920.25,1
473,200.25,0.51826,0.8704200000000001,0.18017,3,-53.5,1.0063,923.25,1
474,200.75,0.74105,0.82449,0.3056,3,-59.0,6.1957,923.75,1
475,201.25,0.74105,0.82449,0.3056,3,-64.0,1.0999,925.75,1
476,202.25,0.74105,0.82449,0.3056,1,-59.5,1.557,924.25,1
477,203.5,-0.079733,0.95081,0.043332,3,-67.0,1.175,921.75,1
478,204.0,-0.079733,0.95081,0.043332,1,-57.5,1.9512,922.75,1
479,204.08,-0.079733,0.95081,0.043332,4,-57.5,4.9532,921.25,1
480,204.25,0.28376,0.97377,0.13455999999999999,4,-57.0,5.731,920.25,1
481,204.5,0.28376,0.97377,0.13455999999999999,1,-58.5,0.43105,924.75,1
482,204.75,0.28376,0.97377,0.13455999999999999,1,-58.0,0.91732,924.25,1
483,205.0,0.28376,0.97377,0.13455999999999999,4,-57.0,5.2355,920.75,1
484,205.1,0.28376,0.97377,0.13455999999999999,4,-58.0,6.1804,923.25,1
485,205.25,0.28376,0.97377,0.13455999999999999,4,-58.5,0.049087,923.25,1
486,205.75,0.18995,1.0197,0.0091224,1,-58.5,1.942,923.75,1
487,205.83,0.18995,1.0197,0.0091224,1,-58.0,0.5614399999999999,921.75,1
488,206.0,0.18995,1.0197,0.0091224,1,-61.0,0.29759,925.75,1
489,206.25,0.18995,1.0197,0.0091224,3,-62.0,5.4656,922.75,1
490,206.5,0.18995,1.0197,0.0091224,1,-58.5,0.90505,921.25,1
491,206.75,0.18995,1.0197,0.0091224,4,-60.5,5.3306,924.75,1
492,207.25,0.18995,1.0197,0.0091224,4,-58.0,5.7908,920.75,1
493,207.75,0.15478,0.99674,0.043332,1,-58.5,0.28685,922.25,1
494,208.0,0.15478,0.99674,0.043332,1,-59.0,2.2181,923.75,1
495,208.25,0.15478,0.99674,0.043332,4,-57.5,2.0341,921.75,1
496,208.5,0.15478,0.99674,0.043332,4,-60.0,4.7937,925.75,1
497,208.75,0.15478,0.99674,0.043332,1,-59.5,0.19021,922.75,1
498,209.0,0.15478,0.99674,0.043332,3,-61.0,3.387,921.25,1
499,209.75,0.30721,0.93932,0.12315,4,-58.0,6.1497,920.75,1
500,210.0,0.30721,0.93932,0.12315,4,-58.5,0.7531800000000001,923.25,1
501,210.25,0.30721,0.93932,0.12315,1,-59.5,0.52769,922.25,1
502,210.5,0.30721,0.93932,0.12315,1,-60.0,5.484,923.75,1
503,210.75,0.30721,0.93932,0.12315,1,-59.0,3.9638,921.75,1
504,211.25,0.30721,0.93932,0.12315,4,-58.5,1.0201,922.75,1
505,211.75,0.20168,0.99674,0.077541,1,-58.5,5.1465,920.25,1
506,212.0,0.20168,0.99674,0.077541,1,-60.0,1.9021,924.25,1
507,212.25,0.20168,0.99674,0.077541,1,-58.5,1.6858,920.75,1
508,212.5,0.20168,0.99674,0.077541,3,-60.5,2.0049,923.25,1
509,212.75,0.20168,0.99674,0.077541,1,-59.0,0.59825,922.25,1
510,213.0,0.20168,0.99674,0.077541,1,-59.5,5.5591,923.75,1
511,213.5,0.23685,0.97377,0.08894400000000001,1,-59.5,6.254,922.75,1
512,213.75,0.23685,0.97377,0.08894400000000001,4,-58.0,5.4732,921.25,1
513,214.0,0.23685,0.97377,0.08894400000000001,1,-58.0,5.0345,920.25,1
514,214.25,0.23685,0.97377,0.08894400000000001,1,-61.5,1.33,924.75,1
515,214.75,0.23685,0.97377,0.08894400000000001,1,-58.5,4.5667,920.75,1
516,215.0,0.23685,0.97377,0.08894400000000001,4,-59.5,0.42183999999999994,923.25,1
517,215.1,0.23685,0.97377,0.08894400000000001,1,-59.5,0.20861999999999997,922.25,1
518,215.75,0.18995,0.99674,0.066138,4,-60.0,4.6633,925.75,1
519,216.0,0.18995,0.99674,0.066138,4,-58.5,1.1213,922.75,1
520,216.25,0.18995,0.99674,0.066138,1,-58.5,4.4286,921.25,1
521,216.5,0.18995,0.99674,0.066138,1,-58.0,5.2401,920.25,1
522,216.75,0.18995,0.99674,0.066138,1,-60.5,1.8975,924.25,1
523,217.5,0.20168,0.98526,0.054735,4,-58.0,1.4404,922.25,1
524,217.75,0.20168,0.98526,0.054735,4,-59.0,6.2586,923.75,1
525,218.0,0.20168,0.98526,0.054735,1,-59.0,0.59825,921.75,1
526,218.5,0.20168,0.98526,0.054735,1,-59.5,5.9887,922.75,1
527,218.75,0.20168,0.98526,0.054735,3,-61.0,6.0868,921.25,1
528,219.0,0.20168,0.98526,0.054735,4,-58.0,6.2617,920.25,1
529,219.1,0.20168,0.98526,0.054735,1,-61.0,1.2824,924.75,1
530,219.75,0.2603,0.98526,0.08894400000000001,1,-59.5,5.8368,923.25,1
531,220.0,0.2603,0.98526,0.08894400000000001,1,-59.0,0.44332,922.25,1
532,220.25,0.2603,0.98526,0.08894400000000001,4,-59.0,0.053689,923.75,1
533,220.5,0.2603,0.98526,0.08894400000000001,3,-60.5,6.0424,921.75,1
534,221.0,0.2603,0.98526,0.08894400000000001,4,-58.5,0.84983,922.75,1
535,221.1,0.2603,0.98526,0.08894400000000001,4,-57.5,5.3122,921.25,1
536,221.25,0.2603,0.98526,0.08894400000000001,1,-58.0,4.941,920.25,1
537,221.5,0.2603,0.98526,0.08894400000000001,4,-60.0,5.2829999999999995,924.75,1
538,222.0,0.13132,1.0197,0.031928,4,-58.0,5.7264,920.75,1
539,222.25,0.13132,1.0197,0.031928,1,-59.5,5.553,923.25,1
540,222.5,0.13132,1.0197,0.031928,4,-59.5,4.8474,925.25,1
541,222.75,0.13132,1.0197,0.031928,1,-60.0,2.1062,923.75,1
542,223.0,0.13132,1.0197,0.031928,1,-58.5,0.7133,921.75,1
543,223.25,0.13132,1.0197,0.031928,1,-59.5,6.2157,922.75,1
544,223.5,0.13132,1.0197,0.031928,1,-58.5,4.3105,921.25,1
545,223.75,0.13132,1.0197,0.031928,1,-58.0,5.0729,920.25,1
546,224.0,0.13132,1.0197,0.031928,4,-59.5,5.3383,924.75,1
547,224.5,0.23685,0.96229,0.10035,4,-57.0,5.8015,920.75,1
548,224.6,0.23685,0.96229,0.10035,1,-58.5,5.6067,923.25,1
549,224.75,0.23685,0.96229,0.10035,3,-58.5,5.4963,922.25,1
550,225.0,0.23685,0.96229,0.10035,1,-60.5,0.9587399999999999,925.25,1
551,225.25,0.23685,0.96229,0.10035,1,-59.0,2.0847,923.75,1
552,225.35,0.23685,0.96229,0.10035,3,-59.0,5.6389,921.75,1
553,226.0,0.23685,0.96229,0.08894400000000001,1,-58.5,4.47,921.25,1
554,226.25,0.23685,0.96229,0.08894400000000001,4,-57.0,0.27305,920.25,1
555,226.5,0.23685,0.96229,0.08894400000000001,4,-58.5,5.5009,924.75,1
556,226.75,0.23685,0.96229,0.08894400000000001,4,-58.5,5.957999999999999,924.25,1
557,226.85,0.23685,0.96229,0.08894400000000001,4,-57.5,6.0408,920.75,1
558,227.25,0.28376,0.97377,0.11175,3,-59.0,2.5096,922.25,1
559,227.5,0.28376,0.97377,0.11175,1,-62.0,1.0784,925.25,1
560,227.75,0.28376,0.97377,0.11175,1,-58.5,4.0298,921.75,1
561,228.25,0.28376,0.97377,0.11175,4,-58.0,4.2507,922.75,1
562,228.5,0.2134,1.0082,0.066138,3,-59.5,0.4786,920.25,1
563,228.75,0.2134,1.0082,0.066138,1,-58.0,5.2447,920.25,1
564,229.0,0.2134,1.0082,0.066138,1,-60.0,1.8776,924.25,1
565,229.25,0.2134,1.0082,0.066138,1,-57.5,4.806,920.75,1
566,229.5,0.2134,1.0082,0.066138,4,-58.5,0.43412,923.25,1
567,229.63,0.2134,1.0082,0.066138,3,-59.0,2.3501,922.25,1
568,229.75,0.2134,1.0082,0.066138,1,-60.5,0.90505,925.25,1
569,230.5,0.20168,1.0082,0.077541,1,-62.0,0.43105,925.75,1
570,230.75,0.20168,1.0082,0.077541,3,-59.0,1.9865,922.75,1
571,230.88,0.20168,1.0082,0.077541,1,-58.0,4.4025,921.25,1
572,231.0,0.20168,1.0082,0.077541,3,-59.5,0.42951000000000006,920.25,1
573,231.25,0.20168,1.0082,0.077541,4,-59.0,5.5699,924.75,1
574,231.5,0.20168,1.0082,0.077541,1,-60.0,1.8239,924.25,1
575,231.75,0.20168,1.0082,0.077541,3,-59.5,0.12885,920.75,1
576,232.0,0.20168,1.0082,0.077541,4,-58.0,0.61206,923.25,1
577,232.25,0.20168,1.0082,0.077541,4,-59.5,5.1266,925.25,1
578,232.5,0.20168,1.0082,0.077541,4,-58.5,0.21629,923.75,1
579,232.75,0.20168,1.0082,0.077541,4,-57.5,5.3413,921.75,1
580,233.0,0.20168,1.0082,0.077541,4,-57.5,1.5969,922.75,1
581,233.25,0.20168,1.0082,0.077541,3,-61.0,5.8675,921.25,1
582,233.75,0.20168,1.0082,0.16876,4,-58.5,6.0715,924.75,1
583,234.0,0.20168,1.0082,0.16876,1,-59.5,2.1491,924.25,1
584,234.25,0.20168,1.0082,0.16876,4,-57.5,0.39884000000000003,920.75,1
585,234.33,0.20168,1.0082,0.16876,4,-57.5,1.1582,923.25,1
586,234.5,0.20168,1.0082,0.16876,4,-57.5,5.1941,922.25,1
587,234.75,0.20168,1.0082,0.16876,4,-58.0,0.6856899999999999,923.75,1
588,235.5,0.18995,0.99674,0.16876,4,-57.5,1.6122,922.75,1
589,235.58,0.18995,0.99674,0.16876,1,-59.0,0.22703,922.75,1
590,235.75,0.18995,0.99674,0.16876,4,-57.5,6.1221,921.25,1
591,236.0,0.18995,0.99674,0.16876,1,-58.5,5.438,920.25,1
592,236.25,0.18995,0.99674,0.16876,1,-60.5,1.6429,924.75,1
593,236.5,0.18995,0.99674,0.16876,4,-57.5,0.37736,920.75,1
594,237.0,0.31893,0.93932,0.22578,1,-59.0,3.7306,922.25,1
595,237.25,0.31893,0.93932,0.22578,4,-59.0,5.5729999999999995,925.25,1
596,237.5,0.31893,0.93932,0.22578,1,-59.5,5.6312,923.75,1
597,237.6,0.31893,0.93932,0.22578,1,-58.5,1.1121,921.75,1
598,238.0,0.31893,0.93932,0.22578,1,-59.5,0.21629,922.75,1
599,238.1,0.31893,0.93932,0.22578,3,-60.0,5.7724,921.25,1
600,238.25,0.31893,0.93932,0.22578,1,-58.5,5.4104,920.25,1
601,238.75,0.2603,0.99674,0.18017,1,-60.0,2.1092,924.25,1
602,239.0,0.2603,0.99674,0.18017,1,-58.0,5.1097,920.75,1
603,239.25,0.2603,0.99674,0.18017,3,-59.5,1.5846,923.25,1
604,239.5,0.2603,0.99674,0.18017,4,-57.5,5.2968,922.25,1
605,239.75,0.2603,0.99674,0.18017,4,-58.0,0.80687,923.75,1
606,240.0,0.2603,0.99674,0.18017,4,-57.5,5.7187,921.75,1
607,240.35,0.2603,0.99674,0.18017,4,-57.5,5.6865,921.75,1
608,240.4,0.2603,0.99674,0.18017,4,-57.5,4.7645,922.75,1
609,240.75,0.20168,1.0197,0.18017,4,-57.0,4.3519,920.25,1
610,241.0,0.20168,1.0197,0.18017,3,-61.5,1.6091,924.75,1
611,241.25,0.20168,1.0197,0.18017,4,-57.5,6.2694,924.25,1
612,241.75,0.38928,0.9163600000000001,0.15736,4,-57.0,4.7615,922.25,1
613,242.0,0.38928,0.9163600000000001,0.15736,1,-57.0,4.5437,922.25,1
614,242.25,0.38928,0.9163600000000001,0.15736,3,-61.0,4.8903,923.75,1
615,242.5,0.38928,0.9163600000000001,0.15736,3,-61.5,6.0331,921.75,1
616,243.0,0.24858000000000002,0.95081,0.12315,1,-57.5,5.3214,921.25,1
617,243.25,0.24858000000000002,0.95081,0.12315,4,-57.5,0.7087,920.25,1
618,243.38,0.24858000000000002,0.95081,0.12315,1,-58.0,6.0546,920.25,1
619,243.5,0.24858000000000002,0.95081,0.12315,1,-59.5,2.1322,924.75,1
620,243.75,0.24858000000000002,0.95081,0.12315,1,-57.5,5.5162,920.75,1
621,244.0,0.24858000000000002,0.95081,0.12315,4,-58.0,0.81915,923.25,1
622,244.25,0.24858000000000002,0.95081,0.12315,1,-58.0,4.2783,922.25,1
623,244.75,0.40101,0.92784,0.19157000000000002,4,-58.0,0.36662,923.75,1
624,245.0,0.40101,0.92784,0.19157000000000002,4,-57.0,5.4211,921.75,1
625,245.1,0.40101,0.92784,0.19157000000000002,1,-61.0,1.4297,925.75,1
626,245.5,0.40101,0.92784,0.19157000000000002,1,-57.5,5.1618,921.25,1
627,245.75,0.40101,0.92784,0.19157000000000002,1,-58.0,5.9902,920.25,1
628,246.25,0.52999,0.8819100000000001,0.22578,4,-57.5,0.092039,920.75,1
629,246.5,0.52999,0.8819100000000001,0.22578,4,-57.5,0.8621,923.25,1
630,246.6,0.52999,0.8819100000000001,0.22578,4,-58.0,0.8851100000000001,923.25,1
631,246.75,0.52999,0.8819100000000001,0.22578,1,-58.5,4.1648,922.25,1
632,247.0,0.52999,0.8819100000000001,0.22578,1,-59.5,6.0178,923.75,1
633,247.25,0.52999,0.8819100000000001,0.22578,4,-57.5,2.2258,921.75,1
634,247.75,0.40101,0.9048700000000001,0.19157000000000002,3,-61.0,6.0562,921.25,1
635,248.25,0.40101,0.9048700000000001,0.19157000000000002,4,-58.5,6.0976,920.25,1
636,248.5,0.40101,0.9048700000000001,0.19157000000000002,1,-60.5,5.2401,924.25,1
637,248.75,0.40101,0.9048700000000001,0.19157000000000002,1,-60.5,6.0331,923.25,1
638,249.75,0.42446000000000006,0.9048700000000001,0.13455999999999999,1,-59.5,4.2246,921.75,1
639,250.25,0.42446000000000006,0.9048700000000001,0.13455999999999999,1,-60.0,0.16567,922.75,1
640,250.5,0.42446000000000006,0.9048700000000001,0.13455999999999999,3,-64.0,0.34515,920.25,1
641,251.25,0.42446000000000006,0.9048700000000001,0.13455999999999999,3,-65.0,6.0914,920.75,1
642,252.75,0.52999,0.89339,0.18017,1,-60.0,4.6955,921.25,1
643,253.5,0.52999,0.89339,0.18017,1,-59.5,5.0637,920.75,1
644,254.0,0.52999,0.89339,0.18017,1,-60.5,0.61052,922.25,1
645,254.5,0.52999,0.89339,0.18017,3,-63.0,5.5822,921.75,1
646,255.0,0.52999,0.89339,0.18017,4,-59.5,0.9510700000000001,922.75,1
647,255.5,0.52999,0.89339,0.18017,1,-59.0,5.2984,920.25,1
648,256.0,0.52999,0.89339,0.18017,1,-59.0,4.8597,920.75,1
649,256.75,0.36583000000000004,0.95081,0.12315,4,-60.0,6.1605,923.75,1
650,257.0,0.36583000000000004,0.95081,0.12315,1,-60.0,4.0528,921.75,1
651,257.5,0.36583000000000004,0.95081,0.12315,1,-59.5,4.5053,921.25,1
652,258.0,0.36583000000000004,0.95081,0.12315,3,-63.0,0.059825,920.25,1
653,258.5,0.36583000000000004,0.95081,0.12315,1,-59.0,5.0391,920.75,1
654,258.75,0.36583000000000004,0.95081,0.12315,4,-59.0,1.4956,922.25,1
655,259.25,0.36583000000000004,0.95081,0.12315,4,-60.0,0.06289299999999999,923.75,1
656,259.75,0.36583000000000004,0.95081,0.12315,1,-63.0,0.89738,925.75,1
657,260.0,0.36583000000000004,0.95081,0.12315,1,-58.5,4.5437,921.25,1
658,260.75,0.31893,0.93932,0.08894400000000001,3,-61.5,1.2072,924.25,1
659,261.0,0.31893,0.93932,0.08894400000000001,1,-58.0,4.8796,920.75,1
660,261.25,0.31893,0.93932,0.08894400000000001,4,-59.0,1.2441,922.25,1
661,261.5,0.31893,0.93932,0.08894400000000001,4,-60.5,4.7845,925.25,1
662,261.75,0.31893,0.93932,0.08894400000000001,1,-58.5,4.0175,921.75,1
663,262.25,0.31893,0.93932,0.08894400000000001,4,-59.5,0.71023,922.75,1
664,262.5,0.31893,0.93932,0.08894400000000001,1,-58.0,4.3718,921.25,1
665,262.75,0.31893,0.93932,0.08894400000000001,4,-59.0,6.0822,920.25,1
666,263.5,0.36583000000000004,0.93932,0.11175,4,-58.0,2.1967,920.75,1
667,263.6,0.36583000000000004,0.93932,0.11175,4,-58.5,6.2157,923.25,1
668,263.75,0.36583000000000004,0.93932,0.11175,4,-58.0,0.87744,922.25,1
669,264.25,0.36583000000000004,0.93932,0.11175,4,-60.0,6.1651,923.75,1
670,264.5,0.36583000000000004,0.93932,0.11175,1,-62.0,0.75165,925.75,1
671,265.0,0.36583000000000004,0.93932,0.11175,1,-58.5,4.4577,921.25,1
672,265.13,0.36583000000000004,0.93932,0.11175,4,-58.5,6.1221,920.25,1
673,265.25,0.36583000000000004,0.93932,0.11175,1,-60.5,1.7963,924.75,1
674,266.0,0.37756,0.9048700000000001,0.077541,1,-59.0,5.8613,923.25,1
675,266.25,0.37756,0.9048700000000001,0.077541,4,-58.5,0.71023,922.25,1
676,266.5,0.37756,0.9048700000000001,0.077541,4,-57.5,6.0729999999999995,923.75,1
677,266.75,0.37756,0.9048700000000001,0.077541,1,-60.0,4.3534,921.75,1
678,267.5,0.49481,0.8589399999999999,0.23718000000000003,1,-59.0,4.5789,921.25,1
679,267.75,0.49481,0.8589399999999999,0.23718000000000003,4,-57.5,2.1062,924.75,1
680,268.5,0.44791000000000003,0.8359700000000001,0.16876,4,-57.5,0.38043000000000005,923.25,1
681,268.75,0.44791000000000003,0.8359700000000001,0.16876,1,-59.5,6.1574,922.25,1
682,269.25,0.51826,0.96229,0.24859,4,-58.0,1.06,925.75,1
683,269.75,0.51826,0.96229,0.24859,1,-61.5,0.2347,922.75,1
684,270.0,0.51826,0.96229,0.24859,1,-60.5,5.3429,920.25,1
685,271.0,0.43618999999999997,0.9163600000000001,0.16876,1,-59.5,2.5679,922.25,1
686,271.5,0.43618999999999997,0.9163600000000001,0.16876,3,-64.0,4.7109,923.75,1
687,272.0,0.43618999999999997,0.9163600000000001,0.16876,1,-58.0,5.9841,922.75,1
688,272.1,0.43618999999999997,0.9163600000000001,0.16876,4,-58.0,0.33287,922.75,1
689,272.5,0.33066,0.96229,0.066138,4,-57.0,5.4395,920.25,1
690,272.6,0.33066,0.96229,0.066138,4,-59.0,1.083,924.75,1
691,272.75,0.33066,0.96229,0.066138,1,-57.0,1.8822,924.25,1
692,273.0,0.33066,0.96229,0.066138,3,-59.5,2.4513,924.25,1
693,273.1,0.33066,0.96229,0.066138,3,-59.5,4.7814,920.75,1
694,273.25,0.33066,0.96229,0.066138,4,-57.0,6.1421,923.25,1
695,273.5,0.47136000000000006,0.93932,0.08894400000000001,4,-57.5,4.6756,925.25,1
696,273.75,0.47136000000000006,0.93932,0.08894400000000001,4,-57.0,6.1589,923.75,1
697,274.0,0.47136000000000006,0.93932,0.08894400000000001,4,-56.0,2.2979,921.75,1
698,274.5,0.47136000000000006,0.93932,0.08894400000000001,1,-60.0,4.8811,922.75,1
699,275.0,0.23685,0.97377,0.066138,4,-57.0,0.7946,920.25,1
700,275.13,0.23685,0.97377,0.066138,4,-58.5,5.8659,924.75,1
701,275.25,0.23685,0.97377,0.066138,1,-61.0,3.3487,924.25,1
702,275.5,0.23685,0.97377,0.066138,4,-57.5,1.0753,923.25,1
703,275.75,0.23685,0.97377,0.066138,4,-57.0,5.1082,922.25,1
704,276.0,0.23685,0.97377,0.066138,3,-65.0,0.23623000000000002,925.25,1
705,276.5,0.23685,0.97377,0.066138,4,-57.5,5.4656,921.75,1
706,277.0,0.43618999999999997,0.9163600000000001,0.13455999999999999,3,-62.5,5.8844,921.25,1
707,277.25,0.43618999999999997,0.9163600000000001,0.13455999999999999,1,-59.0,0.44025,920.25,1
708,277.5,0.43618999999999997,0.9163600000000001,0.13455999999999999,1,-61.5,6.0285,924.75,1
709,278.0,0.43618999999999997,0.9163600000000001,0.13455999999999999,1,-59.5,0.058290999999999996,920.75,1
710,278.5,0.34238,0.95081,0.12315,1,-59.5,4.9716,922.25,1
711,278.75,0.34238,0.95081,0.12315,4,-58.0,0.42031,923.75,1
712,279.25,0.34238,0.95081,0.12315,1,-63.0,1.8086,925.75,1
713,279.5,0.34238,0.95081,0.12315,4,-57.5,5.8429,921.25,1
714,279.75,0.34238,0.95081,0.12315,1,-59.5,0.19635,920.25,1
715,280.25,0.33066,0.97377,0.11175,4,-57.5,0.20402,920.75,1
716,280.5,0.33066,0.97377,0.11175,1,-60.0,3.9853,923.25,1
717,280.75,0.33066,0.97377,0.11175,1,-59.5,1.6429,922.25,1
718,281.25,0.33066,0.97377,0.11175,1,-60.5,0.23623000000000002,923.75,1
719,281.75,0.50654,0.89339,0.18017,4,-57.5,4.3749,922.75,1
720,282.0,0.50654,0.89339,0.18017,4,-57.0,5.8092,921.25,1
721,282.25,0.50654,0.89339,0.18017,4,-57.5,0.49548000000000003,920.25,1
722,282.5,0.50654,0.89339,0.18017,1,-61.5,2.4881,924.75,1
723,282.75,0.50654,0.89339,0.18017,4,-57.5,6.2356,920.75,1
724,283.0,0.50654,0.89339,0.18017,4,-57.5,0.6995,923.25,1
725,283.25,0.50654,0.89339,0.18017,1,-59.5,4.5866,922.25,1
726,283.5,0.50654,0.89339,0.18017,4,-58.0,0.12118,923.75,1
727,284.25,0.2603,0.99674,0.066138,1,-60.0,4.2123,922.75,1
728,284.5,0.2603,0.99674,0.066138,4,-57.5,5.6911,921.25,1
729,284.63,0.2603,0.99674,0.066138,4,-57.5,0.42951000000000006,920.25,1
730,284.75,0.2603,0.99674,0.066138,1,-61.5,2.3501,924.75,1
731,285.25,0.2603,0.99674,0.066138,1,-59.0,5.8215,920.75,1
732,285.5,0.2603,0.99674,0.066138,4,-58.0,0.69796,923.25,1
733,285.75,0.2603,0.99674,0.066138,4,-57.5,1.646,922.25,1
734,286.0,0.2603,0.99674,0.066138,4,-58.5,0.1672,923.75,1
735,286.5,0.30721,0.97377,0.10035,1,-60.0,1.0094,922.75,1
736,287.0,0.30721,0.97377,0.10035,4,-57.5,5.8828,921.25,1
737,287.07,0.30721,0.97377,0.10035,4,-57.5,0.5461,920.25,1
738,287.5,0.30721,0.97377,0.10035,1,-61.0,6.0055,924.25,1
739,287.75,0.30721,0.97377,0.10035,4,-57.0,0.10430999999999999,920.75,1
740,288.0,0.28376,0.99674,0.054735,1,-58.0,4.9118,922.25,1
741,288.5,0.28376,0.99674,0.054735,3,-62.0,1.3576,923.75,1
742,288.75,0.28376,0.99674,0.054735,1,-58.0,5.0621,921.75,1
743,289.0,0.28376,0.99674,0.054735,4,-57.5,4.4025,922.75,1
744,289.25,0.28376,0.99674,0.054735,1,-58.5,5.306,921.25,1
745,289.75,0.50654,0.89339,0.21438000000000001,1,-60.0,5.9304,924.25,1
746,290.0,0.50654,0.89339,0.21438000000000001,4,-57.5,6.277,920.75,1
747,290.25,0.50654,0.89339,0.21438000000000001,1,-59.5,0.099709,923.25,1
748,290.5,0.50654,0.89339,0.21438000000000001,3,-68.0,6.0546,922.25,1
749,291.0,0.50654,0.89339,0.21438000000000001,4,-59.5,1.804,921.75,1
750,291.75,0.50654,0.89339,0.21438000000000001,1,-58.0,4.019,921.25,1
751,292.25,0.35411,0.98526,0.08894400000000001,1,-57.0,1.5647,924.25,1
752,292.75,0.35411,0.98526,0.08894400000000001,1,-57.5,5.1649,923.25,1
753,293.0,0.35411,0.98526,0.08894400000000001,3,-67.0,1.511,925.25,1
754,294.0,0.35411,0.98526,0.08894400000000001,3,-65.0,0.9587399999999999,921.25,1
755,294.75,0.35411,0.98526,0.08894400000000001,3,-64.0,1.7595,924.25,1
756,296.0,0.41273000000000004,0.92784,0.077541,1,-57.0,6.1911,921.75,1
757,296.25,0.41273000000000004,0.92784,0.077541,3,-58.5,6.0454,922.75,1
758,296.75,0.41273000000000004,0.92784,0.077541,4,-60.0,3.7475,920.25,1
759,297.0,0.41273000000000004,0.92784,0.077541,4,-60.0,5.6803,924.25,1
760,297.75,0.41273000000000004,0.89339,0.13455999999999999,1,-55.5,4.3488,922.25,1
761,298.0,0.41273000000000004,0.89339,0.13455999999999999,4,-59.0,4.7431,925.25,1
762,298.75,0.31893,0.92784,0.13455999999999999,3,-61.0,0.8636299999999999,925.75,1
763,299.0,0.31893,0.92784,0.13455999999999999,1,-58.5,4.5252,921.25,1
764,299.25,0.31893,0.92784,0.13455999999999999,4,-57.0,6.2663,920.25,1
765,299.5,0.31893,0.92784,0.13455999999999999,3,-64.5,1.1520000000000001,924.75,1
766,300.0,0.31893,0.92784,0.13455999999999999,3,-63.5,2.0985,923.25,1
767,300.25,0.31893,0.92784,0.13455999999999999,3,-60.0,6.1129,922.25,1
768,301.0,0.63552,0.8359700000000001,0.19157000000000002,4,-63.0,0.8544299999999999,925.75,1
769,301.75,0.63552,0.8359700000000001,0.19157000000000002,1,-63.0,1.0968,920.25,1
770,304.25,0.43618999999999997,0.92784,0.27139,4,-58.0,5.803,924.75,1
771,304.5,0.43618999999999997,0.92784,0.27139,3,-69.0,4.8504,924.25,1
772,305.0,0.43618999999999997,0.92784,0.27139,4,-57.0,0.8621,923.25,1
773,305.13,0.43618999999999997,0.92784,0.27139,3,-68.5,6.1804,922.25,1
774,305.75,0.43618999999999997,0.92784,0.27139,1,-59.0,4.3212,921.75,1
775,306.5,0.43618999999999997,0.92784,0.27139,1,-58.5,5.4104,920.25,1
776,307.25,0.42446000000000006,0.9048700000000001,0.18017,1,-58.0,5.5668,920.75,1
777,307.5,0.42446000000000006,0.9048700000000001,0.18017,4,-57.5,0.44178999999999996,923.25,1
778,307.63,0.42446000000000006,0.9048700000000001,0.18017,1,-58.5,4.9302,922.25,1
779,308.0,0.42446000000000006,0.9048700000000001,0.18017,1,-60.5,0.18408,923.75,1
780,308.25,0.42446000000000006,0.9048700000000001,0.18017,1,-63.0,1.6828,925.75,1
781,309.0,0.31893,0.97377,0.054735,1,-58.5,6.0822,920.25,1
782,309.5,0.31893,0.97377,0.054735,3,-64.5,0.73631,924.25,1
783,309.75,0.31893,0.97377,0.054735,4,-58.0,0.17794000000000001,923.25,1
784,310.0,0.31893,0.97377,0.054735,3,-64.0,5.0253,922.25,1
785,310.5,0.31893,0.97377,0.054735,1,-58.5,4.2123,921.75,1
786,311.5,0.31893,0.97377,0.054735,1,-57.5,5.2539,920.25,1
787,311.75,0.31893,0.97377,0.054735,1,-58.5,1.2885,924.25,1
788,312.5,0.27203,1.0427,0.16876,1,-57.5,4.8627,922.25,1
789,312.75,0.27203,1.0427,0.16876,1,-59.0,3.6386,923.75,1
790,313.0,0.27203,1.0427,0.16876,1,-57.5,5.2385,921.75,1
791,313.75,0.54171,0.8589399999999999,0.3056,1,-56.0,5.8491,921.25,1
792,313.83,0.54171,0.8589399999999999,0.3056,3,-68.5,3.8488,920.25,1
793,314.0,0.54171,0.8589399999999999,0.3056,4,-57.0,2.2396,924.75,1
794,314.5,0.54171,0.8589399999999999,0.3056,4,-56.0,5.9749,920.75,1
795,314.75,0.33066,0.79004,0.32841,4,-56.5,6.0914,922.25,1
796,315.5,0.33066,0.79004,0.32841,1,-58.0,1.2824,921.75,1
797,316.25,0.23685,0.92784,0.15736,1,-57.5,0.66115,921.25,1
798,316.35,0.23685,0.92784,0.15736,4,-57.0,0.30985999999999997,920.25,1
799,316.75,0.23685,0.92784,0.15736,4,-58.0,5.5193,924.25,1
800,317.0,0.23685,0.92784,0.15736,4,-57.5,5.8107,920.75,1
801,317.25,0.23685,0.92784,0.15736,4,-58.0,1.1858,922.25,1
802,318.0,0.29548,0.93932,0.14595999999999998,1,-57.5,4.9026,921.75,1
803,318.25,0.29548,0.93932,0.14595999999999998,4,-58.0,0.78847,922.75,1
804,318.5,0.29548,0.93932,0.14595999999999998,4,-57.5,5.3367,921.25,1
805,318.75,0.29548,0.93932,0.14595999999999998,1,-58.0,6.1651,920.25,1
806,319.25,0.29548,0.93932,0.14595999999999998,1,-60.0,5.9979,924.25,1
807,319.5,0.29548,0.93932,0.14595999999999998,1,-58.0,5.7724,920.75,1
808,320.25,0.44791000000000003,0.92784,0.20297,1,-59.5,0.31446999999999997,923.75,1
809,320.5,0.44791000000000003,0.92784,0.20297,3,-66.0,0.37276,925.75,1
810,321.0,0.44791000000000003,0.92784,0.20297,1,-58.0,5.5162,921.25,1
811,321.1,0.44791000000000003,0.92784,0.20297,1,-57.5,0.053689,920.25,1
812,321.5,0.44791000000000003,0.92784,0.20297,1,-60.5,2.459,924.75,1
813,321.75,0.44791000000000003,0.92784,0.20297,4,-57.5,5.5085,920.75,1
814,322.0,0.44791000000000003,0.92784,0.20297,4,-58.5,0.039883999999999996,923.25,1
815,322.25,0.44791000000000003,0.92784,0.20297,1,-59.0,1.4327,922.25,1
816,323.25,0.2603,0.97377,0.08894400000000001,1,-59.5,4.1157,922.75,1
817,323.5,0.2603,0.97377,0.08894400000000001,4,-57.5,1.9558,921.25,1
818,323.75,0.2603,0.97377,0.08894400000000001,3,-64.0,0.34208,920.25,1
819,324.0,0.2603,0.97377,0.08894400000000001,4,-57.0,5.4334,920.75,1
820,324.25,0.2603,0.97377,0.08894400000000001,1,-58.0,5.7248,920.75,1
821,324.5,0.2603,0.97377,0.08894400000000001,1,-59.0,1.4343,922.25,1
822,325.25,0.28376,0.98526,0.077541,4,-57.5,1.9482,921.75,1
823,325.75,0.28376,0.98526,0.077541,4,-58.0,0.91579,922.75,1
824,325.85,0.28376,0.98526,0.077541,1,-58.0,5.5039,921.25,1
825,326.0,0.28376,0.98526,0.077541,4,-57.5,0.018408,920.25,1
826,326.25,0.28376,0.98526,0.077541,3,-63.0,1.0661,924.25,1
827,326.75,0.28376,0.98526,0.077541,4,-57.5,5.7264,920.75,1
828,326.85,0.28376,0.98526,0.077541,1,-59.5,0.5875100000000001,923.25,1
829,327.0,0.28376,0.98526,0.077541,4,-57.5,1.2318,922.25,1
830,327.5,0.28376,0.98526,0.077541,4,-58.0,0.11965,923.75,1
831,328.25,0.44791000000000003,0.95081,-0.09350499999999999,1,-57.5,5.0959,921.25,1
832,328.5,0.44791000000000003,0.95081,-0.09350499999999999,1,-58.0,5.4886,920.25,1
833,329.0,0.44791000000000003,0.95081,-0.09350499999999999,1,-58.5,1.2793,920.75,1
834,330.0,0.44791000000000003,0.95081,-0.09350499999999999,4,-57.5,1.3177,921.75,4
835,330.75,0.072698,1.1001,0.12315,4,-66.0,5.4027,921.25,4
836,330.88,0.072698,1.1001,0.12315,1,-47.5,6.0377,920.25,4
837,331.0,-0.23215999999999998,0.8359700000000001,-0.082102,2,-68.0,1.4803,920.25,4
838,331.25,-0.27906,1.3527,-0.059296,1,-49.0,1.149,924.25,4
839,331.5,0.049247000000000006,0.72114,0.12315,1,-45.5,0.44792,920.75,4
840,331.63,-0.032831,0.96229,0.20297,1,-45.5,2.0387,920.75,4
841,331.68,-0.11490999999999998,0.96229,0.13455999999999999,1,-44.0,3.8948,920.75,4
842,331.75,-0.11490999999999998,1.0082,0.19157000000000002,1,-41.0,3.7721,923.25,4
843,331.88,-0.22044,1.0427,0.33981,1,-41.0,4.1233,923.25,4
844,331.9,-0.12663,1.0082,0.25999,1,-40.0,5.2201,923.25,4
845,331.95,-0.12663,1.169,0.020525,1,-40.0,5.5116,923.25,4
846,332.0,-0.079733,1.1345,0.020525,1,-39.5,0.37736,922.25,4
847,332.05,0.072698,1.0542,0.077541,1,-38.5,1.172,922.25,4
848,332.08,-0.079733,1.1231,-0.059296,1,-38.5,1.4834,922.25,4
849,332.13,-0.10318,1.1345,0.054735,1,-39.0,2.3777,922.25,4
850,332.18,-0.22044,1.0656,0.043332,1,-39.5,5.7954,922.25,4
851,332.25,-0.079733,0.98526,-0.12771,1,-44.0,4.1172,923.75,4
852,332.33,-0.021106,1.0542,-0.12771,1,-45.0,4.2691,923.75,4
853,332.38,0.037521,1.1805,-0.15052000000000001,1,-48.5,5.3413,923.75,4
854,334.75,-0.25561,1.1001,0.41963,2,-57.0,1.6506,923.75,4
855,336.5,0.38928,0.95081,-0.0022806,2,-53.5,5.9196,923.25,2
856,338.0,0.50654,0.95081,0.066138,2,-55.0,5.3827,921.25,2
857,339.5,0.084423,0.98526,0.077541,2,-56.5,4.9992,923.75,2
858,340.25,0.084423,0.98526,0.077541,2,-56.5,5.125,922.75,2
859,340.5,0.084423,0.98526,0.077541,2,-57.0,0.18101,920.25,2
860,341.0,0.084423,0.98526,0.077541,2,-57.5,1.2977,924.25,2
861,341.75,0.1196,0.99674,0.12315,2,-57.0,1.2609,925.25,2
862,342.25,0.1196,0.99674,0.12315,2,-56.0,5.6987,921.75,2
863,343.25,0.1196,0.99674,0.12315,2,-57.5,0.158,920.25,2
864,345.0,0.14305,0.99674,0.10035,2,-58.5,0.65654,925.75,2
865,345.5,0.14305,0.99674,0.10035,2,-56.5,6.1743,920.25,2
866,347.0,0.34238,0.92784,0.19157000000000002,2,-56.5,5.6205,921.75,2
867,348.0,0.18995,0.97377,0.12315,2,-57.5,1.0446,924.75,2
868,348.75,0.18995,0.97377,0.12315,2,-56.5,6.0868,920.75,2
869,349.75,0.30721,0.95081,0.14595999999999998,2,-57.5,0.73324,925.75,2
870,350.5,0.30721,0.95081,0.14595999999999998,2,-56.5,0.084369,920.25,2
871,351.5,0.2603,0.95081,0.14595999999999998,2,-57.5,0.9065799999999999,925.25,2
872,353.5,0.18995,0.99674,0.12315,2,-56.0,5.803,920.75,2
873,353.75,0.18995,0.99674,0.12315,2,-57.0,4.7139,923.25,2
874,355.25,0.38928,0.89339,0.19157000000000002,2,-56.0,6.0485,920.25,2
875,356.5,0.2603,0.93932,0.15736,2,-57.5,0.7915300000000001,925.25,2
876,358.0,0.22513000000000002,0.97377,0.11175,2,-57.0,1.0063,924.75,2
877,358.25,0.22513000000000002,0.97377,0.11175,2,-56.0,5.9718,920.75,2
878,361.0,0.22513000000000002,0.97377,0.12315,2,-56.0,4.6878,923.25,2
879,361.5,0.22513000000000002,0.97377,0.12315,2,-57.0,1.4435,923.75,2
880,362.0,0.22513000000000002,0.97377,0.12315,2,-58.0,0.3973,925.75,2
881,363.0,0.43618999999999997,0.9048700000000001,0.19157000000000002,2,-56.5,5.5055,920.75,2
882,363.5,0.43618999999999997,0.9048700000000001,0.19157000000000002,2,-57.0,0.48781,922.25,2
883,365.0,0.43618999999999997,0.9048700000000001,0.19157000000000002,2,-59.5,0.32674000000000003,920.25,2
884,382.75,0.43618999999999997,0.9048700000000001,0.19157000000000002,2,-58.5,0.75932,920.75,2
885,384.25,0.43618999999999997,0.9048700000000001,0.19157000000000002,2,-58.0,0.64427,921.25,2
886,385.5,0.43618999999999997,0.9048700000000001,0.19157000000000002,2,-58.5,6.0945,922.25,2
887,391.75,0.57689,0.89339,0.077541,2,-59.0,1.1059999999999999,920.25,2
888,395.5,0.57689,0.89339,0.077541,2,-61.0,5.1833,925.25,2
889,413.75,0.15478,0.99674,0.031928,2,-48.5,1.3559999999999999,920.25,4
890,414.0,0.27203,0.95081,0.27139,2,-48.0,0.11657999999999999,924.75,4
891,414.15,0.14305,0.97377,0.077541,2,-48.5,0.6995,924.75,4
892,414.25,0.1665,1.0082,0.11175,2,-47.5,2.3501,924.25,4
893,414.35,0.1665,1.0082,0.11175,2,-47.5,5.7432,924.25,4
894,414.5,0.084423,1.1805,0.077541,2,-47.5,5.5162,920.75,4
895,414.6,0.072698,1.0197,-0.059296,2,-48.0,5.5315,923.25,4
896,414.75,0.060972000000000005,1.0312,-0.013684,2,-49.5,5.8936,923.25,4
897,415.25,0.13132,1.0082,-0.10490999999999999,1,-64.0,5.7908,923.75,4
898,417.0,0.13132,1.0082,-0.10490999999999999,1,-57.5,5.8199,923.25,4
899,418.25,0.13132,1.0082,-0.10490999999999999,4,-57.0,5.6174,922.75,1
900,418.75,0.33066,0.8589399999999999,0.39683,4,-57.0,5.5868,920.25,1
901,419.0,0.33066,0.8589399999999999,0.39683,1,-61.0,1.2379,924.25,1
902,419.25,0.63552,0.8359700000000001,0.16876,4,-57.5,0.8145399999999999,920.75,1
903,419.5,0.63552,0.8359700000000001,0.16876,1,-57.0,5.2754,923.25,1
904,419.58,0.63552,0.8359700000000001,0.16876,4,-59.5,4.6449,922.25,1
905,419.75,0.63552,0.8359700000000001,0.16876,4,-62.0,4.1862,922.25,1
906,420.0,0.63552,0.8359700000000001,0.16876,3,-60.0,4.9839,923.75,1
907,420.25,0.63552,0.8359700000000001,0.16876,1,-57.5,5.5499,921.75,1
908,420.5,0.63552,0.8359700000000001,0.16876,1,-59.5,0.15647,922.75,1
909,420.75,0.56517,0.8704200000000001,0.054735,3,-48.5,5.4134,921.25,1
910,421.0,0.58862,0.8589399999999999,0.14595999999999998,3,-49.0,4.852,921.25,3
911,421.1,0.58862,0.8589399999999999,0.14595999999999998,3,-49.5,5.2554,920.25,3
912,421.5,1.1163,0.46851000000000004,-0.0022806,4,-64.0,5.9058,924.25,3
913,421.75,1.1163,0.46851000000000004,-0.0022806,3,-49.0,0.76852,920.75,3
914,421.85,0.83485,0.1355,-0.036489999999999995,3,-49.0,6.2786,920.75,3
915,422.0,1.1866,-0.036746,0.08894400000000001,3,-49.5,4.065,923.25,3
916,422.13,0.8934799999999999,0.14698,0.054735,4,-60.5,5.2278,922.25,3
917,422.5,1.0342,-0.059712,0.043332,4,-63.0,0.36509,923.75,3
918,422.75,1.0342,-0.059712,0.043332,4,-60.5,5.329,921.75,3
919,423.0,0.8465799999999999,0.10105,0.317,4,-64.0,5.3935,925.75,3
920,423.5,0.9169299999999999,0.05511900000000001,0.054735,3,-48.0,4.9716,921.25,3
921,423.6,0.87003,-0.059712,-0.16192,4,-63.0,0.91885,920.25,3
922,423.75,0.87003,-0.059712,-0.16192,4,-63.5,0.013806,924.75,3
923,424.25,0.92865,0.043636,-0.059296,3,-48.5,5.2508,920.75,3
924,424.35,1.1632,-0.07119600000000001,0.0091224,4,-63.0,3.9485,923.25,3
925,424.5,1.1632,-0.07119600000000001,0.0091224,3,-49.0,4.3718,922.25,3
926,424.75,0.9052,-0.01378,-0.10490999999999999,3,-49.0,4.3918,922.25,3
927,424.85,0.9052,-0.01378,-0.10490999999999999,3,-52.5,5.869,925.25,3
928,425.0,1.3508,-0.12861,0.066138,3,-51.0,0.46173000000000003,923.75,3
929,425.1,1.3508,-0.12861,0.066138,3,-51.0,0.49241,923.75,3
930,425.25,1.1514,-0.094162,-0.0022806,4,-62.0,5.3306,921.75,3
931,425.5,1.1514,-0.094162,-0.0022806,4,-64.5,1.6828,925.75,3
932,425.75,0.9990100000000001,0.0091865,-0.070699,3,-48.5,5.1496,921.25,3
933,426.0,0.92865,-0.01378,-0.11631,3,-48.5,5.7908,920.25,3
934,426.25,1.2804,-0.15158,0.066138,3,-51.5,6.1513,924.75,3
935,426.35,1.2804,-0.15158,0.066138,4,-64.0,6.0776,924.25,3
936,426.5,1.2804,-0.15158,0.066138,3,-48.5,5.4119,920.75,3
937,426.6,0.9169299999999999,0.0091865,-0.10490999999999999,3,-48.5,5.3981,920.75,3
938,426.68,0.9169299999999999,0.0091865,-0.10490999999999999,3,-48.0,5.4027,920.75,3
939,426.75,0.9169299999999999,0.0091865,-0.10490999999999999,3,-48.5,5.3766,920.75,3
940,426.85,0.92865,-0.0022965999999999998,-0.09350499999999999,4,-63.5,3.8871,923.25,3
941,427.0,0.92865,-0.0022965999999999998,-0.09350499999999999,3,-49.0,4.4255,922.25,3
942,427.08,0.9403799999999999,-0.01378,-0.09350499999999999,3,-49.0,4.4117,922.25,3
943,427.25,1.1397,-0.07119600000000001,-0.013684,4,-63.5,0.26691,923.75,3
944,427.5,1.1397,-0.07119600000000001,-0.013684,4,-62.0,5.3689,921.75,3
945,427.75,1.1397,-0.07119600000000001,-0.013684,4,-62.0,5.3613,921.75,3
946,428.0,1.1397,-0.07119600000000001,-0.013684,3,-50.0,4.1003,922.75,3
947,428.1,0.9169299999999999,-0.0022965999999999998,-0.10490999999999999,4,-62.5,4.4071,922.75,3
948,428.25,0.9169299999999999,-0.0022965999999999998,-0.10490999999999999,4,-62.5,5.846,921.25,3
949,428.35,0.9169299999999999,-0.0022965999999999998,-0.10490999999999999,4,-63.0,0.5798399999999999,920.25,3
950,428.5,0.9169299999999999,-0.0022965999999999998,-0.10490999999999999,3,-48.5,5.6941,920.25,3
951,429.0,1.1514,-0.07119600000000001,-0.013684,4,-64.0,6.0838,924.25,3
952,429.1,1.1514,-0.07119600000000001,-0.013684,4,-62.5,0.046019,920.75,3
953,429.25,0.8934799999999999,0.0091865,-0.082102,3,-49.0,4.4317,922.25,3
954,430.0,1.1749,-0.094162,0.0091224,3,-48.5,4.7369,921.75,3
955,430.08,1.128,-0.082679,0.0091224,3,-48.5,4.7538,921.75,3
956,430.25,1.128,-0.082679,0.0091224,4,-65.0,1.5815,925.75,3
957,430.5,1.1983,-0.10565,0.0091224,4,-61.5,5.7969,921.25,3
958,430.75,1.1983,-0.10565,0.0091224,3,-48.0,5.0468,921.25,3
959,430.85,0.9521,0.0091865,-0.082102,3,-48.5,5.7187,920.25,3
960,431.0,0.9521,0.0091865,-0.082102,3,-48.0,5.7371,920.25,3
961,431.1,0.9521,0.0091865,-0.082102,3,-48.5,5.7141,920.25,3
962,431.5,1.2452,-0.14009000000000002,0.031928,3,-48.0,5.372000000000001,920.75,3
963,431.6,1.2452,-0.14009000000000002,0.031928,3,-48.0,5.3843,920.75,3
964,431.65,1.2452,-0.14009000000000002,0.031928,3,-48.0,5.3689,920.75,3
965,431.75,0.9403799999999999,-0.01378,-0.10490999999999999,4,-62.5,0.73324,923.25,3
966,431.85,0.9403799999999999,-0.01378,-0.10490999999999999,3,-49.0,4.3949,922.25,3
967,432.0,0.9169299999999999,-0.01378,-0.11631,4,-61.5,4.8535,922.25,3
968,432.5,1.2335,-0.12861,0.020525,4,-61.5,5.3306,921.75,3
969,433.0,1.1397,-0.059712,-0.025087,4,-62.5,4.3841,922.75,3
970,433.1,1.1397,-0.059712,-0.025087,4,-62.5,5.7662,921.25,3
971,433.25,1.1397,-0.059712,-0.025087,3,-48.0,5.7325,920.25,3
972,433.35,1.1397,-0.059712,-0.025087,3,-48.0,5.7356,920.25,3
973,433.75,1.2335,-0.12861,0.031928,3,-51.0,0.053689,924.25,3
974,433.85,1.2335,-0.12861,0.031928,3,-51.0,0.050621,924.25,3
975,433.9,1.2335,-0.12861,0.031928,3,-48.0,5.3827,920.75,3
976,433.95,0.92865,0.0091865,-0.10490999999999999,4,-62.5,0.029146,920.75,3
977,434.0,0.92865,0.0091865,-0.10490999999999999,4,-63.0,3.8902,923.25,3
978,434.25,0.9052,-0.0022965999999999998,-0.09350499999999999,4,-62.0,4.8443,922.25,3
979,434.75,1.2101,-0.10565,0.020525,4,-63.5,0.28991999999999996,923.75,3
980,435.0,0.9403799999999999,0.0091865,-0.10490999999999999,3,-48.5,4.7001,921.75,3
981,435.5,1.1397,-0.059712,-0.0022806,4,-62.5,4.4317,922.75,3
982,435.58,1.1397,-0.059712,-0.0022806,4,-62.5,5.8659,921.25,3
983,435.75,1.1397,-0.059712,-0.0022806,3,-48.5,5.6957,920.25,3
984,435.85,1.1397,-0.059712,-0.0022806,3,-48.5,5.7202,920.25,3
985,436.0,0.92865,0.0091865,-0.10490999999999999,4,-63.5,6.1252,924.25,3
986,436.25,0.92865,0.0091865,-0.10490999999999999,4,-62.5,0.069029,920.75,3
987,436.5,0.92865,0.0091865,-0.10490999999999999,4,-62.5,0.082835,920.75,3
988,436.75,1.2804,-0.12861,0.043332,3,-49.0,4.3872,922.25,3
989,437.0,1.1983,-0.10565,0.020525,4,-64.5,2.0601,925.25,3
990,437.5,1.0694,-0.048229,-0.025087,4,-62.5,5.3398,921.75,3
991,437.75,1.0694,-0.048229,-0.025087,4,-64.5,1.6506,925.75,3
992,438.0,0.92865,-0.0022965999999999998,-0.10490999999999999,3,-48.5,4.9885,921.25,3
993,438.1,0.9052,-0.01378,-0.10490999999999999,3,-48.5,4.9946,921.25,3
994,438.13,0.9052,-0.01378,-0.10490999999999999,3,-48.0,5.6834,920.25,3
995,438.25,1.0928,-0.048229,-0.059296,3,-48.5,5.6681,920.25,3
996,438.5,1.2921,-0.15158,0.031928,4,-64.0,6.1144,924.25,3
997,438.75,0.9169299999999999,-0.0022965999999999998,-0.10490999999999999,3,-48.5,5.3444,920.75,3
998,439.0,0.9521,-0.01378,-0.09350499999999999,4,-63.0,0.8268200000000001,923.25,3
999,439.25,0.9521,-0.01378,-0.09350499999999999,3,-49.0,4.3734,922.25,3
1000,439.35,0.9169299999999999,0.0091865,-0.082102,4,-64.0,2.1062,925.25,3
1001,439.75,1.128,-0.07119600000000001,-0.025087,3,-48.5,4.6802,921.75,3
1002,440.0,1.1749,-0.10565,-0.0022806,4,-64.5,1.6904,925.75,3
1003,440.25,1.0459,-0.0022965999999999998,-0.059296,4,-62.5,5.8429,921.25,3
1004,440.5,0.9052,-0.0022965999999999998,-0.10490999999999999,3,-48.5,5.6727,920.25,3
1005,440.75,1.1397,-0.07119600000000001,-0.025087,4,-64.0,2.4943,924.75,3
1006,441.25,1.2335,-0.11713,0.020525,4,-62.5,0.099709,920.75,3
1007,441.5,0.92865,0.0091865,-0.09350499999999999,4,-62.5,3.9301,923.25,3
1008,441.6,0.92865,0.0091865,-0.09350499999999999,4,-62.0,4.8873,922.25,3
1009,442.0,1.0928,-0.059712,-0.036489999999999995,4,-63.0,3.4545,923.75,3
1010,442.25,1.0928,-0.059712,-0.036489999999999995,3,-48.5,4.671,921.75,3
1011,442.35,0.92865,-0.0022965999999999998,-0.10490999999999999,3,-48.5,4.6802,921.75,3
1012,442.5,0.9521,0.0091865,-0.09350499999999999,4,-62.5,4.4685,922.75,3
1013,442.75,0.9052,0.0091865,-0.11631,3,-48.0,4.9762,921.25,3
1014,443.0,1.2218,-0.10565,0.031928,4,-63.0,0.62126,920.25,3
1015,443.1,1.2218,-0.10565,0.031928,4,-62.5,0.6089899999999999,920.25,3
