,time,frontal,vertical,lateral,id,rssi,phase,freq,label
0,0.0,0.2134,0.96229,0.10035,1,-59.5,5.3643,923.25,1
1,0.25,0.2134,0.96229,0.10035,1,-59.5,6.1375,922.25,1
2,1.0,0.2134,0.96229,0.10035,4,-57.5,0.15647,921.75,1
3,1.25,0.2134,0.96229,0.10035,4,-58.0,5.3996,922.75,1
4,1.5,0.2134,0.96229,0.10035,1,-59.0,0.60132,921.25,1
5,2.0,0.2134,0.96229,0.10035,3,-66.0,0.033748,924.25,1
6,2.75,0.23685,0.97377,0.10035,4,-57.5,6.0316,922.25,1
7,3.25,0.23685,0.97377,0.10035,4,-57.5,0.29913,921.75,1
8,3.75,0.23685,0.97377,0.10035,1,-60.0,5.3766,922.75,1
9,4.0,0.23685,0.97377,0.10035,4,-57.0,0.5614399999999999,921.25,1
10,4.25,0.23685,0.97377,0.10035,1,-60.0,1.2057,920.25,1
11,5.0,0.22513000000000002,1.0082,0.08894400000000001,4,-57.5,4.7185,923.25,1
12,5.25,0.22513000000000002,1.0082,0.08894400000000001,1,-65.0,0.26691,925.25,1
13,6.25,0.22513000000000002,1.0082,0.08894400000000001,1,-62.0,5.6052,922.75,1
14,6.75,0.22513000000000002,1.0082,0.08894400000000001,1,-61.0,1.3714,920.25,1
15,7.25,0.22513000000000002,1.0082,0.08894400000000001,1,-61.0,0.48013999999999996,920.75,1
16,8.75,0.2603,0.97377,0.19157000000000002,4,-57.5,5.3797,922.75,1
17,9.0,0.2603,0.97377,0.19157000000000002,4,-56.0,1.6552,920.25,1
18,9.5,0.2603,0.97377,0.19157000000000002,4,-58.5,3.9147,924.25,1
19,9.75,0.2603,0.97377,0.19157000000000002,1,-61.5,4.9087,923.25,1
20,10.5,0.2603,0.97377,0.19157000000000002,4,-57.0,4.1663,923.75,1
21,10.575,0.2603,0.97377,0.19157000000000002,4,-56.5,6.1835,921.75,1
22,11.25,0.27203,0.93932,0.27139,1,-62.0,5.9212,921.25,1
23,12.25,0.27203,0.93932,0.27139,4,-59.0,4.8658,923.25,1
24,13.0,0.27203,0.93932,0.27139,1,-59.0,4.6464,921.75,1
25,13.75,0.27203,0.93932,0.27139,4,-57.0,0.41111000000000003,921.25,1
26,14.0,0.27203,0.93932,0.27139,4,-56.5,4.4577,920.25,1
27,14.25,0.27203,0.93932,0.27139,4,-57.0,0.49548000000000003,924.25,1
28,15.25,0.42446000000000006,0.9163600000000001,0.317,4,-60.0,0.7915300000000001,923.75,1
29,16.0,0.42446000000000006,0.9163600000000001,0.317,4,-58.0,4.8504,922.75,1
30,16.25,0.42446000000000006,0.9163600000000001,0.317,4,-58.0,6.277,921.25,1
31,16.5,0.42446000000000006,0.9163600000000001,0.317,4,-60.5,2.7903,924.75,1
32,17.0,0.42446000000000006,0.9163600000000001,0.317,1,-57.5,0.46019,920.75,1
33,17.25,0.42446000000000006,0.9163600000000001,0.317,4,-56.0,5.3244,922.25,1
34,18.25,0.28376,0.95081,0.13455999999999999,1,-59.0,5.8567,922.75,1
35,18.5,0.28376,0.95081,0.13455999999999999,4,-57.5,0.41263999999999995,921.25,1
36,18.75,0.28376,0.95081,0.13455999999999999,4,-57.0,1.4051,920.25,1
37,19.25,0.28376,0.95081,0.13455999999999999,1,-59.0,4.6173,924.25,1
38,19.5,0.28376,0.95081,0.13455999999999999,1,-58.5,5.2922,923.25,1
39,19.75,0.28376,0.95081,0.13455999999999999,4,-57.0,5.2201,922.25,1
40,20.5,0.30721,0.93932,0.15736,1,-58.5,0.14726,921.75,1
41,21.0,0.30721,0.93932,0.15736,3,-63.5,4.289,922.75,1
42,21.25,0.30721,0.93932,0.15736,1,-58.0,1.5693,920.25,1
43,21.75,0.30721,0.93932,0.15736,3,-65.0,0.14726,924.25,1
44,22.0,0.30721,0.93932,0.15736,4,-58.5,1.2195,923.25,1
45,22.25,0.30721,0.93932,0.15736,4,-58.0,5.2907,922.25,1
46,22.75,0.30721,0.93932,0.15736,1,-57.5,0.38043000000000005,921.75,1
47,23.25,0.31893,0.97377,0.077541,1,-57.5,5.8598,922.75,1
48,23.5,0.31893,0.97377,0.077541,4,-58.0,0.044485000000000004,921.25,1
49,24.0,0.31893,0.97377,0.077541,1,-59.5,4.6495,924.25,1
50,24.5,0.31893,0.97377,0.077541,1,-59.5,5.4426,923.25,1
51,24.75,0.31893,0.97377,0.077541,3,-63.5,4.5789,922.25,1
52,25.25,0.31893,0.97377,0.077541,1,-57.5,1.3116,921.75,1
53,25.5,0.31893,0.97377,0.077541,1,-58.5,3.95,925.75,1
54,26.0,0.2603,0.98526,0.21438000000000001,4,-56.5,1.379,920.25,1
55,26.25,0.2603,0.98526,0.21438000000000001,4,-58.5,5.7294,924.75,1
56,26.5,0.2603,0.98526,0.21438000000000001,1,-57.5,4.7538,924.25,1
57,26.75,0.2603,0.98526,0.21438000000000001,4,-57.0,0.81148,920.75,1
58,27.0,0.2603,0.98526,0.21438000000000001,1,-57.5,5.7846,923.25,1
59,27.25,0.2603,0.98526,0.21438000000000001,4,-56.5,5.395,922.25,1
60,27.35,0.2603,0.98526,0.21438000000000001,4,-58.5,2.2457,925.25,1
61,27.5,0.2603,0.98526,0.21438000000000001,4,-57.5,0.8667,923.75,1
62,28.0,0.2603,0.99674,0.14595999999999998,1,-57.0,5.9703,922.75,1
63,28.25,0.2603,0.99674,0.14595999999999998,4,-56.5,0.23776999999999998,921.25,1
64,28.5,0.2603,0.99674,0.14595999999999998,1,-57.0,1.1674,921.25,1
65,28.575,0.2603,0.99674,0.14595999999999998,1,-59.5,4.4823,924.75,1
66,29.5,0.2603,0.99674,0.14595999999999998,1,-61.5,2.0095,923.25,1
67,30.25,0.2603,0.99674,0.14595999999999998,1,-60.5,0.9526,921.75,1
68,30.75,0.2603,0.99674,0.14595999999999998,4,-56.5,0.99095,921.25,1
69,31.25,0.2603,0.99674,0.14595999999999998,1,-63.0,5.0545,924.75,1
70,32.5,0.22513000000000002,0.97377,0.16876,4,-57.0,0.42491,921.75,1
71,33.0,0.22513000000000002,0.97377,0.16876,1,-61.0,0.030680000000000002,922.75,1
72,33.25,0.22513000000000002,0.97377,0.16876,1,-59.5,1.9466,920.25,1
73,34.0,0.22513000000000002,0.97377,0.16876,1,-60.0,1.3668,920.75,1
74,34.75,0.22513000000000002,0.97377,0.16876,3,-68.5,5.2892,925.25,1
75,35.75,0.30721,0.93932,0.20297,1,-60.0,2.1476,920.25,1
76,36.25,0.30721,0.93932,0.20297,4,-57.0,4.493,920.75,1
77,36.75,0.30721,0.93932,0.20297,4,-58.0,5.0514,923.25,1
78,37.25,0.30721,0.93932,0.20297,4,-58.5,4.5176,923.75,1
79,37.75,0.30721,0.93932,0.20297,1,-61.5,6.1467,922.75,1
80,38.25,0.30721,0.93932,0.20297,4,-57.0,1.6843,920.25,1
81,39.5,0.30721,0.93932,0.18017,1,-65.0,0.81148,925.25,1
82,40.25,0.30721,0.93932,0.18017,1,-63.5,5.7938,922.75,1
83,47.25,0.30721,0.93932,0.18017,1,-65.5,5.4886,921.75,1
84,48.5,0.30721,0.93932,0.18017,4,-57.5,1.1505,920.75,1
85,51.0,0.31893,0.93932,0.24859,1,-63.5,0.20709,920.75,1
86,51.5,0.31893,0.93932,0.24859,1,-60.0,5.9825,925.25,1
87,52.0,0.31893,0.93932,0.24859,1,-60.5,1.1029,921.75,1
88,52.5,0.31893,0.93932,0.24859,1,-60.5,0.26078,922.75,1
89,52.75,0.31893,0.93932,0.24859,4,-58.5,4.898,920.25,1
90,53.0,0.31893,0.93932,0.24859,1,-58.0,5.7202,924.75,1
91,53.5,0.31893,0.93932,0.24859,4,-58.5,0.11198,920.75,1
92,55.0,0.072698,0.8819100000000001,0.317,4,-56.5,1.7794,921.25,1
93,55.5,0.072698,0.8819100000000001,0.317,4,-58.5,4.1571,924.75,1
94,56.0,0.072698,0.8819100000000001,0.317,1,-60.5,1.6828,920.75,1
95,56.25,0.072698,0.8819100000000001,0.317,1,-64.0,3.7567,922.25,1
96,58.25,0.37756,0.8819100000000001,0.37401999999999996,4,-58.0,2.0923,920.75,1
97,58.75,0.37756,0.8819100000000001,0.37401999999999996,1,-59.5,1.0738,922.25,1
98,59.25,0.37756,0.8819100000000001,0.37401999999999996,1,-60.0,1.3361,921.75,1
99,60.0,0.37756,0.8819100000000001,0.37401999999999996,1,-60.0,1.6122,921.25,1
100,63.75,0.37756,0.8819100000000001,0.37401999999999996,1,-61.5,0.13039,922.25,1
101,64.75,0.37756,0.8819100000000001,0.37401999999999996,1,-61.5,0.2347,921.25,1
102,66.0,0.37756,0.8819100000000001,0.37401999999999996,4,-58.5,5.7785,923.25,1
103,67.25,0.40101,0.9163600000000001,0.23718000000000003,1,-61.0,0.37736,922.75,1
104,67.75,0.40101,0.9163600000000001,0.23718000000000003,1,-60.5,4.9824,924.75,1
105,68.0,0.40101,0.9163600000000001,0.23718000000000003,4,-56.5,1.9006,920.75,1
106,68.25,0.40101,0.9163600000000001,0.23718000000000003,1,-59.0,0.52462,923.25,1
107,68.75,0.40101,0.9163600000000001,0.23718000000000003,1,-60.0,5.1741,925.25,1
108,69.0,0.40101,0.9163600000000001,0.23718000000000003,4,-57.0,0.88971,921.75,1
109,69.5,0.40101,0.9163600000000001,0.23718000000000003,1,-58.5,0.80687,922.75,1
110,69.75,0.40101,0.9163600000000001,0.23718000000000003,4,-57.0,1.2103,921.25,1
111,71.0,0.2134,0.98526,0.19157000000000002,1,-56.5,1.4128,922.25,1
112,71.1,0.2134,0.98526,0.19157000000000002,1,-57.5,4.9317,925.25,1
113,71.5,0.2134,0.98526,0.19157000000000002,1,-58.0,5.9887,923.75,1
114,72.0,0.28376,0.93932,0.18017,1,-58.0,1.9251,921.25,1
115,72.25,0.28376,0.93932,0.18017,1,-59.0,5.961,920.25,1
116,72.75,0.28376,0.93932,0.18017,1,-58.5,5.7448,924.25,1
117,73.25,0.28376,0.93932,0.18017,4,-57.0,5.145,923.25,1
118,73.5,0.28376,0.93932,0.18017,4,-57.0,6.004,922.25,1
119,75.5,-0.33769,0.64076,0.18017,3,-64.0,5.7693,920.75,1
120,75.75,-0.33769,0.64076,0.18017,1,-57.0,1.8607,922.25,1
121,76.0,-0.33769,0.64076,0.18017,1,-58.5,5.8844,925.25,1
122,76.5,-0.33769,0.64076,0.18017,3,-57.5,0.75165,921.75,1
123,77.0,0.48308999999999996,0.89339,0.11175,3,-49.5,0.158,921.25,1
124,77.075,0.54171,0.81301,0.10035,4,-64.5,4.6786,921.25,1
125,77.25,0.54171,0.81301,0.10035,3,-48.0,6.1144,920.25,1
126,77.325,0.68242,0.6752100000000001,0.031928,3,-51.5,5.9196,924.75,1
127,77.5,0.8583,0.51445,0.12315,4,-60.0,1.985,924.25,1
128,77.75,0.8583,0.51445,0.12315,1,-59.5,1.939,924.25,1
129,77.85,0.8583,0.51445,0.12315,4,-58.5,5.1235,920.75,1
130,78.0,0.8583,0.51445,0.12315,4,-59.5,5.9779,923.25,1
131,78.25,0.9403799999999999,0.28478000000000003,0.054735,3,-50.5,0.41417,922.25,3
132,78.325,0.9403799999999999,0.28478000000000003,0.054735,4,-60.5,4.1755,922.25,3
133,78.5,0.9403799999999999,0.28478000000000003,0.054735,4,-61.0,1.5877,925.25,3
134,79.25,1.1163,0.020669999999999997,0.12315,4,-59.5,3.8365,922.75,3
135,79.35,1.1163,0.020669999999999997,0.12315,4,-60.5,0.4694,922.75,3
136,79.5,1.1163,0.020669999999999997,0.12315,3,-50.0,5.6727,921.25,3
137,80.5,0.9990100000000001,-0.025263,-0.025087,4,-61.0,0.033748,923.25,3
138,80.6,0.9990100000000001,-0.025263,-0.025087,1,-65.5,1.9282,922.25,3
139,81.25,1.2335,-0.12861,0.15736,4,-61.5,4.6449,921.75,3
140,81.5,1.2335,-0.12861,0.15736,3,-50.0,4.493,922.75,3
141,81.75,1.2335,-0.12861,0.15736,4,-62.0,0.5092800000000001,922.75,3
142,82.0,0.9990100000000001,0.020669999999999997,0.0091224,4,-61.5,5.1465,921.25,3
143,82.25,0.9990100000000001,0.020669999999999997,0.0091224,3,-49.5,5.9043,920.25,3
144,82.5,1.0107,-0.025263,0.020525,4,-63.0,5.3965,924.25,3
145,83.0,0.96383,-0.01378,-0.013684,3,-51.5,0.89738,923.25,3
146,83.25,0.9169299999999999,-0.01378,-0.025087,4,-61.5,4.1233,922.25,3
147,83.5,0.9169299999999999,-0.01378,-0.025087,4,-62.5,5.7984,923.75,3
148,83.75,0.9169299999999999,-0.01378,-0.025087,3,-50.0,5.0223,921.75,3
149,84.0,1.1749,-0.11713,0.11175,4,-64.5,0.95567,925.75,3
150,84.25,0.9521,-0.01378,-0.013684,3,-49.5,5.2631,921.25,3
151,84.35,0.9521,-0.01378,-0.013684,4,-61.5,5.349,921.25,3
152,84.5,1.1397,-0.082679,0.077541,4,-62.5,0.049087,920.25,3
153,85.0,1.1397,-0.082679,0.077541,4,-62.0,2.3424,924.25,3
154,85.25,1.2452,-0.14009000000000002,0.12315,3,-51.0,0.92806,923.25,3
155,85.5,1.1163,-0.082679,0.054735,4,-61.0,4.3044,922.25,3
156,85.75,1.1163,-0.082679,0.054735,4,-62.0,5.9074,923.75,3
157,86.0,1.1163,-0.082679,0.054735,4,-61.5,4.7860000000000005,921.75,3
158,86.25,1.1163,-0.082679,0.054735,3,-49.5,4.99,921.75,3
159,86.75,0.9990100000000001,-0.01378,0.020525,4,-61.5,5.2585,921.25,3
160,87.0,0.9052,-0.0022965999999999998,-0.025087,3,-49.5,5.9058,920.25,3
161,87.25,1.0107,-0.0022965999999999998,0.020525,4,-62.5,2.324,924.25,3
162,87.5,1.0107,-0.0022965999999999998,0.020525,3,-49.0,5.5269,920.75,3
163,87.75,1.128,-0.082679,0.066138,4,-62.5,0.08897100000000001,923.25,3
164,88.25,1.1163,-0.07119600000000001,0.054735,4,-64.5,1.4358,925.25,3
165,88.35,1.1163,-0.07119600000000001,0.054735,4,-62.0,2.7089999999999996,923.75,3
166,88.5,1.1163,-0.07119600000000001,0.054735,3,-49.5,4.8873,921.75,3
167,88.75,0.97555,0.020669999999999997,0.054735,4,-64.5,0.9526,925.75,3
168,89.0,0.97555,0.020669999999999997,0.054735,4,-62.0,0.55837,922.75,3
169,89.25,0.9169299999999999,-0.01378,-0.013684,3,-50.0,5.1925,921.25,3
170,89.35,0.9169299999999999,-0.01378,-0.013684,4,-62.0,6.1497,920.25,3
171,89.75,0.92865,-0.01378,-0.0022806,4,-63.0,1.8178,924.75,3
172,90.0,0.92865,-0.025263,-0.0022806,3,-49.5,5.4656,920.75,3
173,90.25,1.1749,-0.10565,0.11175,4,-62.5,3.1707,923.25,3
174,90.75,1.1632,-0.094162,0.10035,4,-63.5,1.3714,925.25,3
175,90.85,1.1632,-0.094162,0.10035,4,-62.5,2.6891,923.75,3
176,91.25,0.92865,-0.01378,0.0091224,4,-64.0,4.0558,925.75,3
177,91.75,0.92865,-0.025263,-0.025087,3,-49.5,5.2139999999999995,921.25,3
178,91.875,0.92865,-0.025263,-0.025087,4,-62.5,6.119,920.25,3
179,92.0,1.0342,-0.036746,0.043332,4,-63.0,1.7733,924.75,3
180,92.25,1.0342,-0.036746,0.043332,4,-62.5,2.2059,924.25,3
181,92.5,0.92865,-0.0022965999999999998,-0.013684,3,-51.0,3.9730000000000003,923.25,3
182,92.6,0.92865,-0.0022965999999999998,-0.013684,4,-63.0,6.2632,923.25,3
183,92.75,0.92865,-0.0022965999999999998,-0.013684,3,-50.0,4.5682,922.25,3
184,93.0,0.8934799999999999,-0.01378,-0.0022806,3,-50.0,4.582,922.25,3
185,93.25,1.3859,-0.20899,0.19157000000000002,4,-63.0,5.7862,923.75,3
186,93.5,1.3859,-0.20899,0.19157000000000002,3,-49.5,4.8735,921.75,3
187,93.6,0.9521,-0.01378,-0.013684,3,-49.5,4.875,921.75,3
188,93.75,0.9990100000000001,0.0091865,0.020525,4,-62.5,3.5834,922.75,3
189,94.0,0.9990100000000001,0.0091865,0.020525,3,-49.5,5.2524,921.25,3
190,94.25,0.9872799999999999,-0.0022965999999999998,0.0091224,3,-49.5,5.2554,921.25,3
191,94.5,0.9872799999999999,-0.01378,0.0091224,4,-63.5,1.7242,924.75,3
192,94.75,0.9872799999999999,-0.01378,0.0091224,4,-63.5,5.3198,924.25,3
193,95.0,0.9872799999999999,-0.01378,0.0091224,3,-49.5,5.4809,920.75,3
194,95.075,0.9872799999999999,-0.01378,-0.0022806,4,-62.5,0.049087,923.25,3
195,95.25,0.9872799999999999,-0.01378,-0.0022806,4,-62.0,4.2138,922.25,3
196,95.5,0.9872799999999999,-0.01378,-0.0022806,4,-64.0,1.3162,925.25,3
197,96.0,1.1397,-0.082679,0.054735,1,-66.0,4.7538,921.75,3
198,96.25,1.1397,-0.082679,0.054735,4,-62.0,3.6064,922.75,3
199,96.5,0.9169299999999999,0.0091865,0.0091224,4,-62.0,5.0913,921.25,3
200,97.0,0.9169299999999999,-0.01378,-0.013684,4,-63.5,2.2105,924.25,3
201,97.5,1.1163,-0.07119600000000001,0.054735,4,-62.0,5.6282,920.75,3
202,97.575,1.1163,-0.07119600000000001,0.054735,4,-62.0,1.0201,922.25,3
203,97.75,1.1163,-0.07119600000000001,0.054735,4,-62.0,4.1663,922.25,3
204,98.25,1.1045,-0.07119600000000001,0.066138,4,-63.0,5.8261,923.75,3
205,98.5,1.1045,-0.07119600000000001,0.066138,3,-49.5,4.8719,921.75,3
206,98.6,1.1045,-0.07119600000000001,0.066138,4,-62.0,4.6372,921.75,3
207,98.75,0.96383,-0.01378,-0.0022806,3,-50.0,4.3166,922.75,3
208,99.25,1.0107,-0.01378,0.020525,4,-63.5,4.8735,924.75,3
209,99.75,1.0107,-0.01378,0.031928,3,-49.5,5.5039,920.75,3
210,100.0,0.9990100000000001,-0.0022965999999999998,-0.0022806,4,-63.0,6.2494,923.25,3
211,100.1,0.9990100000000001,-0.0022965999999999998,-0.0022806,4,-62.0,4.1371,922.25,3
212,100.5,0.9403799999999999,-0.0022965999999999998,-0.0022806,4,-64.0,1.3484,925.25,3
213,100.75,0.9403799999999999,-0.0022965999999999998,-0.0022806,4,-63.0,5.7984,923.75,3
214,101.0,0.9052,-0.01378,-0.013684,4,-64.5,4.0344,925.75,3
215,101.25,0.9052,-0.01378,-0.013684,3,-50.5,4.2629,922.75,3
216,101.38,0.9872799999999999,0.0091865,0.0091224,4,-62.0,5.0652,921.25,3
217,101.5,0.9169299999999999,0.0091865,-0.0022806,3,-49.5,5.8583,920.25,3
218,102.0,1.3039,-0.15158,0.15736,3,-49.5,5.5116,920.75,3
219,102.25,1.1983,-0.11713,0.11175,3,-51.0,3.9607,923.25,3
220,102.35,1.1983,-0.11713,0.11175,4,-62.5,6.277,923.25,3
221,102.75,1.2570000000000001,-0.12861,0.12315,4,-63.5,4.4654,925.25,3
222,103.25,1.1749,-0.11713,0.08894400000000001,3,-49.5,4.855,921.75,3
223,103.5,0.97555,-0.0022965999999999998,0.0091224,3,-50.5,4.309,922.75,3
224,103.58,0.97555,-0.0022965999999999998,0.0091224,3,-50.5,4.3136,922.75,3
225,104.0,1.1045,-0.12861,0.054735,4,-61.0,5.145,921.25,3
226,104.25,0.9403799999999999,-0.048229,-0.036489999999999995,3,-53.0,0.16567,924.75,3
227,104.5,0.9052,-0.01378,0.10035,3,-50.0,5.8797,920.75,3
228,104.58,0.9052,-0.01378,0.10035,4,-61.0,6.0729999999999995,920.75,3
229,105.75,1.2335,-0.16305999999999998,0.054735,4,-61.0,4.6142,921.75,3
230,106.0,1.1866,-0.10565,0.08894400000000001,4,-61.5,3.6156,922.75,3
231,106.25,1.1866,-0.10565,0.08894400000000001,4,-61.5,5.013,921.25,3
232,106.75,1.2218,-0.17454,0.08894400000000001,4,-63.0,1.6935,924.75,3
233,107.5,0.92865,-0.036746,-0.070699,3,-50.5,5.0468,922.25,3
234,107.6,0.92865,-0.036746,-0.070699,4,-61.5,4.0267,922.25,3
235,107.65,0.92865,-0.036746,-0.070699,4,-63.5,1.2303,925.25,3
236,108.0,0.9403799999999999,-0.048229,-0.082102,4,-62.5,5.7033,923.75,3
237,108.25,0.9403799999999999,-0.048229,-0.082102,4,-61.5,4.5989,921.75,3
238,108.5,0.9403799999999999,-0.048229,-0.082102,4,-61.5,3.5818,922.75,3
239,108.75,0.9403799999999999,-0.036746,-0.059296,3,-50.5,5.5653,921.25,3
240,108.85,0.9403799999999999,-0.036746,-0.059296,4,-61.5,5.0897,921.25,3
241,108.9,0.9403799999999999,-0.036746,-0.059296,4,-62.5,6.0715,920.25,3
242,109.25,0.97555,-0.048229,-0.036489999999999995,3,-52.0,0.67188,924.25,3
243,109.5,0.97555,-0.048229,-0.036489999999999995,4,-62.0,5.5637,920.75,3
244,109.75,0.9990100000000001,-0.036746,-0.036489999999999995,4,-62.0,6.2632,923.25,3
245,109.83,0.9990100000000001,-0.036746,-0.036489999999999995,4,-61.5,0.9786799999999999,922.25,3
246,110.25,1.0811,-0.094162,0.0091224,4,-62.0,2.6507,923.75,3
247,110.75,0.9521,-0.036746,-0.047893,4,-64.0,0.9388,925.75,3
248,111.25,0.96383,-0.07119600000000001,-0.047893,4,-62.5,6.1037,920.25,3
249,111.75,1.3742,-0.22048,0.12315,4,-62.5,2.1859,924.25,3
250,112.0,1.3742,-0.22048,0.12315,3,-50.0,5.4763,920.75,3
251,112.13,1.3742,-0.22048,0.12315,4,-62.0,5.5745,920.75,3
252,112.25,0.96383,-0.01378,-0.025087,4,-62.0,4.2062,922.25,3
253,112.75,1.339,-0.17454,0.20297,4,-63.0,5.912000000000001,923.75,3
254,113.25,0.9169299999999999,-0.0022965999999999998,0.031928,4,-62.0,3.7659,922.75,3
255,113.5,0.9169299999999999,-0.0022965999999999998,0.031928,4,-61.0,5.1557,921.25,3
256,113.75,0.9169299999999999,-0.0022965999999999998,0.031928,3,-51.5,5.7708,920.25,3
257,113.88,0.9169299999999999,-0.0022965999999999998,0.031928,4,-61.5,0.036816,920.25,3
258,114.25,0.9403799999999999,-0.0022965999999999998,0.031928,4,-61.0,5.5085,924.25,3
259,114.33,0.9403799999999999,-0.0022965999999999998,0.031928,4,-60.0,5.7156,920.75,3
260,115.25,1.0225,-0.01378,0.020525,4,-62.0,5.8521,923.75,3
261,115.5,1.2804,-0.14009000000000002,0.11175,4,-64.0,4.1203,925.75,3
262,116.0,1.1866,-0.11713,0.10035,3,-50.5,5.2554,921.25,3
263,116.1,1.1866,-0.11713,0.10035,4,-61.5,5.2002,921.25,3
264,116.75,1.0459,-0.07119600000000001,-0.0022806,4,-61.5,2.281,924.25,3
265,117.25,1.2570000000000001,-0.17454,0.08894400000000001,4,-61.5,4.1264,922.25,3
266,117.35,1.2570000000000001,-0.17454,0.08894400000000001,4,-63.0,1.3729,925.25,3
267,117.75,1.0342,-0.025263,-0.025087,3,-50.5,4.9011,921.75,3
268,118.0,0.92865,-0.01378,-0.025087,4,-63.5,4.0727,925.75,3
269,118.25,0.92865,-0.01378,-0.025087,3,-51.0,4.3857,922.75,3
270,118.38,0.9990100000000001,-0.01378,-0.013684,3,-50.0,5.2677,921.25,3
271,118.5,0.9990100000000001,-0.01378,-0.013684,4,-61.0,5.102,921.25,3
272,118.58,0.9990100000000001,-0.01378,-0.013684,4,-61.5,6.093,920.25,3
273,119.0,1.1514,-0.10565,0.054735,4,-62.0,5.3981,924.25,3
274,119.25,1.128,-0.10565,0.054735,3,-50.0,5.5392,920.75,3
275,119.5,1.2921,-0.17454,0.11175,4,-62.0,1.0324,922.25,3
276,119.75,1.2921,-0.17454,0.11175,4,-63.5,4.5252,925.25,3
277,120.0,1.2921,-0.17454,0.11175,4,-62.5,2.6538,923.75,3
278,120.25,1.2921,-0.17454,0.11175,4,-61.5,4.6342,921.75,3
279,120.5,1.3156,-0.15158,0.13455999999999999,4,-61.5,3.6447,922.75,3
280,121.0,0.9169299999999999,-0.01378,-0.025087,3,-50.0,5.3183,921.25,3
281,121.13,0.9169299999999999,-0.01378,-0.025087,4,-62.0,6.1037,920.25,3
282,121.25,0.9169299999999999,-0.01378,-0.025087,4,-61.5,6.1037,920.25,3
283,121.38,0.9169299999999999,-0.01378,-0.025087,4,-62.5,5.3321,924.25,3
284,121.75,1.0576,-0.036746,0.031928,3,-50.5,5.5791,920.75,3
285,122.25,1.1163,-0.10565,0.043332,3,-50.5,4.6372,922.25,3
286,122.33,1.1163,-0.10565,0.043332,4,-63.5,1.3668,925.25,3
287,122.75,1.2335,-0.12861,0.11175,4,-61.5,4.6495,921.75,3
288,123.0,1.2335,-0.12861,0.11175,4,-62.0,3.6601,922.75,3
289,123.25,0.9990100000000001,-0.01378,-0.0022806,4,-61.5,5.0821,921.25,3
290,123.5,0.9990100000000001,-0.01378,-0.0022806,3,-50.5,5.8721,920.25,3
291,124.0,1.0107,-0.0022965999999999998,-0.0022806,4,-62.5,5.3521,924.25,3
292,124.1,1.0107,-0.0022965999999999998,-0.0022806,4,-62.0,5.5776,920.75,3
293,124.25,1.0107,-0.0022965999999999998,-0.0022806,1,-65.0,0.9986200000000001,923.25,3
294,124.5,0.9521,-0.025263,-0.025087,4,-62.0,4.1709,922.25,3
295,125.5,1.2804,-0.15158,0.12315,3,-51.5,1.2364,922.75,3
296,125.6,1.2804,-0.15158,0.12315,4,-62.5,0.53843,922.75,3
297,125.75,0.9052,-0.01378,-0.036489999999999995,3,-50.5,5.2585,921.25,3
298,126.0,0.9990100000000001,-0.01378,-0.013684,4,-62.5,6.0991,920.25,3
299,126.5,1.2335,-0.14009000000000002,0.11175,3,-50.5,5.5453,920.75,3
300,126.6,1.2335,-0.14009000000000002,0.11175,3,-50.5,5.5545,920.75,3
301,126.75,0.9521,-0.01378,-0.025087,4,-62.5,0.036816,923.25,3
302,127.0,0.9521,-0.01378,-0.025087,3,-50.5,4.6602,922.25,3
303,127.08,0.92865,-0.025263,-0.036489999999999995,4,-64.0,4.5252,925.25,3
304,127.25,0.92865,-0.025263,-0.036489999999999995,4,-63.0,2.7044,923.75,3
305,127.5,0.92865,-0.025263,-0.036489999999999995,3,-50.5,4.9655,921.75,3
306,127.75,0.9872799999999999,-0.01378,-0.025087,4,-64.5,0.98635,925.75,3
307,128.0,0.9872799999999999,-0.01378,-0.025087,1,-66.5,4.5621,922.75,3
308,128.25,0.9872799999999999,-0.01378,-0.025087,4,-61.5,5.099,921.25,3
309,128.33,0.9872799999999999,-0.01378,-0.025087,3,-50.5,5.869,920.25,3
310,128.5,1.2218,-0.15158,0.10035,3,-53.0,0.041417,924.75,3
311,128.75,1.2218,-0.15158,0.10035,3,-53.0,0.30526,924.25,3
312,129.0,1.2570000000000001,-0.14009000000000002,0.11175,4,-61.5,5.5791,920.75,3
313,129.75,1.0225,-0.036746,0.0091224,4,-62.5,5.8015,923.75,3
314,130.0,1.0225,-0.036746,0.0091224,4,-61.5,4.6602,921.75,3
315,130.5,0.9169299999999999,-0.025263,-0.036489999999999995,3,-50.5,5.2324,921.25,3
316,130.6,0.9169299999999999,-0.025263,-0.036489999999999995,4,-61.0,5.1634,921.25,3
317,130.75,0.8934799999999999,-0.01378,-0.047893,4,-61.5,6.1911,920.25,3
318,131.0,0.8934799999999999,-0.01378,-0.047893,4,-62.5,1.8699,924.75,3
319,131.25,0.8934799999999999,-0.01378,-0.047893,4,-62.5,2.2994,924.25,3
320,131.75,0.92865,-0.025263,-0.036489999999999995,3,-50.5,4.6434,922.25,3
321,131.85,0.92865,-0.025263,-0.036489999999999995,4,-61.5,4.0973,922.25,3
322,132.75,1.128,-0.082679,0.043332,4,-62.0,3.677,922.75,3
323,133.0,0.9169299999999999,-0.01378,-0.036489999999999995,3,-50.5,5.1925,921.25,3
324,133.5,1.128,-0.082679,0.031928,1,-62.5,6.0516,924.75,3
325,134.25,1.2335,-0.14009000000000002,0.10035,3,-50.5,4.6434,922.25,3
326,134.35,1.2335,-0.14009000000000002,0.10035,4,-61.5,4.1602,922.25,3
327,135.25,1.1163,-0.082679,0.031928,4,-62.0,0.5322899999999999,922.75,3
328,135.35,1.1163,-0.082679,0.031928,3,-51.0,4.3274,922.75,3
329,135.5,1.0107,-0.048229,-0.0022806,4,-62.0,5.1388,921.25,3
330,136.0,0.9521,-0.025263,-0.025087,4,-63.0,1.8607,924.75,3
331,136.25,0.96383,-0.01378,-0.013684,4,-62.5,5.6251,920.75,3
332,136.5,0.96383,-0.01378,-0.013684,4,-62.5,0.10737999999999999,923.25,3
333,136.6,0.96383,-0.01378,-0.013684,4,-62.0,4.2415,922.25,3
334,137.25,0.9521,-0.025263,-0.047893,3,-52.0,0.59058,923.75,3
335,137.33,0.9521,-0.025263,-0.047893,4,-61.5,1.5892,921.75,3
336,137.5,1.0811,-0.048229,0.020525,4,-64.0,1.0109,925.75,3
337,137.75,1.0811,-0.048229,0.020525,4,-62.0,3.7583,922.75,3
338,138.0,1.0811,-0.048229,0.020525,3,-50.5,5.2247,921.25,3
339,138.08,0.92865,-0.025263,-0.025087,3,-50.0,5.8797,920.25,3
340,138.13,0.92865,-0.025263,-0.025087,4,-63.0,6.1681,920.25,3
341,139.0,1.1163,-0.07119600000000001,0.054735,4,-62.0,0.069029,923.25,3
342,139.5,1.2335,-0.12861,0.10035,4,-63.0,4.5283,925.25,3
343,139.75,0.9403799999999999,-0.025263,-0.036489999999999995,4,-61.5,4.6924,921.75,3
344,139.83,0.9403799999999999,-0.025263,-0.036489999999999995,4,-63.5,4.1249,925.75,3
345,140.5,1.1163,-0.07119600000000001,0.031928,4,-61.5,5.1526,921.25,3
346,140.75,0.9403799999999999,-0.01378,-0.036489999999999995,4,-63.0,4.9317,924.75,3
347,141.25,1.0811,-0.036746,0.031928,4,-62.0,5.5975,920.75,3
348,141.5,1.1514,-0.094162,0.054735,3,-50.5,4.6265,922.25,3
349,141.6,1.1514,-0.094162,0.054735,3,-50.5,4.6204,922.25,3
350,142.0,1.0694,-0.048229,0.031928,3,-50.5,4.9057,921.75,3
351,142.25,1.0694,-0.048229,0.031928,4,-61.5,4.6909,921.75,3
352,142.75,1.3039,-0.15158,0.13455999999999999,3,-50.0,5.2217,921.25,3
353,143.0,0.92865,-0.01378,-0.036489999999999995,4,-62.5,6.1022,920.25,3
354,143.25,1.0225,-0.01378,-0.0022806,4,-62.0,2.2841,924.25,3
355,143.5,1.0225,-0.01378,-0.0022806,3,-50.5,5.7555,920.75,3
356,143.63,1.0225,-0.01378,-0.0022806,4,-61.0,5.6527,920.75,3
357,143.75,1.0342,-0.025263,-0.0022806,4,-61.0,0.018408,923.25,3
358,144.25,0.9403799999999999,-0.036746,-0.047893,4,-62.5,1.2793,925.25,3
359,144.75,0.9990100000000001,-0.01378,-0.036489999999999995,4,-60.5,4.6388,921.75,3
360,145.0,0.9403799999999999,-0.025263,-0.070699,1,-63.0,1.2579,922.75,3
361,145.5,1.2218,-0.15158,0.066138,4,-61.0,6.1037,920.25,3
362,145.6,1.2218,-0.15158,0.066138,1,-63.5,2.7673,924.75,3
363,146.0,0.9169299999999999,-0.025263,-0.059296,4,-61.5,6.185,923.25,3
364,146.25,0.9169299999999999,-0.025263,-0.059296,3,-51.0,4.8873,922.25,3
365,146.35,0.9169299999999999,-0.025263,-0.059296,4,-60.5,4.0666,922.25,3
366,146.75,1.2687,-0.15158,0.10035,1,-63.5,0.42491,923.75,3
367,147.0,1.2687,-0.15158,0.10035,4,-60.5,4.5437,921.75,3
368,147.08,1.2687,-0.15158,0.10035,4,-60.5,4.5452,921.75,3
369,147.5,1.0225,-0.01378,-0.025087,4,-61.0,3.5818,922.75,3
370,147.6,1.0225,-0.01378,-0.025087,4,-60.5,5.0284,921.25,3
371,147.75,1.0225,-0.01378,-0.025087,3,-51.0,6.207999999999999,920.25,3
372,148.25,1.0811,-0.07119600000000001,-0.013684,4,-62.0,2.1430000000000002,924.25,3
373,148.5,1.0811,-0.07119600000000001,-0.013684,4,-61.0,5.5545,920.75,3
374,148.75,0.9169299999999999,-0.025263,-0.059296,4,-61.0,4.1141,922.25,3
375,149.5,1.1045,-0.07119600000000001,0.020525,4,-60.5,4.605,921.75,3
376,150.0,0.9403799999999999,-0.01378,-0.047893,4,-60.5,5.0299,921.25,3
377,150.25,0.96383,-0.01378,-0.036489999999999995,4,-61.5,6.0147,920.25,3
378,150.5,0.96383,-0.01378,-0.036489999999999995,4,-62.0,1.6751,924.75,3
379,151.0,1.2570000000000001,-0.16305999999999998,0.08894400000000001,4,-61.5,6.1758,923.25,3
380,151.25,1.2570000000000001,-0.16305999999999998,0.08894400000000001,4,-61.0,4.0758,922.25,3
381,151.75,1.1163,-0.094162,0.031928,4,-61.5,2.5924,923.75,3
382,152.0,1.128,-0.082679,0.043332,4,-63.0,0.82835,925.75,3
383,152.25,1.128,-0.082679,0.043332,3,-51.0,4.5912,922.75,3
384,152.5,1.2335,-0.11713,0.08894400000000001,3,-51.0,5.5131,921.25,3
385,152.6,1.2335,-0.11713,0.08894400000000001,4,-60.0,5.0223,921.25,3
386,153.0,0.9169299999999999,-0.025263,-0.047893,4,-61.5,1.6935,924.75,3
387,154.5,1.2687,-0.16305999999999998,0.08894400000000001,4,-60.5,1.4573,921.75,3
388,154.75,1.2687,-0.16305999999999998,0.08894400000000001,4,-61.0,3.6018,922.75,3
389,155.0,0.96383,-0.01378,-0.025087,4,-60.5,5.0759,921.25,3
390,155.5,1.0694,-0.059712,0.0091224,1,-62.5,2.8348,924.75,3
391,155.58,1.0694,-0.059712,0.0091224,4,-62.0,5.3904,924.25,3
392,155.75,1.0694,-0.059712,0.0091224,4,-61.5,5.6052,920.75,3
393,156.0,1.1749,-0.12861,0.066138,3,-50.5,4.6786,922.25,3
394,156.25,1.1749,-0.12861,0.066138,4,-61.5,4.1279,922.25,3
395,156.75,0.9052,-0.01378,-0.036489999999999995,4,-61.5,4.5881,921.75,3
396,157.25,1.2335,-0.15158,0.077541,3,-50.0,5.28,921.25,3
397,157.5,0.9052,-0.036746,-0.047893,3,-50.5,5.9411,920.25,3
398,157.58,0.9052,-0.036746,-0.047893,3,-50.5,5.9227,920.25,3
399,157.75,0.9403799999999999,-0.025263,-0.047893,3,-50.5,5.9304,920.25,3
400,158.0,1.0928,-0.059712,0.020525,4,-62.5,2.2074,924.25,3
401,158.5,1.1983,-0.12861,0.066138,3,-50.5,4.6863,922.25,3
402,158.6,1.1983,-0.12861,0.066138,3,-50.5,4.6878,922.25,3
403,158.75,0.96383,-0.025263,-0.036489999999999995,4,-63.0,1.3361,925.25,3
404,159.25,1.1983,-0.14009000000000002,0.08894400000000001,3,-53.5,5.7785,925.75,3
405,159.35,1.1983,-0.14009000000000002,0.08894400000000001,4,-63.5,0.9111799999999999,925.75,3
406,159.75,1.1045,-0.07119600000000001,0.020525,4,-61.5,5.0944,921.25,3
407,160.0,1.1045,-0.07119600000000001,0.020525,1,-63.5,3.5604,920.25,3
408,160.25,1.1045,-0.07119600000000001,0.020525,4,-63.0,4.875,924.75,3
409,160.75,1.0811,-0.059712,0.031928,1,-62.0,1.0293,923.25,3
410,161.0,1.0811,-0.059712,0.031928,3,-50.5,4.7032,922.25,3
411,161.1,1.0811,-0.059712,0.031928,3,-50.5,4.6955,922.25,3
412,161.15,1.0811,-0.059712,0.031928,4,-61.5,4.1586,922.25,3
413,161.25,1.2687,-0.16305999999999998,0.12315,4,-62.0,2.6737,923.75,3
414,161.75,0.9169299999999999,-0.025263,-0.059296,4,-61.5,4.6449,921.75,3
415,162.25,1.1397,-0.094162,0.054735,3,-50.5,5.8966,920.25,3
416,162.75,0.9403799999999999,-0.036746,-0.059296,4,-62.5,2.235,924.25,3
417,163.25,1.1632,-0.10565,0.066138,3,-51.0,4.0697,923.25,3
418,163.75,1.0694,-0.059712,0.020525,3,-52.0,3.7689999999999997,923.75,3
419,164.25,1.1514,-0.10565,0.043332,3,-51.0,4.3841,922.75,3
420,164.5,0.9872799999999999,-0.025263,-0.025087,4,-62.0,0.5461,922.75,3
421,165.0,1.1514,-0.11713,0.054735,4,-62.5,1.8132,924.75,3
422,165.5,1.1514,-0.10565,0.054735,3,-51.0,4.0789,923.25,3
423,165.75,1.1514,-0.10565,0.054735,3,-51.0,4.0727,923.25,3
424,165.83,0.9403799999999999,-0.025263,-0.036489999999999995,4,-61.5,4.1709,922.25,3
425,166.0,0.9403799999999999,-0.025263,-0.036489999999999995,4,-61.5,4.1556,922.25,3
426,166.25,0.9990100000000001,-0.0022965999999999998,-0.025087,1,-62.0,2.2902,921.75,3
427,166.75,1.1866,-0.10565,0.077541,3,-50.5,4.3764,922.75,3
428,166.85,1.1866,-0.10565,0.077541,3,-50.5,4.3718,922.75,3
429,167.0,1.1866,-0.10565,0.077541,1,-61.5,1.4696,922.75,3
430,167.25,1.0107,-0.036746,-0.036489999999999995,4,-62.5,6.1344,920.25,3
431,167.5,1.0107,-0.036746,-0.036489999999999995,4,-63.0,4.9394,924.75,3
432,167.75,1.0107,-0.036746,-0.036489999999999995,3,-50.5,5.5929,920.75,3
433,168.25,1.2687,-0.15158,0.10035,3,-50.5,4.7109,922.25,3
434,168.5,1.2687,-0.15158,0.10035,1,-60.5,1.7763,922.25,3
435,168.58,1.2687,-0.15158,0.10035,4,-62.0,5.7217,923.75,3
436,169.0,0.92865,0.0091865,-0.036489999999999995,4,-60.5,4.559,921.75,3
437,169.75,1.1749,-0.12861,0.054735,4,-60.0,6.0377,920.25,3
438,169.88,1.1749,-0.12861,0.054735,4,-60.5,6.0792,920.25,3
439,170.0,1.1749,-0.12861,0.054735,4,-61.0,1.7533,924.75,3
440,170.75,0.92865,-0.036746,-0.036489999999999995,4,-59.5,0.9234600000000001,922.25,3
441,171.0,1.2570000000000001,-0.12861,0.11175,3,-52.5,3.9531,923.75,3
442,171.13,1.2570000000000001,-0.12861,0.11175,4,-61.0,2.5648,923.75,3
443,171.5,0.9403799999999999,-0.036746,-0.047893,4,-63.5,0.90812,925.75,3
444,172.0,1.2804,-0.17454,0.10035,4,-60.0,5.079,921.25,3
445,172.5,1.2335,-0.15158,0.077541,4,-61.0,2.0356,924.25,3
446,173.0,1.0811,-0.059712,0.0091224,4,-61.0,6.1375,923.25,3
447,173.5,1.2921,-0.17454,0.11175,4,-63.0,1.2088,925.25,3
448,173.75,1.2921,-0.17454,0.11175,4,-60.5,4.4624,921.75,3
449,174.25,1.0576,-0.036746,-0.0022806,4,-60.5,4.9808,921.25,3
450,174.75,0.9990100000000001,-0.025263,-0.025087,4,-61.5,6.0163,920.25,3
451,174.85,0.9990100000000001,-0.025263,-0.025087,3,-52.0,3.8089,924.75,3
452,175.0,1.4094,-0.0022965999999999998,0.066138,1,-59.5,1.2548,920.75,3
453,175.75,1.0342,0.43406000000000006,0.54506,3,-58.5,0.58291,922.25,1
454,178.25,1.0342,0.43406000000000006,0.54506,1,-67.5,0.23776999999999998,925.25,1
455,178.75,1.0342,0.43406000000000006,0.54506,4,-57.0,6.251,921.75,1
456,179.0,1.0342,0.43406000000000006,0.54506,1,-59.0,5.349,922.75,1
457,180.0,0.31893,1.0427,0.054735,3,-66.0,0.056757,924.25,1
458,180.5,0.31893,1.0427,0.054735,4,-58.5,0.13652,922.25,1
459,181.0,0.31893,1.0427,0.054735,1,-60.5,0.59518,921.75,1
460,181.75,0.31893,1.0427,0.054735,4,-57.5,5.7448,920.25,1
461,182.5,0.31893,1.0427,0.054735,4,-57.5,1.8331,920.75,1
462,183.25,0.31893,1.0427,0.054735,1,-64.5,2.64,923.75,1
463,184.25,0.23685,0.97377,0.043332,4,-55.5,0.48933999999999994,920.25,1
464,184.5,0.23685,0.97377,0.043332,3,-61.5,0.029146,924.75,1
465,184.75,0.23685,0.97377,0.043332,1,-59.5,5.8797,924.25,1
466,185.0,0.23685,0.97377,0.043332,1,-59.0,0.19482,923.25,1
467,185.25,0.23685,0.97377,0.043332,1,-58.5,0.76085,922.25,1
468,185.75,0.33066,0.93932,0.14595999999999998,1,-62.5,6.0101,923.75,1
469,186.25,0.33066,0.93932,0.14595999999999998,4,-59.0,0.13039,925.75,1
470,186.35,0.33066,0.93932,0.14595999999999998,1,-58.5,0.2301,922.75,1
471,186.5,0.33066,0.93932,0.14595999999999998,1,-58.0,1.2778,921.25,1
472,187.0,0.51826,0.9048700000000001,0.20297,4,-57.0,0.26998,924.75,1
473,187.1,0.51826,0.9048700000000001,0.20297,1,-57.0,4.7339,924.75,1
474,187.25,0.51826,0.9048700000000001,0.20297,1,-58.0,5.1174,924.25,1
475,187.5,0.51826,0.9048700000000001,0.20297,1,-58.0,1.5033,920.75,1
476,187.75,0.10787000000000001,0.99674,0.031928,1,-57.5,0.20861999999999997,922.25,1
477,188.0,0.10787000000000001,0.99674,0.031928,4,-58.5,5.9135,925.25,1
478,188.25,0.10787000000000001,0.99674,0.031928,1,-56.5,5.6865,923.75,1
479,188.65,0.31893,0.93932,0.11175,1,-57.0,0.9679399999999999,921.75,1
480,188.75,0.31893,0.93932,0.11175,3,-61.5,0.40344,922.75,1
481,189.0,0.31893,0.93932,0.11175,1,-57.5,0.076699,922.75,1
482,189.1,0.31893,0.93932,0.11175,4,-57.0,0.56911,921.25,1
483,189.25,0.31893,0.93932,0.11175,4,-58.0,1.0017,920.25,1
484,190.0,0.43618999999999997,0.97377,-0.036489999999999995,1,-59.5,6.1068,923.25,1
485,190.75,0.29548,0.8589399999999999,0.14595999999999998,1,-58.5,5.484,923.75,1
486,191.0,0.29548,0.8589399999999999,0.14595999999999998,1,-60.0,4.0144,925.75,1
487,191.5,0.29548,0.8589399999999999,0.14595999999999998,3,-68.5,5.3244,921.25,1
488,192.0,0.29548,0.8589399999999999,0.14595999999999998,1,-59.5,5.2247,924.25,1
489,192.5,0.29548,0.8589399999999999,0.14595999999999998,1,-59.5,6.0163,923.25,1
490,193.0,0.29548,0.8589399999999999,0.14595999999999998,3,-68.5,2.4636,925.25,1
491,193.5,0.29548,0.8589399999999999,0.14595999999999998,1,-59.5,0.32981,922.75,1
492,194.0,0.29548,0.8589399999999999,0.14595999999999998,4,-58.0,0.67955,921.25,1
493,194.75,0.29548,0.96229,0.077541,1,-58.0,1.7242,920.75,1
494,195.0,0.29548,0.96229,0.077541,4,-59.5,5.7846,922.25,1
495,195.75,0.29548,0.96229,0.077541,3,-68.5,1.4603,921.75,1
496,196.25,0.29548,0.96229,0.077541,1,-58.5,1.1766,921.25,1
497,196.75,0.29548,0.96229,0.077541,4,-61.5,0.12272000000000001,924.75,1
498,197.25,0.29548,0.96229,0.077541,1,-57.5,1.534,920.75,1
499,198.25,0.29548,0.97377,0.12315,3,-64.0,6.1927,921.75,1
500,198.75,0.29548,0.97377,0.12315,1,-57.5,0.5507,921.25,1
501,199.0,0.29548,0.97377,0.12315,1,-57.5,1.5156,920.25,1
502,199.25,0.29548,0.97377,0.12315,3,-64.5,4.513,924.25,1
503,199.75,0.15478,1.0427,0.066138,4,-57.0,1.0048,923.25,1
504,200.0,0.15478,1.0427,0.066138,3,-63.5,5.2938,922.25,1
505,200.25,0.15478,1.0427,0.066138,1,-58.0,0.48933999999999994,925.25,1
506,201.0,0.2603,0.98526,0.13455999999999999,1,-57.5,5.4963,922.75,1
507,201.25,0.2603,0.98526,0.13455999999999999,3,-68.0,6.254,921.25,1
508,201.75,0.2603,0.98526,0.13455999999999999,1,-58.5,1.1965,924.75,1
509,202.0,0.2603,0.98526,0.13455999999999999,1,-57.5,1.1934,920.75,1
510,202.25,0.2603,0.98526,0.13455999999999999,1,-58.0,5.372000000000001,923.25,1
511,202.5,0.2603,0.98526,0.13455999999999999,1,-58.0,0.07209700000000001,922.25,1
512,203.0,0.28376,0.95081,0.14595999999999998,1,-61.5,0.3835,925.75,1
513,203.5,0.28376,0.95081,0.14595999999999998,1,-59.0,0.78386,921.25,1
514,203.75,0.28376,0.95081,0.14595999999999998,4,-57.0,4.4225,920.25,1
515,204.25,0.28376,0.95081,0.14595999999999998,1,-59.0,4.7293,924.25,1
516,204.5,0.28376,0.95081,0.14595999999999998,4,-56.5,0.78847,920.75,1
517,204.75,0.28376,0.95081,0.14595999999999998,4,-57.5,4.3995,923.25,1
518,205.5,0.17823,1.0082,0.054735,4,-57.5,5.7141,921.75,1
519,205.6,0.17823,1.0082,0.054735,1,-57.5,0.7639199999999999,925.75,1
520,206.0,0.24858000000000002,0.97377,0.12315,1,-56.0,1.3223,921.25,1
521,206.25,0.24858000000000002,0.97377,0.12315,1,-56.0,5.2385,920.25,1
522,206.5,0.24858000000000002,0.97377,0.12315,3,-67.0,0.23776999999999998,924.75,1
523,206.75,0.24858000000000002,0.97377,0.12315,1,-56.0,1.4481,920.75,1
524,207.0,0.24858000000000002,0.97377,0.12315,4,-56.0,0.31293000000000004,920.75,1
525,207.75,0.28376,0.92784,0.25999,1,-63.0,5.8,921.75,1
526,208.75,0.23685,1.0312,0.20297,1,-64.0,4.7385,920.25,1
527,209.0,0.23685,1.0312,0.20297,1,-60.0,4.8658,924.25,1
528,209.75,0.1196,1.0656,0.12315,1,-57.5,1.2855,922.25,1
529,210.0,0.1196,1.0656,0.12315,3,-64.5,4.7661,925.25,1
530,210.25,0.1196,1.0656,0.12315,4,-56.5,0.43565,921.75,1
531,210.75,0.2134,0.9163600000000001,0.077541,1,-57.5,2.169,921.25,1
532,211.0,0.2134,0.9163600000000001,0.077541,1,-58.0,0.049087,920.25,1
533,211.25,0.2134,0.9163600000000001,0.077541,1,-58.5,5.7018,924.75,1
534,211.5,0.2134,0.9163600000000001,0.077541,1,-57.5,0.092039,924.25,1
535,212.25,0.17823,1.0197,0.031928,1,-56.5,5.2677,925.25,1
536,212.5,0.17823,1.0197,0.031928,3,-66.5,4.9164,923.75,1
537,212.75,0.17823,1.0197,0.031928,1,-56.5,4.6878,921.75,1
538,213.0,0.17823,1.0197,0.031928,1,-58.0,0.4065,922.75,1
539,213.25,0.17823,1.0197,0.031928,1,-56.5,1.7012,921.25,1
540,213.5,0.24858000000000002,0.98526,0.11175,3,-67.5,0.17334000000000002,920.25,1
541,214.0,0.24858000000000002,0.98526,0.11175,1,-57.5,5.4963,924.25,1
542,214.25,0.24858000000000002,0.98526,0.11175,4,-57.0,1.0953,920.75,1
543,214.5,0.24858000000000002,0.98526,0.11175,1,-58.0,6.1651,923.25,1
544,214.75,0.24858000000000002,0.98526,0.11175,4,-57.0,5.7033,922.25,1
545,215.0,0.24858000000000002,0.98526,0.11175,1,-58.5,5.7478,923.75,1
546,216.25,0.20168,0.98526,0.10035,3,-69.5,5.9841,924.75,1
547,216.75,0.20168,0.98526,0.10035,4,-57.0,1.0416,920.75,1
548,216.88,0.20168,0.98526,0.10035,1,-58.0,6.1083,923.25,1
549,217.0,0.20168,0.98526,0.10035,1,-57.5,0.70563,922.25,1
550,217.75,0.20168,0.98526,0.066138,1,-57.0,1.083,921.75,1
551,218.0,0.20168,0.98526,0.066138,3,-68.0,0.94647,922.75,1
552,218.5,0.20168,0.98526,0.066138,1,-57.0,5.3306,920.25,1
553,218.75,0.20168,0.98526,0.066138,1,-58.5,4.8274,924.75,1
554,219.25,0.20168,1.0082,0.066138,1,-57.5,5.9933,923.25,1
555,219.5,0.20168,1.0082,0.066138,3,-65.0,4.559,922.25,1
556,219.75,0.20168,1.0082,0.066138,4,-58.0,0.7992,923.75,1
557,220.0,0.20168,1.0082,0.066138,4,-57.5,6.1144,921.75,1
558,220.25,0.20168,1.0082,0.066138,1,-58.0,0.061359000000000004,925.75,1
559,220.5,0.20168,1.0082,0.066138,4,-59.0,4.7737,922.75,1
560,220.75,0.20168,1.0082,0.066138,4,-59.0,0.030680000000000002,921.25,1
561,221.25,0.31893,0.96229,0.10035,3,-62.0,0.97715,924.25,1
562,221.5,0.31893,0.96229,0.10035,4,-59.5,0.72097,920.75,1
563,221.75,0.31893,0.96229,0.10035,4,-60.0,4.3504,923.25,1
564,222.25,0.27203,0.97377,0.08894400000000001,3,-62.5,4.7063,923.75,1
565,222.75,0.27203,0.97377,0.08894400000000001,1,-58.5,0.2347,925.75,1
566,223.0,0.27203,0.97377,0.08894400000000001,1,-56.5,0.8575,921.25,1
567,223.75,0.27203,1.0197,0.11175,1,-58.5,1.2671,924.25,1
568,224.0,0.27203,1.0197,0.11175,1,-57.0,0.8452200000000001,920.75,1
569,224.25,0.27203,1.0197,0.11175,4,-60.0,3.9837,923.25,1
570,224.75,0.27203,1.0197,0.11175,4,-59.0,5.6512,921.75,1
571,225.25,0.27203,1.0197,0.11175,4,-57.5,4.7339,922.75,1
572,225.75,0.2134,0.97377,0.066138,3,-63.5,5.8951,920.25,1
573,226.25,0.2134,0.97377,0.066138,1,-58.5,4.4301,924.25,1
574,226.5,0.2134,0.97377,0.066138,4,-56.5,0.59672,920.75,1
575,226.6,0.2134,0.97377,0.066138,3,-62.5,4.0451,923.25,1
576,227.5,0.45963999999999994,0.9048700000000001,0.14595999999999998,1,-57.0,0.20861999999999997,925.75,1
577,227.75,0.45963999999999994,0.9048700000000001,0.14595999999999998,4,-57.0,0.9127200000000001,922.75,1
578,228.0,0.45963999999999994,0.9048700000000001,0.14595999999999998,1,-55.0,1.0293,921.25,1
579,228.25,0.48308999999999996,0.8819100000000001,0.19157000000000002,4,-58.5,4.9778,924.75,1
580,228.75,0.48308999999999996,0.8819100000000001,0.19157000000000002,1,-56.5,1.3422,924.25,1
581,228.85,0.48308999999999996,0.8819100000000001,0.19157000000000002,1,-56.0,1.1582,920.75,1
582,229.0,0.48308999999999996,0.8819100000000001,0.19157000000000002,1,-56.5,5.349,923.25,1
583,229.25,0.23685,0.96229,0.11175,4,-60.0,4.8735,925.25,1
584,229.75,0.23685,0.96229,0.11175,1,-57.5,4.8244,923.75,1
585,229.85,0.23685,0.96229,0.11175,3,-62.5,5.0023,921.75,1
586,230.25,0.23685,0.96229,0.11175,3,-62.5,4.513,922.75,1
587,230.5,0.23685,0.96229,0.11175,3,-62.5,5.3229,921.25,1
588,230.75,0.23685,0.96229,0.11175,1,-57.0,4.8075,920.25,1
589,231.25,0.29548,0.97377,0.13455999999999999,1,-57.0,4.4777,920.75,1
590,231.5,0.29548,0.97377,0.13455999999999999,1,-58.0,5.461,923.25,1
591,231.6,0.29548,0.97377,0.13455999999999999,1,-58.0,0.030680000000000002,922.25,1
592,232.0,0.29548,0.97377,0.13455999999999999,1,-58.0,5.1097,923.75,1
593,232.25,0.29548,0.97377,0.13455999999999999,1,-57.5,0.34208,921.75,1
594,232.5,0.29548,0.97377,0.13455999999999999,1,-58.0,5.8399,922.75,1
595,232.75,0.29548,0.97377,0.13455999999999999,4,-58.0,5.9979,921.25,1
596,233.5,0.31893,0.97377,0.12315,1,-58.5,4.9808,924.25,1
597,233.75,0.31893,0.97377,0.12315,1,-57.0,1.4404,920.75,1
598,234.0,0.31893,0.97377,0.12315,1,-58.0,5.5822,923.25,1
599,234.1,0.31893,0.97377,0.12315,1,-58.0,0.033748,922.25,1
600,234.5,0.31893,0.97377,0.12315,4,-58.0,5.5423,921.75,1
601,235.0,0.31893,0.97377,0.12315,4,-59.0,4.5007,922.75,1
602,235.25,0.31893,0.97377,0.12315,3,-64.5,4.6955,921.25,1
603,235.75,0.31893,0.97377,0.12315,1,-59.5,4.7814,924.25,1
604,236.25,0.31893,0.97377,0.12315,3,-64.0,5.3183,920.75,1
605,237.0,0.33066,0.93932,0.11175,1,-58.5,0.32674000000000003,921.75,1
606,237.5,0.33066,0.93932,0.11175,3,-64.5,0.6412,922.75,1
607,238.0,0.33066,0.93932,0.11175,1,-58.0,1.4680000000000002,920.25,1
608,238.5,0.33066,0.93932,0.11175,4,-58.5,0.3114,920.75,1
609,238.75,0.33066,0.93932,0.11175,1,-58.5,5.5423,923.25,1
610,239.0,0.33066,0.93932,0.11175,1,-58.5,6.2433,922.25,1
611,240.0,0.37756,0.92784,0.12315,3,-64.0,1.5923,921.25,1
612,240.5,0.37756,0.92784,0.12315,1,-58.0,1.4435,920.25,1
613,241.0,0.37756,0.92784,0.12315,3,-64.0,5.0667,920.75,1
614,241.25,0.37756,0.92784,0.12315,1,-58.5,0.018408,922.25,1
615,241.75,0.37756,0.92784,0.12315,1,-59.0,4.0221,925.25,1
616,241.85,0.37756,0.92784,0.12315,3,-61.5,0.9434,923.75,1
617,242.0,0.37756,0.92784,0.12315,4,-58.0,5.0422,921.75,1
618,242.5,0.24858000000000002,0.98526,0.066138,4,-57.5,5.4625,921.25,1
619,242.75,0.24858000000000002,0.98526,0.066138,1,-56.5,4.4378,920.25,1
620,243.0,0.24858000000000002,0.98526,0.066138,1,-58.5,0.80381,924.75,1
621,243.25,0.24858000000000002,0.98526,0.066138,4,-60.0,5.7908,924.25,1
622,243.53,0.24858000000000002,0.98526,0.066138,3,-62.5,5.803,920.75,1
623,244.0,0.47136000000000006,0.8819100000000001,0.18017,4,-60.5,2.0571,925.25,1
624,244.25,0.47136000000000006,0.8819100000000001,0.18017,1,-57.0,0.47553,921.75,1
625,244.5,0.47136000000000006,0.8819100000000001,0.18017,4,-61.5,1.6782,925.75,1
626,245.0,0.47136000000000006,0.8819100000000001,0.18017,1,-58.0,4.2046,921.25,1
627,245.25,0.47136000000000006,0.8819100000000001,0.18017,4,-57.0,1.172,920.25,1
628,245.5,0.47136000000000006,0.8819100000000001,0.18017,1,-60.0,4.3949,924.75,1
629,245.75,0.47136000000000006,0.8819100000000001,0.18017,3,-65.5,4.9946,920.75,1
630,246.5,0.29548,0.98526,0.043332,3,-62.5,1.1106,923.75,1
631,246.75,0.29548,0.98526,0.043332,1,-56.5,0.041417,921.75,1
632,247.0,0.29548,0.98526,0.043332,1,-58.5,6.119,925.75,1
633,247.5,0.2134,1.0197,0.031928,3,-62.5,6.0454,920.25,1
634,248.0,0.2134,1.0197,0.031928,1,-58.0,3.7782,924.75,1
635,248.25,0.2134,1.0197,0.031928,1,-57.5,1.0723,924.25,1
636,248.35,0.2134,1.0197,0.031928,3,-62.5,5.4855,920.75,1
637,249.0,0.34238,0.93932,0.21438000000000001,3,-64.0,0.001534,923.75,1
638,249.5,0.34238,0.93932,0.21438000000000001,1,-59.0,5.3260000000000005,922.75,1
639,249.75,0.34238,0.93932,0.21438000000000001,4,-57.5,5.8629,921.25,1
640,250.0,0.34238,0.93932,0.21438000000000001,3,-62.0,5.5116,920.25,1
641,250.5,0.34238,0.93932,0.21438000000000001,3,-63.0,0.17794000000000001,924.25,1
642,250.75,0.34238,0.93932,0.21438000000000001,4,-57.5,6.2556,920.75,1
643,251.25,0.29548,0.96229,0.12315,1,-58.5,5.8046,922.25,1
644,251.5,0.29548,0.96229,0.12315,1,-59.0,1.4834,923.75,1
645,251.75,0.29548,0.96229,0.12315,4,-57.5,5.4334,921.75,1
646,252.25,0.29548,0.96229,0.12315,1,-58.0,5.167999999999999,922.75,1
647,252.5,0.29548,0.96229,0.12315,1,-59.0,6.1467,921.25,1
648,253.0,0.34238,0.92784,0.16876,4,-57.5,5.7217,924.25,1
649,253.13,0.34238,0.92784,0.16876,1,-58.0,0.62126,920.75,1
650,253.25,0.34238,0.92784,0.16876,1,-58.0,5.1695,923.25,1
651,253.75,0.41273000000000004,0.9048700000000001,0.317,3,-63.5,0.90812,925.25,1
652,254.0,0.41273000000000004,0.9048700000000001,0.317,1,-58.5,0.27458,921.75,1
653,255.25,0.35411,0.9163600000000001,0.32841,1,-62.5,4.5099,924.75,1
654,256.25,0.34238,0.8819100000000001,0.36262,4,-58.0,5.9979,925.25,1
655,256.5,0.34238,0.8819100000000001,0.36262,1,-59.5,0.36969,921.75,1
656,257.25,0.27203,0.93932,0.32841,4,-56.0,0.7133,921.25,1
657,257.5,0.27203,0.93932,0.32841,3,-65.5,0.70103,920.25,1
658,257.75,0.27203,0.93932,0.32841,1,-58.5,5.7494,924.25,1
659,258.0,0.27203,0.93932,0.32841,1,-57.5,2.2457,920.75,1
660,258.25,0.27203,0.93932,0.32841,4,-56.5,4.8351,923.25,1
661,258.5,0.23685,0.99674,0.13455999999999999,4,-59.0,5.6926,925.25,1
662,258.75,0.23685,0.99674,0.13455999999999999,1,-56.5,5.6865,923.75,1
663,259.0,0.23685,0.99674,0.13455999999999999,1,-55.5,4.5973,921.75,1
664,259.25,0.23685,0.99674,0.13455999999999999,1,-57.0,1.5815,925.75,1
665,259.75,0.47136000000000006,0.8819100000000001,0.12315,1,-57.0,5.8966,920.25,1
666,260.0,0.47136000000000006,0.8819100000000001,0.12315,1,-58.0,4.9962,924.75,1
667,260.25,0.47136000000000006,0.8819100000000001,0.12315,1,-57.5,1.6797,920.75,1
668,260.5,0.47136000000000006,0.8819100000000001,0.12315,1,-58.5,5.8767,923.25,1
669,261.25,0.47136000000000006,0.8819100000000001,0.12315,1,-59.5,5.5469,923.75,1
670,261.53,0.47136000000000006,0.8819100000000001,0.12315,1,-61.5,4.065,925.75,1
671,262.0,0.47136000000000006,0.8819100000000001,0.12315,1,-58.0,1.5217,921.25,1
672,262.25,0.47136000000000006,0.8819100000000001,0.12315,3,-68.0,6.0439,920.25,1
673,263.0,0.22513000000000002,0.99674,0.12315,3,-65.5,4.3903,923.25,1
674,263.5,0.22513000000000002,0.99674,0.12315,4,-59.5,3.8442,923.75,1
675,264.0,0.22513000000000002,0.99674,0.12315,1,-58.0,0.9234600000000001,921.75,1
676,264.25,0.22513000000000002,0.99674,0.12315,1,-59.0,6.0562,922.75,1
677,264.75,0.22513000000000002,0.99674,0.12315,1,-58.0,1.6904,920.25,1
678,265.0,0.22513000000000002,0.99674,0.12315,1,-60.0,4.5943,924.25,1
679,265.75,0.17823,0.97377,0.14595999999999998,1,-58.0,0.3927,922.25,1
680,266.0,0.17823,0.97377,0.14595999999999998,4,-59.5,5.8997,925.25,1
681,266.25,0.17823,0.97377,0.14595999999999998,1,-57.0,5.5392,923.75,1
682,266.32,0.17823,0.97377,0.14595999999999998,3,-59.0,1.8546,921.75,1
683,266.5,0.17823,0.97377,0.14595999999999998,3,-60.5,0.99095,922.75,1
684,266.75,0.17823,0.97377,0.14595999999999998,4,-56.5,0.77313,921.25,1
685,267.25,0.28376,0.96229,0.11175,3,-63.0,5.6987,924.75,1
686,267.5,0.28376,0.96229,0.11175,3,-63.5,5.9626,924.25,1
687,268.0,0.42446000000000006,0.89339,0.12315,4,-57.0,4.6019,923.25,1
688,269.5,0.2603,0.96229,0.066138,4,-57.0,1.8669,920.25,1
689,270.0,0.48308999999999996,0.89339,0.15736,3,-65.0,5.53,924.25,1
690,270.25,0.48308999999999996,0.89339,0.15736,4,-57.0,4.6725,923.25,1
691,270.75,0.2603,0.95081,0.10035,3,-65.0,4.6986,925.25,1
692,271.0,0.2603,0.95081,0.10035,4,-57.0,0.029146,921.75,1
693,271.5,0.29548,0.96229,0.10035,3,-66.0,0.40497,922.75,1
694,271.75,0.29548,0.96229,0.10035,4,-56.5,0.9434,921.25,1
695,272.0,0.29548,0.96229,0.10035,4,-56.5,2.0448,920.25,1
696,272.5,0.24858000000000002,0.99674,0.08894400000000001,3,-63.5,5.4073,924.25,1
697,272.6,0.24858000000000002,0.99674,0.08894400000000001,1,-56.5,5.7954,920.75,1
698,272.75,0.24858000000000002,0.99674,0.08894400000000001,1,-57.0,0.5507,923.25,1
699,273.0,0.24858000000000002,0.99674,0.08894400000000001,1,-56.5,1.5064,922.25,1
700,273.25,0.24858000000000002,0.99674,0.08894400000000001,1,-58.0,5.0391,925.25,1
701,274.0,0.23685,0.95081,0.16876,4,-57.5,5.1174,922.75,1
702,274.25,0.23685,0.95081,0.16876,1,-57.5,1.2793,921.25,1
703,274.35,0.23685,0.95081,0.16876,4,-57.5,4.6019,920.25,1
704,274.75,0.23685,0.95081,0.16876,1,-58.5,4.9287,924.75,1
705,275.0,0.23685,0.95081,0.16876,1,-57.5,1.9251,920.75,1
706,275.25,0.23685,0.95081,0.16876,1,-58.0,6.0362,923.25,1
707,275.5,0.23685,0.95081,0.16876,3,-66.0,5.0008,922.25,1
708,276.5,0.34238,0.92784,0.15736,3,-67.5,1.2134,922.75,1
709,276.75,0.34238,0.92784,0.15736,1,-58.0,5.2324,920.25,1
710,277.25,0.34238,0.92784,0.15736,1,-59.0,5.1542,924.25,1
711,277.5,0.34238,0.92784,0.15736,1,-58.5,5.9718,923.25,1
712,277.75,0.34238,0.92784,0.15736,1,-58.5,0.52769,922.25,1
713,280.0,-0.079733,0.81301,-0.10490999999999999,1,-48.5,6.185,923.25,4
714,280.25,-0.18525999999999998,0.97377,0.14595999999999998,1,-47.5,5.1281,923.25,4
715,280.35,-0.091458,0.89339,0.12315,1,-47.0,1.7763,922.25,4
716,280.5,0.025796,0.97377,0.066138,1,-44.0,5.4702,922.25,4
717,280.63,0.084423,1.0082,0.11175,1,-46.5,6.2817,925.25,4
718,280.75,0.0023451,1.1805,0.24859,1,-45.5,3.7030000000000003,923.75,4
719,280.85,-0.06800700000000001,1.2264,0.08894400000000001,2,-59.5,4.4117,923.75,4
720,281.0,-0.06800700000000001,1.2264,0.08894400000000001,1,-59.0,0.67188,921.75,4
721,282.5,0.072698,1.0656,0.12315,2,-57.0,4.0344,923.25,4
722,283.25,0.072698,1.0656,0.12315,2,-59.0,4.9992,921.75,4
723,287.0,-0.091458,1.0427,0.031928,2,-56.5,1.3376,924.75,2
724,287.25,-0.044557,1.0427,0.020525,2,-54.5,4.9394,923.25,2
725,290.25,0.037521,1.0427,0.043332,2,-57.5,1.1858,925.25,2
726,295.75,0.30721,0.9163600000000001,0.20297,2,-57.0,0.67035,925.75,2
727,303.0,-0.021106,1.0542,0.031928,2,-56.5,0.5875100000000001,925.75,2
728,304.5,0.18995,0.93932,0.16876,2,-54.0,4.8888,923.25,2
729,307.25,0.1665,0.96229,0.13455999999999999,2,-56.5,0.7761899999999999,925.25,2
730,320.0,0.57689,0.8589399999999999,0.27139,2,-51.5,5.4334,921.75,2
731,322.75,0.5534399999999999,0.8704200000000001,0.21438000000000001,2,-52.0,5.9334,921.25,2
732,326.75,0.48308999999999996,0.89339,0.22578,2,-56.5,1.4312,925.25,2
733,329.75,0.30721,0.98526,0.12315,2,-58.0,1.0385,925.75,2
734,330.75,0.44791000000000003,0.92784,0.20297,2,-56.0,1.8377,924.25,2
735,332.25,0.29548,0.98526,0.10035,2,-57.0,1.3039,925.75,2
736,333.5,0.43618999999999997,0.92784,0.18017,2,-57.0,0.087437,920.75,2
737,333.75,0.43618999999999997,0.92784,0.18017,2,-56.0,5.6911,922.25,2
738,334.25,0.43618999999999997,0.92784,0.18017,2,-57.0,4.6418,925.25,2
739,341.0,0.61207,0.9163600000000001,0.066138,2,-56.0,4.8627,923.25,2
740,342.0,0.51826,0.9163600000000001,0.13455999999999999,2,-58.0,0.8651700000000001,925.75,2
741,342.5,0.51826,0.9163600000000001,0.13455999999999999,2,-57.0,0.029146,920.25,2
742,347.5,0.0023451,1.0197,0.054735,2,-53.0,5.1757,924.75,2
743,351.75,0.0023451,1.0427,-0.013684,2,-56.5,1.1551,925.75,2
744,354.25,0.096148,1.0197,0.031928,2,-56.5,1.1858,925.75,2
745,367.25,0.23685,0.95081,0.19157000000000002,2,-55.0,1.445,924.25,2
746,371.25,0.15478,0.98526,0.11175,2,-57.5,0.74398,925.75,2
747,373.0,0.27203,0.96229,0.13455999999999999,2,-57.5,1.2103,925.25,2
748,373.5,0.27203,0.96229,0.13455999999999999,2,-57.0,5.8751,921.75,2
749,374.5,0.31893,0.95081,0.12315,2,-57.5,4.6326,924.75,2
750,375.0,0.31893,0.95081,0.12315,2,-56.5,0.11965,920.75,2
751,375.25,0.31893,0.95081,0.12315,2,-57.0,5.599,922.25,2
752,377.25,0.10787000000000001,0.66373,0.13455999999999999,2,-48.5,4.0037,920.75,4
753,377.5,0.34238,0.95081,0.077541,2,-49.0,2.8885,923.25,4
754,377.6,0.34238,0.95081,0.077541,2,-49.0,6.0669,923.25,4
755,377.75,0.096148,1.0082,-0.013684,2,-48.5,3.7122,922.25,4
756,377.85,0.10787000000000001,1.0197,-0.013684,2,-48.0,3.9822,922.25,4
757,378.0,0.15478,1.0197,-0.025087,2,-48.0,0.7225,923.75,4
758,378.25,0.13132,1.0082,0.0091224,2,-48.0,4.0681,923.75,4
759,378.4,0.13132,1.0082,0.0091224,2,-48.0,4.1126,923.75,4
760,378.48,0.10787000000000001,1.0427,0.031928,2,-47.0,5.1204,921.75,4
761,378.53,0.096148,1.0312,0.0091224,2,-50.0,0.2255,925.75,4
762,378.75,0.13132,1.0197,0.0091224,2,-47.5,4.5866,922.75,4
763,378.83,0.13132,1.0197,0.0091224,2,-47.0,4.5943,922.75,4
764,378.9,0.13132,1.0197,0.0091224,2,-47.5,4.5759,922.75,4
765,378.93,0.084423,1.0427,0.020525,2,-47.5,5.2585,921.25,4
766,379.0,0.096148,1.0197,-0.0022806,2,-47.5,5.2431,921.25,4
767,379.05,0.096148,1.0197,-0.0022806,2,-47.5,5.26,921.25,4
768,379.25,0.41273000000000004,0.8819100000000001,0.11175,2,-48.0,6.1973,920.25,4
769,379.33,0.41273000000000004,0.8819100000000001,0.11175,2,-48.0,0.067495,920.25,4
770,379.35,0.30721,0.8359700000000001,0.16876,2,-48.0,5.6052,924.75,4
771,379.4,0.30721,0.8359700000000001,0.16876,2,-48.0,5.7708,924.75,4
772,379.5,0.30721,0.8359700000000001,0.16876,2,-48.0,6.1651,924.75,4
773,379.6,0.10787000000000001,1.0312,0.054735,2,-48.0,0.81915,924.25,4
774,379.65,0.0023451,0.95081,0.14595999999999998,2,-48.5,1.3622,924.25,4
775,379.75,0.13132,1.0771,0.16876,2,-47.0,4.1801,920.75,4
776,379.85,0.13132,1.0771,0.16876,2,-47.0,4.4439,920.75,4
777,379.88,0.014071,1.0656,0.08894400000000001,2,-46.5,4.7047,923.25,4
778,380.0,-0.044557,1.2034,0.043332,2,-46.5,5.5208,923.25,4
779,380.25,0.13132,1.0312,0.043332,2,-49.0,1.0707,922.25,4
780,380.35,0.20168,0.95081,-0.10490999999999999,2,-52.0,1.1152,925.25,4
781,383.75,0.14305,1.1001,-0.11631,1,-57.0,4.7661,922.75,4
782,384.25,0.14305,1.1001,-0.11631,4,-65.5,1.2118,924.25,4
783,385.0,0.14305,1.1001,-0.11631,1,-58.0,0.52769,922.25,1
784,385.25,0.14305,1.1001,-0.11631,4,-58.0,4.4393,925.25,1
785,385.5,0.14305,1.1001,-0.11631,1,-58.5,4.4915,921.75,1
786,386.25,0.14305,1.1001,-0.11631,1,-61.5,5.7785,921.25,1
787,387.0,0.60034,0.6522399999999999,0.43103,1,-62.0,5.125,920.75,1
788,387.5,0.42446000000000006,0.5029600000000001,0.48805,1,-61.0,0.9756100000000001,922.25,1
789,387.75,0.42446000000000006,0.5029600000000001,0.48805,4,-63.0,0.036816,925.25,1
790,388.0,0.42446000000000006,0.5029600000000001,0.48805,4,-62.5,1.0446,923.75,1
791,388.75,1.0107,0.19292,0.0091224,3,-50.0,5.8598,921.25,3
792,388.88,1.0107,0.19292,0.0091224,3,-49.5,6.2632,920.25,3
793,389.0,0.9169299999999999,-0.048229,0.054735,3,-49.5,6.1037,920.25,3
794,389.1,1.1866,-0.082679,0.13455999999999999,4,-61.5,6.0393,924.75,3
795,389.25,1.1866,-0.082679,0.13455999999999999,3,-50.5,0.22703,924.25,3
796,389.33,1.1866,-0.082679,0.13455999999999999,4,-62.5,0.158,924.25,3
797,389.75,1.0225,-0.15158,-0.0022806,4,-61.0,4.3949,923.25,3
798,390.25,1.2921,-0.14009000000000002,0.08894400000000001,4,-62.0,3.7966,923.75,3
799,390.5,1.2921,-0.14009000000000002,0.08894400000000001,3,-49.5,4.7538,921.75,3
800,391.0,1.0342,0.1355,0.11175,4,-61.5,4.8658,922.75,3
801,391.13,1.0342,0.1355,0.11175,3,-49.5,5.2708,921.25,3
802,391.25,1.0342,0.1355,0.11175,4,-61.5,6.0239,921.25,3
803,391.5,1.1045,-0.17454,-0.036489999999999995,4,-62.0,1.0109,920.25,3
804,392.0,0.97555,-0.07119600000000001,-0.047893,3,-49.5,5.5699,920.75,3
805,392.25,0.9872799999999999,-0.10565,0.020525,3,-51.0,0.7946,923.25,3
806,392.5,1.1514,-0.14009000000000002,0.0091224,4,-63.5,5.2708,925.25,3
807,393.0,0.9169299999999999,-0.059712,-0.059296,3,-49.5,4.7109,921.75,3
808,393.25,1.0694,-0.07119600000000001,-0.025087,3,-50.5,4.0957,922.75,3
809,393.5,1.0694,-0.082679,-0.013684,4,-62.0,5.8966,921.25,3
810,393.75,1.0694,-0.082679,-0.013684,3,-49.0,5.6711,920.25,3
811,394.0,0.9052,-0.07119600000000001,-0.070699,4,-63.5,5.6972,924.75,3
812,394.25,0.9169299999999999,-0.048229,-0.059296,3,-49.5,5.3505,920.75,3
813,394.35,0.9169299999999999,-0.048229,-0.059296,4,-62.0,0.11812,920.75,3
814,394.75,0.96383,-0.048229,-0.047893,4,-62.0,4.0006,923.25,3
815,394.85,0.96383,-0.048229,-0.047893,4,-62.0,4.9118,922.25,3
816,395.25,1.1163,-0.11713,0.031928,4,-62.5,0.36969,923.75,3
817,395.75,0.9521,-0.048229,-0.059296,4,-63.0,1.7012,925.75,3
818,396.0,1.0576,-0.059712,-0.013684,4,-62.0,5.9426,921.25,3
819,396.25,1.0576,-0.059712,-0.013684,3,-49.5,5.6865,920.25,3
820,396.35,0.92865,-0.036746,-0.047893,4,-63.0,5.6205,924.75,3
821,396.5,0.92865,-0.036746,-0.047893,4,-62.5,6.0884,924.25,3
822,397.0,0.96383,-0.025263,-0.036489999999999995,4,-62.5,3.8549,923.25,3
823,397.25,0.9403799999999999,-0.036746,-0.036489999999999995,3,-50.0,4.47,922.25,3
824,397.4,0.9403799999999999,-0.036746,-0.036489999999999995,3,-50.0,4.4624,922.25,3
825,397.75,0.9169299999999999,-0.025263,-0.036489999999999995,4,-62.5,0.23776999999999998,923.75,3
826,397.85,0.9169299999999999,-0.025263,-0.036489999999999995,3,-49.5,4.8934,921.75,3
827,398.5,0.9169299999999999,-0.036746,-0.047893,4,-61.5,5.7586,921.25,3
828,398.6,0.9169299999999999,-0.036746,-0.047893,4,-62.0,0.5415,920.25,3
829,398.75,0.9169299999999999,-0.036746,-0.047893,4,-63.5,5.5622,924.75,3
830,399.25,0.9169299999999999,-0.036746,-0.036489999999999995,4,-62.0,0.05215499999999999,920.75,3
831,399.35,0.9169299999999999,-0.036746,-0.036489999999999995,4,-62.0,0.049087,920.75,3
832,399.75,0.96383,-0.036746,-0.047893,4,-61.5,4.8428,922.25,3
833,400.0,0.96383,-0.036746,-0.047893,4,-63.5,2.0264,925.25,3
834,400.25,0.96383,-0.036746,-0.036489999999999995,4,-61.5,5.3444,921.75,3
835,400.5,0.96383,-0.036746,-0.036489999999999995,3,-50.5,4.1678,922.75,3
836,400.75,1.1397,-0.11713,0.031928,3,-49.5,5.0744,921.25,3
837,401.25,1.0107,-0.036746,-0.025087,4,-63.5,5.5622,924.75,3
838,401.75,0.9169299999999999,-0.036746,-0.047893,3,-51.0,0.8252799999999999,923.25,3
839,401.85,0.9169299999999999,-0.036746,-0.047893,4,-62.5,0.69796,923.25,3
840,402.0,0.9169299999999999,-0.036746,-0.047893,3,-50.0,4.5789,922.25,3
841,402.25,1.1749,-0.12861,0.077541,4,-64.5,1.9037,925.25,3
842,402.5,1.1749,-0.12861,0.077541,4,-63.5,0.14113,923.75,3
843,402.75,1.1749,-0.12861,0.077541,4,-62.0,5.2217,921.75,3
844,403.0,0.96383,-0.036746,-0.025087,3,-50.5,4.2982,922.75,3
845,403.25,0.96383,-0.036746,-0.025087,4,-62.0,4.2921,922.75,3
846,403.5,0.9403799999999999,-0.048229,-0.036489999999999995,3,-49.5,5.888999999999999,920.25,3
847,403.6,1.3156,-0.20899,0.10035,3,-49.5,5.8797,920.25,3
848,403.75,1.3156,-0.20899,0.10035,4,-64.0,5.5484,924.75,3
849,404.0,1.3156,-0.20899,0.10035,4,-63.5,6.0101,924.25,3
850,404.5,0.9872799999999999,-0.036746,-0.047893,4,-63.0,0.7025600000000001,923.25,3
851,404.6,0.9872799999999999,-0.036746,-0.047893,4,-62.0,4.8014,922.25,3
852,405.0,0.9521,-0.036746,-0.036489999999999995,4,-63.0,0.23317,923.75,3
853,405.25,0.9521,-0.036746,-0.036489999999999995,3,-50.0,4.8443,921.75,3
854,405.5,0.9403799999999999,-0.036746,-0.082102,3,-50.5,4.2292,922.75,3
855,405.75,0.9403799999999999,-0.036746,-0.082102,4,-62.5,5.7494,921.25,3
856,407.0,0.9169299999999999,-0.036746,-0.059296,3,-50.5,4.5452,922.25,3
857,407.1,0.9169299999999999,-0.036746,-0.059296,4,-61.5,4.7737,922.25,3
858,407.25,0.9169299999999999,-0.036746,-0.059296,4,-64.0,5.0836,925.25,3
859,408.0,1.2804,-0.16305999999999998,0.10035,3,-49.5,5.2554,921.25,3
860,408.5,1.0107,-0.025263,-0.025087,3,-49.5,5.9196,920.25,3
861,408.6,1.0107,-0.025263,-0.025087,3,-53.0,0.026077999999999997,924.75,3
862,409.0,0.9169299999999999,-0.025263,-0.070699,4,-62.0,6.2004,920.75,3
863,409.5,0.9521,-0.059712,-0.036489999999999995,3,-50.0,4.5452,922.25,3
864,409.75,1.0107,-0.048229,-0.013684,3,-51.5,0.46633,923.75,3
865,410.25,1.0225,-0.036746,-0.013684,4,-65.5,4.7415,925.75,3
866,410.5,1.0225,-0.036746,-0.013684,4,-63.5,4.3151,922.75,3
867,410.75,1.2101,-0.15158,0.08894400000000001,3,-49.0,5.7233,920.25,3
868,411.0,1.2101,-0.15158,0.077541,4,-65.0,5.5653,924.75,3
869,411.5,1.3859,-0.22048,0.13455999999999999,3,-49.0,5.372000000000001,920.75,3
870,411.63,1.3859,-0.22048,0.13455999999999999,3,-49.0,5.3797,920.75,3
871,411.68,1.3859,-0.22048,0.13455999999999999,4,-63.5,6.254,920.75,3
872,412.0,1.1397,-0.15158,0.043332,4,-65.0,5.1772,925.25,3
873,412.5,0.9990100000000001,-0.048229,-0.036489999999999995,4,-63.5,5.2784,921.75,3
874,412.75,0.9990100000000001,-0.048229,-0.036489999999999995,4,-63.5,4.3703,922.75,3
