,time,frontal,vertical,lateral,id,rssi,phase,freq,label
0,0.0,0.13132,-0.082679,1.138,1,-66.0,1.8761,921.75,3
1,0.25,0.13132,-0.082679,1.138,1,-62.0,6.07,925.75,3
2,5.25,0.51826,-0.025263,0.9897799999999999,4,-59.5,5.78,922.75,3
3,59.75,-0.0093803,1.0656,0.14595999999999998,2,-58.0,3.9884,920.75,4
4,61.25,-0.0093803,1.0656,0.14595999999999998,2,-55.0,0.7409100000000001,925.75,3
5,121.5,0.72932,0.30775,0.59068,1,-64.0,1.8730000000000002,921.25,3
6,122.5,0.29548,0.25033,0.77313,4,-57.5,0.26845,922.25,3
7,122.75,0.29548,0.25033,0.77313,1,-63.5,0.05215499999999999,924.75,3
8,139.75,0.29548,0.25033,0.77313,4,-58.0,0.91579,924.75,3
9,144.5,0.29548,0.25033,0.77313,4,-57.0,0.1488,925.25,3
10,156.75,0.7645,0.11254000000000002,0.83014,4,-57.5,0.12272000000000001,925.25,3
11,159.5,0.7645,0.11254000000000002,0.83014,4,-56.5,0.73017,924.75,3
12,161.0,0.69414,0.08956900000000001,0.8187399999999999,4,-56.0,5.8229999999999995,925.75,3
13,161.5,0.69414,0.08956900000000001,0.8187399999999999,4,-56.0,0.58138,922.25,3
14,163.75,0.49481,0.26182,0.85295,4,-56.0,6.0669,922.75,3
15,165.0,0.52999,0.19292,0.86435,4,-55.0,4.4424,924.25,3
16,166.5,0.58862,0.19292,0.87575,4,-55.5,0.81148,924.75,3
17,166.75,0.58862,0.19292,0.87575,4,-55.5,5.0008,923.75,3
18,167.25,0.58862,0.19292,0.87575,4,-54.5,4.6556,924.25,3
19,167.5,0.58862,0.19292,0.87575,4,-56.0,5.6006,923.25,3
20,169.75,0.6472399999999999,0.16995,0.90996,4,-55.5,1.2471,924.25,3
21,170.5,0.6472399999999999,0.16995,0.90996,4,-57.5,0.61206,921.75,3
