,time,frontal,vertical,lateral,id,rssi,phase,freq,label
0,0.0,0.29548,0.97377,0.08894400000000001,1,-61.0,5.6527,923.75,1
1,0.5,0.29548,0.97377,0.08894400000000001,1,-60.0,1.4297,921.75,1
2,1.25,0.17823,1.0542,0.031928,1,-61.0,6.1221,920.25,1
3,1.5,0.17823,1.0542,0.031928,1,-62.0,5.6128,924.25,1
4,1.75,0.17823,1.0542,0.031928,1,-60.5,2.3976,920.75,1
5,3.25,0.22513000000000002,0.99674,0.054735,3,-64.0,5.3597,922.75,1
6,3.5,0.22513000000000002,0.99674,0.054735,4,-56.0,5.2631,921.25,1
7,3.75,0.22513000000000002,0.99674,0.054735,4,-56.5,6.2586,920.25,1
8,4.25,0.33066,1.0082,0.054735,4,-57.0,5.8767,920.75,1
9,4.5,0.33066,1.0082,0.054735,4,-57.0,0.25156999999999996,923.25,1
10,4.75,0.33066,1.0082,0.054735,1,-60.5,1.8607,922.25,1
11,5.0,0.33066,1.0082,0.054735,1,-61.5,0.7087,923.75,1
12,5.75,0.33066,1.0082,0.054735,4,-56.5,5.438,921.25,1
13,6.25,0.31893,0.97377,0.12315,4,-57.0,1.784,924.75,1
14,6.5,0.31893,0.97377,0.12315,1,-61.5,5.957999999999999,920.75,1
15,7.25,0.31893,0.97377,0.12315,1,-65.5,1.5033,925.25,1
16,8.25,0.18995,1.0427,0.043332,1,-61.0,5.2232,921.25,1
17,9.5,0.37756,0.93932,0.15736,4,-57.0,0.24697,923.25,1
18,9.75,0.37756,0.93932,0.15736,1,-65.5,1.5417,925.25,1
19,10.0,0.37756,0.93932,0.15736,1,-61.5,1.5156,921.75,1
20,11.0,0.22513000000000002,1.0082,0.077541,1,-62.0,6.0669,920.25,1
21,12.25,0.36583000000000004,0.96229,0.11175,1,-64.0,4.4884,925.25,1
22,12.75,0.36583000000000004,0.96229,0.11175,1,-66.0,1.0815,925.75,1
23,13.25,0.36583000000000004,0.96229,0.11175,4,-57.0,5.2861,921.25,1
24,13.5,0.36583000000000004,0.96229,0.11175,4,-58.0,2.0126,924.75,1
25,13.75,0.36583000000000004,0.96229,0.11175,4,-57.5,5.9994,920.75,1
26,14.75,0.52999,0.8819100000000001,0.20297,4,-57.5,5.9963,923.75,1
27,15.0,0.52999,0.8819100000000001,0.20297,1,-60.5,1.6812,921.75,1
28,15.5,0.52999,0.8819100000000001,0.20297,1,-60.5,1.9926,921.25,1
29,16.0,0.52999,0.8819100000000001,0.20297,4,-59.0,4.9916,924.75,1
30,16.5,0.52999,0.8819100000000001,0.20297,4,-57.5,5.8276,920.75,1
31,16.75,0.52999,0.8819100000000001,0.20297,4,-57.0,4.3642,922.25,1
32,17.25,0.52999,0.8819100000000001,0.20297,4,-57.5,6.0009,923.75,1
33,18.0,0.2603,0.98526,0.077541,1,-61.0,0.9203899999999999,922.75,1
34,18.25,0.2603,0.98526,0.077541,4,-57.5,0.08897100000000001,920.25,1
35,18.75,0.2603,0.98526,0.077541,1,-62.5,5.7923,924.25,1
36,19.0,0.2603,0.98526,0.077541,4,-57.5,0.14265999999999998,923.25,1
37,19.25,0.2603,0.98526,0.077541,1,-65.0,4.8903,925.25,1
38,20.0,0.2603,0.98526,0.077541,4,-59.5,0.9587399999999999,925.75,1
39,20.5,0.2603,0.98526,0.077541,1,-60.5,1.9804,921.25,1
40,21.25,0.29548,0.98526,0.11175,4,-57.5,5.8123,920.75,1
41,22.0,0.29548,0.98526,0.11175,1,-64.5,1.7702,925.25,1
42,22.25,0.29548,0.98526,0.11175,4,-57.0,1.7104,921.75,1
43,22.75,0.29548,0.98526,0.11175,4,-57.5,0.7409100000000001,922.75,1
44,23.0,0.29548,0.98526,0.11175,1,-61.0,6.0669,920.25,1
45,24.0,0.27203,0.97377,0.10035,4,-57.5,1.198,922.25,1
46,24.5,0.27203,0.97377,0.10035,4,-58.0,5.9641,923.75,1
47,24.75,0.27203,0.97377,0.10035,1,-61.0,1.5969,921.75,1
48,25.25,0.27203,0.97377,0.10035,1,-60.5,2.0341,921.25,1
49,25.75,0.27203,0.97377,0.10035,4,-58.5,5.0913,924.75,1
50,26.25,0.27203,0.97377,0.10035,4,-57.5,5.9442,920.75,1
51,26.5,0.27203,0.97377,0.10035,4,-57.5,0.33134,923.25,1
52,26.6,0.27203,0.97377,0.10035,1,-61.0,1.3929,922.25,1
53,27.5,0.28376,0.95081,0.10035,1,-61.0,0.7639199999999999,922.75,1
54,28.0,0.28376,0.95081,0.10035,1,-60.5,2.7949,920.25,1
55,28.5,0.28376,0.95081,0.10035,4,-57.5,2.1614,924.25,1
56,28.75,0.28376,0.95081,0.10035,2,-67.5,5.5791,920.75,1
57,29.25,0.28376,0.95081,0.10035,4,-58.5,1.3821,925.25,1
58,30.0,0.24858000000000002,0.98526,0.08894400000000001,1,-60.5,1.1152,922.75,1
59,30.25,0.24858000000000002,0.98526,0.08894400000000001,4,-57.5,0.22855999999999999,920.25,1
60,30.75,0.24858000000000002,0.98526,0.08894400000000001,4,-58.0,1.9911,924.75,1
61,31.0,0.24858000000000002,0.98526,0.08894400000000001,4,-57.5,5.7647,920.75,1
62,31.25,0.24858000000000002,0.98526,0.08894400000000001,4,-57.0,1.149,922.25,1
63,32.0,0.31893,0.95081,0.11175,3,-63.5,5.2431,921.75,1
64,32.5,0.31893,0.95081,0.11175,1,-60.0,2.1399,921.25,1
65,32.75,0.31893,0.95081,0.11175,1,-60.5,6.1068,920.25,1
66,33.25,0.31893,0.95081,0.11175,4,-57.5,5.4702,924.25,1
67,34.0,0.27203,0.97377,0.08894400000000001,1,-65.0,1.8883,925.25,1
68,34.5,0.27203,0.97377,0.08894400000000001,4,-57.0,1.5493,921.75,1
69,35.0,0.27203,0.97377,0.08894400000000001,4,-57.0,5.1588,921.25,1
70,35.75,0.30721,0.98526,0.11175,4,-57.0,5.4027,924.25,1
71,36.0,0.30721,0.98526,0.11175,1,-61.0,2.4145,920.75,1
72,36.25,0.30721,0.98526,0.11175,4,-56.5,1.2333,922.25,1
73,36.5,0.30721,0.98526,0.11175,4,-57.5,6.0163,923.75,1
74,37.0,0.30721,0.98526,0.11175,4,-56.5,1.7288,921.75,1
75,37.75,0.29548,0.98526,0.10035,4,-57.5,6.2387,920.25,1
76,38.0,0.29548,0.98526,0.10035,4,-58.0,1.7395,924.75,1
77,38.275,0.29548,0.98526,0.10035,4,-57.0,5.7003,920.75,1
78,38.5,0.29548,0.98526,0.10035,1,-62.5,0.3114,923.25,1
79,38.75,0.29548,0.98526,0.10035,4,-58.0,1.3821,925.25,1
80,39.25,0.29548,0.98526,0.10035,1,-62.0,6.2709,923.75,1
81,40.0,0.24858000000000002,0.97377,0.10035,4,-57.0,0.27458,920.25,1
82,40.25,0.24858000000000002,0.97377,0.10035,4,-57.5,2.0402,924.75,1
83,40.75,0.24858000000000002,0.97377,0.10035,4,-57.0,5.9426,920.75,1
84,41.0,0.24858000000000002,0.97377,0.10035,1,-61.5,0.40344,923.25,1
85,41.25,0.24858000000000002,0.97377,0.10035,4,-57.0,4.4317,922.25,1
86,41.5,0.24858000000000002,0.97377,0.10035,4,-57.5,6.0301,923.75,1
87,42.25,0.2134,0.99674,0.08894400000000001,4,-57.5,0.77159,922.75,1
88,42.5,0.2134,0.99674,0.08894400000000001,1,-60.5,2.0939,921.25,1
89,42.75,0.2134,0.99674,0.08894400000000001,1,-64.0,5.3244,924.75,1
90,43.25,0.2134,0.99674,0.08894400000000001,1,-60.0,2.4176,920.75,1
91,43.75,0.37756,0.93932,0.11175,1,-61.5,4.3734,925.25,1
92,44.75,0.35411,0.98526,0.11175,1,-60.0,1.195,921.25,1
93,45.0,0.35411,0.98526,0.11175,1,-59.0,1.3392,920.25,1
94,45.5,0.35411,0.98526,0.11175,4,-57.5,5.3873,924.25,1
95,45.6,0.35411,0.98526,0.11175,1,-60.5,0.62126,920.75,1
96,46.5,0.23685,0.97377,0.18017,4,-64.5,2.0034,923.75,1
97,47.25,0.23685,0.97377,0.18017,1,-56.5,5.645,921.25,1
98,47.5,0.23685,0.97377,0.18017,4,-58.0,2.2074,920.25,1
99,48.25,0.51826,0.82449,0.43103,4,-61.0,1.1321,920.75,1
100,48.5,0.51826,0.82449,0.43103,3,-53.5,5.5591,922.25,1
101,48.75,0.69414,0.82449,0.27139,3,-57.0,4.9639999999999995,923.75,1
102,49.5,0.54171,0.7096600000000001,-0.09350499999999999,3,-50.5,5.7524,922.75,1
103,49.75,0.8114,0.52593,0.11175,3,-49.5,5.7033,921.25,1
104,49.85,1.2335,1.0542,0.08894400000000001,3,-49.5,5.0192,921.25,1
105,50.0,0.61207,0.75559,-0.15052000000000001,3,-51.0,4.7799,920.25,1
106,50.75,0.97555,0.22737,0.066138,4,-62.0,3.3533,923.25,3
107,51.0,0.97555,0.22737,0.066138,4,-62.0,0.8145399999999999,922.25,3
108,51.25,1.1045,0.078086,0.11175,3,-51.0,0.11198,923.75,3
109,51.5,0.9872799999999999,-0.10565,-0.070699,4,-61.5,4.5452,921.75,3
110,51.575,0.9872799999999999,-0.10565,-0.070699,4,-62.0,4.0083,921.75,3
111,51.75,0.9872799999999999,-0.10565,-0.070699,4,-62.5,6.1881,922.75,3
112,52.0,0.9872799999999999,-0.10565,-0.070699,4,-64.5,0.8528899999999999,921.25,3
113,52.5,0.9403799999999999,-0.036746,-0.11631,4,-66.5,3.6325,924.75,3
114,53.0,0.9872799999999999,0.066602,-0.070699,4,-63.5,1.1551,920.75,3
115,53.25,1.1866,-0.082679,0.0091224,4,-63.5,5.8138,922.25,3
116,53.75,0.9990100000000001,0.066602,-0.059296,4,-64.5,0.082835,921.75,3
117,54.0,0.9990100000000001,0.066602,-0.059296,4,-68.0,5.7586,925.75,3
118,54.5,1.1866,-0.059712,0.043332,4,-64.0,0.65961,921.25,3
119,54.75,1.1866,-0.059712,0.043332,4,-63.5,1.6429,920.25,3
120,55.75,0.9403799999999999,0.066602,-0.070699,4,-63.5,5.8491,922.25,3
121,56.0,0.9403799999999999,0.066602,-0.070699,4,-67.0,6.0746,925.25,3
122,57.0,0.9521,0.05511900000000001,-0.059296,4,-63.0,0.66728,921.25,3
123,57.25,0.9052,0.043636,-0.10490999999999999,4,-66.0,0.27918000000000004,924.75,3
124,57.75,1.1163,-0.0022965999999999998,0.0091224,4,-63.5,4.3396,920.75,3
125,58.25,1.0694,0.020669999999999997,-0.036489999999999995,4,-63.5,5.9365,922.25,3
126,58.5,1.0694,0.020669999999999997,-0.036489999999999995,4,-66.5,6.1497,925.25,3
127,58.75,0.9403799999999999,0.05511900000000001,-0.082102,3,-51.0,4.4654,921.75,3
128,59.0,0.9403799999999999,0.05511900000000001,-0.082102,4,-63.5,0.08897100000000001,921.75,3
129,59.25,0.9403799999999999,0.05511900000000001,-0.082102,4,-64.0,2.1767,922.75,3
130,59.5,1.2687,-0.082679,0.066138,4,-64.0,4.7201,920.25,3
131,60.0,0.9521,0.05511900000000001,-0.082102,4,-66.5,0.21783000000000002,924.75,3
132,60.25,0.9521,0.05511900000000001,-0.082102,3,-51.0,5.0775,920.75,3
133,60.325,0.9052,0.05511900000000001,-0.082102,4,-63.0,1.0646,920.75,3
134,60.75,1.0107,0.05511900000000001,-0.082102,3,-51.0,1.0477,922.25,3
135,60.825,1.0107,0.05511900000000001,-0.082102,4,-67.0,6.0393,925.25,3
136,61.25,0.9403799999999999,0.066602,-0.070699,3,-51.0,4.4547,921.75,3
137,61.325,0.9403799999999999,0.066602,-0.070699,4,-63.0,0.013806,921.75,3
138,61.5,0.9403799999999999,0.066602,-0.070699,4,-63.0,5.2692,922.75,3
139,62.0,0.9169299999999999,0.066602,-0.082102,4,-63.0,3.68,921.25,3
140,62.1,0.9169299999999999,0.066602,-0.082102,4,-63.5,1.5647,920.25,3
141,62.75,1.2804,-0.082679,0.066138,3,-51.0,5.0361,920.75,3
142,62.825,1.2804,-0.082679,0.066138,3,-51.0,5.0514,920.75,3
143,62.875,1.2804,-0.082679,0.066138,3,-50.5,5.0483,920.75,3
144,63.0,1.0928,0.020669999999999997,-0.025087,4,-63.5,1.5662,923.25,3
145,63.5,1.0342,0.05511900000000001,-0.059296,4,-64.0,4.2568,923.75,3
146,64.25,0.9169299999999999,0.05511900000000001,-0.082102,4,-63.5,2.0923,922.75,3
147,64.35,0.9169299999999999,0.05511900000000001,-0.082102,4,-63.5,0.5415,921.25,3
148,64.5,0.9169299999999999,0.05511900000000001,-0.082102,4,-63.5,1.5386,920.25,3
149,64.75,0.9169299999999999,0.05511900000000001,-0.082102,4,-66.5,0.19788,924.75,3
150,65.25,1.2218,-0.059712,0.043332,3,-51.0,5.0606,920.75,3
151,65.375,1.2218,-0.059712,0.043332,4,-63.5,1.0845,920.75,3
152,65.5,0.92865,0.05511900000000001,-0.082102,4,-63.0,2.6384,922.25,3
153,66.75,1.2804,-0.082679,0.054735,3,-51.0,4.7308,921.25,3
154,66.825,1.2804,-0.082679,0.054735,3,-50.5,4.7369,921.25,3
155,66.875,1.2804,-0.082679,0.054735,4,-62.5,3.6708,921.25,3
156,67.5,1.2804,-0.082679,0.054735,4,-64.5,0.60132,924.25,3
157,67.75,1.2804,-0.082679,0.054735,4,-62.5,1.0431,920.75,3
158,67.825,1.2804,-0.082679,0.054735,4,-63.0,1.5739,923.25,3
159,68.0,1.2804,-0.082679,0.054735,4,-63.0,2.5694,922.25,3
160,68.5,1.2101,-0.07119600000000001,0.043332,3,-51.0,1.2901,921.75,3
161,68.6,1.2101,-0.07119600000000001,0.043332,4,-63.0,6.2387,921.75,3
162,68.75,1.2101,-0.07119600000000001,0.043332,4,-67.5,5.5545,925.75,3
163,69.25,1.0459,0.043636,-0.047893,3,-51.0,4.7446,921.25,3
164,69.325,1.0459,0.043636,-0.047893,3,-51.0,5.3244,920.25,3
165,69.5,1.0459,0.032152999999999994,-0.070699,4,-66.0,0.14265999999999998,924.75,3
166,70.0,1.2452,-0.082679,0.043332,3,-51.0,5.0115,920.75,3
167,70.5,0.9169299999999999,0.05511900000000001,-0.082102,4,-62.5,5.6604,922.25,3
168,70.75,0.9169299999999999,0.05511900000000001,-0.082102,4,-64.0,4.1724,923.75,3
169,71.5,1.2804,-0.10565,0.054735,4,-63.0,2.0586,922.75,3
170,71.75,1.1866,-0.059712,0.031928,4,-63.0,1.5309,920.25,3
171,72.0,0.96383,0.05511900000000001,-0.070699,4,-66.0,0.18254,924.75,3
172,72.75,1.128,-0.036746,-0.013684,4,-63.5,5.7938,922.25,3
173,73.25,0.92865,0.05511900000000001,-0.09350499999999999,4,-64.5,4.3151,923.75,3
174,73.5,0.92865,0.05511900000000001,-0.09350499999999999,3,-51.0,1.2747,921.75,3
175,74.25,1.1983,-0.048229,0.031928,4,-63.0,3.6892,921.25,3
176,74.35,1.1983,-0.048229,0.031928,3,-51.0,5.3674,920.25,3
177,74.5,0.97555,0.05511900000000001,-0.070699,4,-65.5,0.15492999999999998,924.75,3
178,75.0,0.97555,0.05511900000000001,-0.070699,3,-50.5,5.145,920.75,3
179,75.1,0.97555,0.05511900000000001,-0.070699,4,-63.0,4.7523,923.25,3
180,75.25,0.9521,0.05511900000000001,-0.082102,4,-63.0,5.7601,922.25,3
181,76.25,0.97555,0.032152999999999994,-0.082102,4,-67.5,2.4436,925.75,3
182,76.5,0.96383,0.05511900000000001,-0.082102,4,-63.5,0.5322899999999999,921.25,3
183,77.5,1.2804,-0.082679,0.066138,4,-63.5,1.6076,923.25,3
184,78.0,0.9990100000000001,0.05511900000000001,-0.082102,4,-66.5,2.8179,925.25,3
185,78.5,1.2921,-0.10565,0.066138,4,-67.0,5.5346,925.75,3
186,78.75,1.1045,-0.0022965999999999998,-0.013684,4,-63.0,5.2155,922.75,3
187,79.25,1.0459,0.043636,-0.070699,3,-52.5,5.7816,924.75,3
188,79.5,1.1866,-0.036746,0.020525,4,-65.0,3.7705,924.25,3
189,80.25,1.128,-0.0022965999999999998,-0.013684,4,-63.0,5.7632,922.25,3
190,80.75,1.0576,0.020669999999999997,-0.059296,4,-63.0,0.013806,921.75,3
191,81.0,1.0576,0.020669999999999997,-0.059296,4,-64.0,5.1941,922.75,3
192,81.5,1.1632,-0.025263,0.0091224,4,-64.0,4.6142,920.25,3
193,81.75,1.1632,-0.025263,0.0091224,4,-66.5,0.098175,924.75,3
194,82.0,0.9403799999999999,0.05511900000000001,-0.082102,4,-63.0,4.1694,920.75,3
195,82.5,1.0694,0.020669999999999997,-0.025087,4,-63.0,5.7279,922.25,3
196,82.75,1.0694,0.020669999999999997,-0.025087,4,-67.0,5.9334,925.25,3
197,83.25,1.0576,0.020669999999999997,-0.059296,4,-67.5,5.5315,925.75,3
198,83.5,1.0576,0.020669999999999997,-0.059296,4,-63.0,5.2155,922.75,3
199,83.75,1.0576,0.020669999999999997,-0.059296,4,-63.5,0.5476300000000001,921.25,3
200,84.0,1.0576,0.020669999999999997,-0.059296,4,-63.5,4.7109,920.25,3
201,84.5,1.0107,0.032152999999999994,-0.059296,3,-51.0,5.0177,920.75,3
202,84.6,1.0107,0.032152999999999994,-0.059296,4,-63.5,4.1908,920.75,3
203,85.0,0.92865,0.05511900000000001,-0.09350499999999999,3,-51.0,0.96334,922.25,3
204,85.25,1.0342,0.05511900000000001,-0.070699,4,-64.0,4.2184,923.75,3
205,86.0,1.0225,0.05511900000000001,-0.070699,4,-63.0,2.0678,922.75,3
206,86.25,1.0225,0.05511900000000001,-0.070699,3,-50.5,4.6495,921.25,3
207,86.75,1.1983,-0.094162,-0.025087,4,-64.0,4.2092,924.75,3
208,86.825,1.1983,-0.094162,-0.025087,3,-50.5,4.3243,924.25,3
209,86.875,1.1983,-0.094162,-0.025087,1,-57.0,6.1467,924.25,3
210,87.0,1.1983,-0.094162,-0.025087,3,-49.5,0.10737999999999999,920.75,3
211,87.25,1.0459,0.26182,-0.059296,3,-50.0,5.1803,923.25,3
212,87.35,1.0459,0.26182,-0.059296,4,-62.0,5.7984,923.25,3
213,87.5,1.0576,0.22737,-0.082102,1,-58.5,4.7661,922.25,3
214,88.0,0.8231200000000001,0.57186,0.14595999999999998,4,-68.0,5.7969,923.75,1
215,89.75,0.8231200000000001,0.57186,0.14595999999999998,4,-61.5,4.5667,922.25,1
216,90.0,0.8231200000000001,0.57186,0.14595999999999998,3,-57.0,4.8704,925.25,1
217,90.75,0.47136000000000006,0.66373,0.5108600000000001,1,-60.0,0.24236999999999997,925.75,1
218,91.0,0.47136000000000006,0.66373,0.5108600000000001,1,-62.0,5.6865,922.75,1
219,91.75,0.47136000000000006,0.66373,0.5108600000000001,1,-58.5,5.7264,920.75,1
220,93.0,0.47136000000000006,0.66373,0.5108600000000001,1,-61.5,5.6174,921.75,1
221,93.25,0.47136000000000006,0.66373,0.5108600000000001,4,-57.5,0.49701000000000006,922.75,1
222,93.75,0.51826,0.92784,0.08894400000000001,1,-59.5,6.0147,920.25,1
223,94.25,0.51826,0.92784,0.08894400000000001,4,-57.0,5.9242,920.75,1
224,94.5,0.51826,0.92784,0.08894400000000001,4,-58.0,0.29146,923.25,1
225,94.75,0.51826,0.92784,0.08894400000000001,4,-57.5,1.1198,922.25,1
226,95.0,0.51826,0.92784,0.08894400000000001,1,-63.5,5.4426,925.25,1
227,95.75,0.38928,0.95081,0.14595999999999998,1,-60.5,5.01,922.75,1
228,96.0,0.38928,0.95081,0.14595999999999998,4,-56.0,0.73631,920.25,1
229,96.5,0.38928,0.95081,0.14595999999999998,4,-57.5,5.7079,924.75,1
230,96.75,0.38928,0.95081,0.14595999999999998,4,-56.5,0.1488,920.75,1
231,97.25,0.2134,1.0312,0.043332,1,-61.0,5.5361,922.25,1
232,97.5,0.2134,1.0312,0.043332,4,-58.0,5.2938,925.25,1
233,97.75,0.2134,1.0312,0.043332,1,-60.5,5.9227,921.75,1
234,98.5,0.23685,0.99674,0.08894400000000001,4,-56.5,0.65501,920.25,1
235,98.75,0.23685,0.99674,0.08894400000000001,1,-63.5,6.277,924.75,1
236,99.25,0.23685,0.99674,0.08894400000000001,4,-56.5,0.13499,920.75,1
237,99.5,0.37756,0.92784,0.14595999999999998,4,-56.5,4.898,922.25,1
238,99.75,0.37756,0.92784,0.14595999999999998,4,-58.0,5.2385,925.25,1
239,100.75,0.36583000000000004,0.93932,0.13455999999999999,1,-61.0,0.19635,921.25,1
240,101.0,0.36583000000000004,0.93932,0.13455999999999999,1,-60.5,1.0845,920.25,1
241,102.0,0.48308999999999996,0.9048700000000001,0.18017,1,-61.0,5.441,922.25,1
242,102.5,0.48308999999999996,0.9048700000000001,0.18017,1,-62.5,4.0497,923.75,1
243,102.75,0.48308999999999996,0.9048700000000001,0.18017,4,-56.5,5.4303,921.75,1
244,103.5,0.24858000000000002,0.98526,0.08894400000000001,4,-56.5,0.75165,920.25,1
245,103.6,0.24858000000000002,0.98526,0.08894400000000001,4,-57.5,5.7049,924.75,1
246,103.75,0.24858000000000002,0.98526,0.08894400000000001,1,-62.0,0.62126,924.25,1
247,104.25,0.24858000000000002,0.98526,0.08894400000000001,4,-56.5,0.2347,920.75,1
248,104.75,0.5534399999999999,0.89339,0.18017,4,-57.5,5.0821,925.25,1
249,105.0,0.5534399999999999,0.89339,0.18017,4,-57.0,0.21783000000000002,923.75,1
250,105.25,0.5534399999999999,0.89339,0.18017,4,-56.0,5.3398,921.75,1
251,105.5,0.5534399999999999,0.89339,0.18017,1,-60.0,5.0483,922.75,1
252,106.0,0.34238,0.97377,0.12315,4,-56.5,0.68262,920.25,1
253,106.25,0.34238,0.97377,0.12315,4,-57.5,5.6098,924.75,1
254,106.5,0.34238,0.97377,0.12315,4,-57.5,6.07,924.25,1
255,106.6,0.34238,0.97377,0.12315,4,-56.5,0.16414,920.75,1
256,106.75,0.34238,0.97377,0.12315,1,-60.5,4.6725,923.25,1
257,107.0,0.34238,0.97377,0.12315,4,-56.5,4.9133,922.25,1
258,107.5,0.52999,0.89339,0.20297,4,-56.5,5.4334,921.75,1
259,108.0,0.52999,0.89339,0.20297,1,-59.5,5.2247,922.75,1
260,108.1,0.52999,0.89339,0.20297,1,-59.5,0.31446999999999997,921.25,1
261,108.25,0.52999,0.89339,0.20297,1,-59.5,1.1428,920.25,1
262,108.5,0.52999,0.89339,0.20297,4,-57.5,5.5269,924.75,1
263,108.75,0.52999,0.89339,0.20297,4,-57.5,6.0163,924.25,1
264,109.03,0.52999,0.89339,0.20297,4,-56.5,0.15186,920.75,1
265,109.5,0.27203,1.0082,0.077541,1,-60.0,5.7233,922.25,1
266,109.75,0.27203,1.0082,0.077541,1,-61.0,4.4455,923.75,1
267,110.25,0.27203,1.0082,0.077541,4,-58.0,4.7277,925.75,1
268,110.75,0.23685,1.0197,0.031928,1,-60.0,1.0937,920.25,1
269,111.0,0.23685,1.0197,0.031928,4,-57.0,5.5085,924.75,1
270,111.25,0.23685,1.0197,0.031928,4,-57.5,5.9549,924.25,1
271,111.5,0.23685,1.0197,0.031928,1,-59.5,0.5767800000000001,920.75,1
272,111.75,0.23685,1.0197,0.031928,3,-60.5,5.1726,923.25,1
273,112.0,0.23685,1.0197,0.031928,4,-57.5,5.0269,925.25,1
274,112.5,0.27203,1.0082,0.077541,4,-56.0,5.3413,921.75,1
275,112.75,0.27203,1.0082,0.077541,1,-60.5,5.2171,922.75,1
276,113.5,0.34238,0.95081,0.11175,4,-57.5,5.6236,924.75,1
277,113.75,0.34238,0.95081,0.11175,1,-60.0,0.6473399999999999,920.75,1
278,114.0,0.34238,0.95081,0.11175,1,-60.5,4.648,923.25,1
279,114.75,0.2603,1.0082,0.066138,4,-57.0,0.16107,923.75,1
280,114.85,0.2603,1.0082,0.066138,4,-56.0,5.2754,921.75,1
281,115.0,0.2603,1.0082,0.066138,4,-58.0,4.5927,925.75,1
282,115.75,0.28376,0.98526,0.077541,4,-56.5,0.5476300000000001,920.25,1
283,116.0,0.28376,0.98526,0.077541,4,-57.5,2.3516,924.75,1
284,116.25,0.28376,0.98526,0.077541,4,-56.5,0.053689,920.75,1
285,116.33,0.28376,0.98526,0.077541,1,-60.5,4.6372,923.25,1
286,117.0,0.51826,0.9048700000000001,0.18017,4,-57.5,5.1787,925.25,1
287,117.13,0.51826,0.9048700000000001,0.18017,1,-61.5,4.2,923.75,1
288,117.5,0.51826,0.9048700000000001,0.18017,4,-58.5,1.5539,925.75,1
289,118.25,0.28376,0.99674,0.08894400000000001,4,-56.5,0.53383,920.25,1
290,118.5,0.28376,0.99674,0.08894400000000001,4,-57.5,5.9595,924.25,1
291,118.6,0.28376,0.99674,0.08894400000000001,4,-56.5,0.029146,920.75,1
292,118.75,0.28376,0.99674,0.08894400000000001,1,-59.5,0.39576999999999996,920.75,1
293,119.25,0.2134,1.0312,0.043332,4,-57.5,5.0146,925.25,1
294,119.5,0.2134,1.0312,0.043332,1,-60.5,3.9991,923.75,1
295,119.75,0.2134,1.0312,0.043332,1,-59.5,5.757000000000001,921.75,1
296,120.25,0.2134,1.0312,0.043332,4,-56.5,1.1582,922.75,1
297,120.75,0.50654,0.89339,0.19157000000000002,4,-57.5,5.5515,924.75,1
298,121.0,0.50654,0.89339,0.19157000000000002,4,-57.5,6.0086,924.25,1
299,121.25,0.50654,0.89339,0.19157000000000002,1,-60.0,0.5108199999999999,920.75,1
300,121.5,0.50654,0.89339,0.19157000000000002,4,-57.0,0.66728,923.25,1
301,122.0,0.52999,0.89339,0.18017,4,-57.0,0.19328,923.75,1
302,122.25,0.52999,0.89339,0.18017,4,-56.0,5.2769,921.75,1
303,122.5,0.52999,0.89339,0.18017,4,-56.0,1.1827,922.75,1
304,122.75,0.52999,0.89339,0.18017,1,-60.0,6.207999999999999,921.25,1
305,123.25,0.33066,0.96229,0.13455999999999999,1,-62.0,6.1589,924.75,1
306,123.5,0.33066,0.96229,0.13455999999999999,4,-56.0,6.2617,920.75,1
307,123.6,0.33066,0.96229,0.13455999999999999,4,-56.5,6.2786,920.75,1
308,123.75,0.33066,0.96229,0.13455999999999999,4,-56.5,0.64427,923.25,1
309,124.0,0.33066,0.96229,0.13455999999999999,1,-59.5,5.303,922.25,1
310,124.25,0.33066,0.96229,0.13455999999999999,1,-63.0,5.8153,925.25,1
311,124.75,0.36583000000000004,0.95081,0.15736,1,-64.5,5.5116,925.75,1
312,125.25,0.36583000000000004,0.95081,0.15736,4,-56.0,5.8429,921.25,1
313,125.35,0.36583000000000004,0.95081,0.15736,4,-56.0,0.60132,920.25,1
314,125.5,0.36583000000000004,0.95081,0.15736,4,-57.5,5.5499,924.75,1
315,126.0,0.33066,0.97377,0.12315,1,-60.0,0.42951000000000006,920.75,1
316,126.25,0.33066,0.97377,0.12315,4,-56.0,1.7135,922.25,1
317,126.5,0.33066,0.97377,0.12315,4,-57.0,5.0928,922.25,1
318,127.5,0.33066,0.97377,0.12315,4,-56.5,5.4963,922.75,4
319,127.6,0.33066,0.97377,0.12315,4,-57.5,0.69796,921.25,4
320,128.0,0.1196,0.9048700000000001,0.066138,1,-57.0,5.1266,924.75,4
321,128.25,0.1196,0.9048700000000001,0.066138,1,-57.0,0.65654,924.25,4
322,130.0,0.014071,0.97377,0.25999,1,-58.5,2.2565,922.75,4
323,130.75,0.38928,0.79004,0.066138,2,-57.0,0.5706399999999999,924.25,4
324,131.03,0.38928,0.79004,0.066138,2,-57.5,6.1375,920.75,4
325,132.25,-0.22044,0.96229,-0.16192,2,-51.0,0.87284,922.75,4
326,132.5,-0.32597,0.95081,0.11175,2,-51.0,6.0347,921.25,4
327,132.75,-0.4784,0.81301,0.08894400000000001,2,-58.0,2.2335,924.75,2
328,134.75,0.23685,0.92784,0.14595999999999998,2,-50.5,1.2548,921.25,2
329,136.5,0.1196,1.0082,0.054735,2,-50.5,5.9979,925.25,2
330,140.0,0.28376,0.99674,0.13455999999999999,2,-56.0,5.0038,920.25,2
331,141.25,0.42446000000000006,0.89339,0.19157000000000002,2,-57.5,5.5975,925.25,2
332,145.75,0.27203,0.97377,0.13455999999999999,2,-57.0,5.9749,923.25,2
333,146.25,0.27203,0.97377,0.13455999999999999,2,-57.5,5.2692,925.25,2
334,148.0,0.10787000000000001,1.0197,0.11175,2,-56.0,4.697,920.75,2
335,148.25,0.10787000000000001,1.0197,0.11175,2,-55.5,4.5513,922.25,2
336,149.0,0.10787000000000001,1.0197,0.11175,2,-56.5,1.3131,921.75,2
337,149.5,0.10787000000000001,1.0197,0.11175,2,-55.5,1.3606,921.25,2
338,153.0,0.1665,0.99674,0.13455999999999999,2,-56.0,5.9166,923.25,2
339,153.25,0.1665,0.99674,0.13455999999999999,2,-56.0,0.31446999999999997,922.25,2
340,153.75,0.1665,0.99674,0.13455999999999999,2,-56.5,5.9043,923.75,2
341,154.25,0.1665,0.99674,0.13455999999999999,2,-57.0,5.013,925.75,2
342,156.75,0.27203,0.98526,0.13455999999999999,2,-56.0,0.97408,921.25,2
343,157.0,0.27203,0.98526,0.13455999999999999,2,-55.5,4.7922,920.25,2
344,157.25,0.27203,0.98526,0.13455999999999999,2,-55.0,5.4487,924.75,2
345,164.5,0.29548,1.0312,0.16876,2,-55.0,4.9793,920.25,2
346,165.5,0.23685,0.97377,0.12315,2,-56.0,5.0207,925.25,2
347,166.75,0.23685,0.98526,0.12315,2,-55.0,0.78386,921.25,2
348,167.0,0.23685,0.98526,0.12315,2,-56.0,5.1434,924.75,2
349,170.0,0.45963999999999994,0.9048700000000001,0.23718000000000003,2,-56.0,0.9940200000000001,920.75,2
350,170.25,0.45963999999999994,0.9048700000000001,0.23718000000000003,2,-55.5,0.1534,922.25,2
351,171.0,0.23685,0.98526,0.14595999999999998,2,-57.0,4.7906,925.75,2
352,173.5,0.44791000000000003,0.9048700000000001,0.24859,2,-57.0,4.7983,925.75,2
353,174.0,0.44791000000000003,0.9048700000000001,0.24859,2,-55.5,0.8436899999999999,921.25,2
354,174.5,0.44791000000000003,0.9048700000000001,0.24859,2,-56.5,5.7601,924.25,2
355,174.75,0.44791000000000003,0.9048700000000001,0.24859,2,-56.0,4.493,920.75,2
356,175.75,0.23685,0.98526,0.14595999999999998,2,-57.0,0.83142,921.75,2
357,176.25,0.23685,0.98526,0.14595999999999998,2,-56.0,4.3059,921.25,2
358,176.75,0.23685,0.98526,0.14595999999999998,2,-57.0,5.7003,924.75,2
359,177.25,0.23685,0.98526,0.14595999999999998,2,-57.0,0.18408,923.25,2
360,177.75,0.23685,0.98526,0.14595999999999998,2,-57.5,2.3163,925.25,2
361,179.0,0.2134,0.96229,0.15736,2,-56.0,4.7814,920.25,2
362,179.25,0.2134,0.96229,0.15736,2,-57.0,5.8721,924.25,2
363,179.75,0.2134,0.96229,0.15736,2,-56.5,6.2111,923.25,2
364,181.0,0.22513000000000002,0.97377,0.14595999999999998,2,-57.0,0.18254,922.75,2
365,181.75,0.22513000000000002,0.97377,0.14595999999999998,2,-58.0,5.4963,924.75,2
366,182.25,0.22513000000000002,0.97377,0.14595999999999998,2,-57.5,6.1605,923.25,2
367,183.25,0.22513000000000002,0.97377,0.14595999999999998,2,-57.5,0.74551,921.75,2
368,183.75,0.22513000000000002,0.97377,0.14595999999999998,2,-57.0,4.7109,920.25,2
369,185.25,0.2603,0.99674,0.16876,2,-58.0,5.1987,925.25,2
370,185.75,0.2603,0.99674,0.16876,2,-57.0,0.17181,922.75,2
371,186.5,0.2603,0.99674,0.16876,2,-57.0,4.5559,920.25,2
372,187.0,0.2603,0.99674,0.16876,2,-56.5,4.3596,920.75,2
373,187.5,0.2603,0.99674,0.16876,2,-56.5,0.5767800000000001,922.25,2
374,188.75,0.22513000000000002,0.97377,0.15736,2,-56.5,4.7078,920.25,2
375,189.75,0.22513000000000002,0.97377,0.15736,2,-57.5,0.5261600000000001,922.25,2
376,190.5,0.22513000000000002,0.97377,0.15736,2,-57.5,0.76852,921.75,2
377,191.25,0.22513000000000002,0.97377,0.15736,2,-56.5,4.6679,920.25,2
378,193.0,0.40101,0.9163600000000001,0.25999,2,-57.0,5.2002,925.75,2
379,194.25,0.31893,0.95081,0.20297,2,-55.0,4.5897,920.75,2
380,194.5,0.31893,0.95081,0.20297,2,-56.5,0.62893,922.25,2
381,195.0,0.31893,0.95081,0.20297,2,-56.5,5.8506,923.75,2
382,196.0,0.1665,1.0197,0.11175,2,-55.5,4.9824,920.25,2
383,196.75,0.1665,1.0197,0.11175,2,-55.0,4.8612,920.75,2
384,197.75,0.24858000000000002,0.95081,0.16876,2,-56.0,1.0769,921.75,2
385,198.0,0.24858000000000002,0.95081,0.16876,2,-56.0,0.51388,922.75,2
386,199.0,0.2134,0.98526,0.14595999999999998,2,-55.5,1.5616,920.75,2
387,199.5,0.2134,0.98526,0.14595999999999998,2,-56.0,0.75625,922.25,2
388,200.5,0.1665,1.0082,0.12315,2,-55.5,1.2011,921.25,2
389,201.0,0.1665,1.0082,0.12315,2,-55.5,4.9103,920.25,2
390,201.25,0.1665,1.0082,0.12315,2,-56.5,5.8567,924.25,2
391,202.75,0.34238,0.9048700000000001,0.22578,2,-57.0,2.255,925.75,2
392,203.5,0.2603,0.92784,0.13455999999999999,2,-56.5,5.5162,924.75,2
393,203.75,0.2603,0.92784,0.13455999999999999,2,-56.5,5.757000000000001,924.25,2
394,204.0,0.2603,0.92784,0.13455999999999999,2,-56.5,6.2817,923.25,2
395,204.5,0.2603,0.92784,0.13455999999999999,2,-57.5,5.5914,925.25,2
396,205.5,0.17823,1.0427,0.13455999999999999,2,-55.5,4.559,921.25,2
397,205.75,0.17823,1.0427,0.13455999999999999,2,-55.5,5.0207,920.25,2
398,206.5,0.17823,1.0427,0.13455999999999999,2,-56.0,4.5513,920.75,2
399,207.75,0.20168,0.98526,0.14595999999999998,2,-57.5,5.2155,925.75,2
400,208.0,0.20168,0.98526,0.14595999999999998,2,-56.0,4.2,921.25,2
401,208.25,0.20168,0.98526,0.14595999999999998,2,-56.5,5.6665,924.75,2
402,209.0,0.20168,0.98526,0.14595999999999998,2,-56.5,0.57831,923.25,2
403,210.0,0.23685,0.95081,0.14595999999999998,2,-57.5,5.4073,925.75,2
404,211.0,0.23685,0.95081,0.14595999999999998,2,-57.0,5.9963,924.25,2
405,211.5,0.23685,0.95081,0.14595999999999998,2,-56.0,4.0528,922.25,2
406,212.5,0.22513000000000002,0.96229,0.15736,2,-57.5,5.5806,925.75,2
407,213.0,0.22513000000000002,0.96229,0.15736,2,-56.0,5.2217,920.25,2
408,213.75,0.22513000000000002,0.96229,0.15736,2,-56.5,4.8228,920.75,2
409,214.75,0.22513000000000002,0.98526,0.15736,2,-56.5,4.2476,921.75,2
410,215.5,0.22513000000000002,0.98526,0.15736,2,-56.5,5.1634,920.25,2
411,216.0,0.22513000000000002,0.98526,0.15736,2,-57.0,6.185,924.25,2
412,217.5,-0.40804,0.8359700000000001,0.077541,2,-48.0,1.1536,922.75,4
413,217.75,-0.40804,0.8359700000000001,0.077541,2,-47.5,1.3852,922.75,4
414,217.85,0.40101,0.7096600000000001,0.14595999999999998,2,-48.5,5.9887,920.25,4
415,218.0,0.40101,0.7096600000000001,0.14595999999999998,2,-48.5,5.9994,920.25,4
416,218.08,0.42446000000000006,0.8819100000000001,0.14595999999999998,2,-51.5,4.7645,924.75,4
417,218.5,0.47136000000000006,0.92784,0.19157000000000002,2,-51.0,2.1,924.25,4
418,218.6,0.17823,0.99674,0.031928,2,-49.0,3.6294,920.75,4
419,219.0,0.20168,1.0312,0.031928,2,-48.5,6.1405,922.25,4
420,219.1,0.15478,1.0082,0.0091224,2,-49.0,6.1727,922.25,4
421,219.5,0.15478,0.99674,0.0091224,2,-48.5,3.7030000000000003,921.75,4
422,219.58,0.15478,0.99674,0.0091224,2,-48.5,3.7230000000000003,921.75,4
423,219.75,0.15478,0.99674,0.0091224,2,-48.5,3.7260000000000004,921.75,4
424,220.0,0.56517,0.8819100000000001,0.20297,2,-49.0,0.13346,922.75,4
425,220.1,0.56517,0.8819100000000001,0.20297,2,-49.0,0.14726,922.75,4
426,220.25,0.1196,1.0197,0.020525,2,-48.5,1.0017,921.25,4
427,220.33,0.1196,1.0197,0.020525,2,-48.0,4.1739999999999995,921.25,4
428,220.38,0.10787000000000001,1.0197,0.0091224,2,-48.0,4.2721,921.25,4
429,220.43,0.10787000000000001,1.0197,0.0091224,2,-48.0,4.2783,921.25,4
430,220.75,0.13132,1.0197,-0.025087,2,-50.5,0.60592,924.75,4
431,221.0,0.17823,0.96229,0.15736,2,-48.5,5.2524,924.25,4
432,221.08,0.17823,0.96229,0.15736,2,-47.5,0.9495299999999999,920.75,4
433,221.13,0.072698,0.95081,0.14595999999999998,2,-48.0,1.8331,920.75,4
434,221.25,0.072698,0.95081,0.14595999999999998,2,-48.0,0.76085,923.25,4
435,221.38,0.072698,0.95081,0.14595999999999998,2,-48.5,1.0354,923.25,4
436,222.25,0.41273000000000004,0.8704200000000001,0.020525,2,-56.5,5.2079,921.75,4
437,224.75,0.41273000000000004,0.8704200000000001,0.020525,1,-58.0,5.4502,925.75,4
438,225.0,0.41273000000000004,0.8704200000000001,0.020525,4,-58.5,0.66882,922.75,4
439,226.5,-0.32597,1.0082,0.18017,1,-57.5,0.31753000000000003,925.25,1
440,227.0,-0.32597,1.0082,0.18017,1,-58.0,2.0479,921.75,1
441,227.25,-0.32597,1.0082,0.18017,4,-65.5,5.3689,922.75,1
442,227.75,0.61207,0.79004,0.36262,4,-66.0,4.8274,920.25,1
443,228.25,0.61207,0.79004,0.36262,4,-68.5,6.2479,924.25,1
444,228.75,0.78795,0.72114,0.15736,1,-61.0,0.71023,922.25,1
445,229.25,0.78795,0.51445,-0.059296,4,-61.0,2.0571,923.75,1
446,229.5,0.77622,0.51445,0.14595999999999998,4,-64.0,3.8396,925.75,1
447,229.75,0.77622,0.51445,0.14595999999999998,3,-50.5,4.8458,922.75,1
448,230.0,0.9872799999999999,0.078086,0.043332,3,-50.0,4.8351,921.25,3
449,230.08,0.9872799999999999,0.078086,0.043332,4,-60.0,5.1649,921.25,3
450,230.25,1.0576,0.21588000000000002,0.10035,4,-63.0,1.4909999999999999,924.75,3
451,230.75,1.4094,0.0091865,0.14595999999999998,4,-61.0,5.1204,920.75,3
452,230.85,1.4094,0.0091865,0.14595999999999998,4,-61.0,5.1174,920.75,3
453,231.25,0.96383,0.14698,0.043332,3,-51.0,0.78386,922.25,3
454,231.35,0.96383,0.14698,0.043332,4,-61.5,3.4116,922.25,3
455,231.5,0.96383,0.14698,0.043332,4,-66.0,0.6258600000000001,925.25,3
456,231.75,0.9521,0.032152999999999994,-0.036489999999999995,4,-62.0,4.1494,921.75,3
457,232.78,1.0107,-0.18603,-0.17332999999999998,4,-62.5,5.3843,920.25,3
458,232.85,1.0107,-0.18603,-0.17332999999999998,4,-65.0,4.4194,924.75,3
459,233.25,0.8934799999999999,0.032152999999999994,-0.16192,3,-50.0,4.7385,920.75,3
460,233.38,0.8934799999999999,0.032152999999999994,-0.16192,4,-61.5,4.9471,920.75,3
461,233.75,1.0342,0.032152999999999994,-0.082102,3,-51.0,3.8932,922.25,3
462,233.85,1.0342,0.032152999999999994,-0.082102,3,-51.0,0.72711,922.25,3
463,233.88,1.0342,0.032152999999999994,-0.082102,4,-62.0,3.5236,922.25,3
464,234.25,1.3625,-0.11713,0.077541,4,-61.0,4.0037,921.75,3
465,234.75,1.0459,0.032152999999999994,-0.047893,3,-50.5,4.3964,921.25,3
466,235.25,1.2101,-0.07119600000000001,0.020525,4,-64.0,1.2517,924.75,3
467,235.75,1.2687,-0.094162,0.031928,4,-61.0,4.9778,920.75,3
468,236.0,1.2687,-0.094162,0.031928,4,-62.5,5.6512,923.25,3
469,236.08,1.2687,-0.094162,0.031928,3,-51.5,3.7721,922.25,3
470,236.25,0.96383,0.05511900000000001,-0.09350499999999999,4,-64.0,0.74551,925.25,3
471,236.5,0.96383,0.05511900000000001,-0.09350499999999999,4,-62.0,2.0356,923.75,3
472,237.0,1.2101,-0.048229,0.031928,4,-61.5,6.1175,922.75,3
473,237.25,1.2101,-0.048229,0.031928,3,-50.5,4.493,921.25,3
474,237.35,0.8934799999999999,0.05511900000000001,-0.082102,3,-50.0,4.5007,921.25,3
475,237.5,0.8934799999999999,0.05511900000000001,-0.082102,4,-61.0,4.5007,921.25,3
476,237.75,0.97555,0.05511900000000001,-0.070699,3,-52.5,5.6036,924.75,3
477,238.0,1.0576,0.05511900000000001,-0.059296,4,-62.5,4.7155,924.25,3
478,238.25,1.0576,0.05511900000000001,-0.059296,3,-50.5,4.7492,920.75,3
479,238.5,1.1514,-0.025263,-0.0022806,3,-51.0,3.8549,922.25,3
480,238.6,1.1514,-0.025263,-0.0022806,3,-51.0,0.7133,922.25,3
481,238.75,1.1514,-0.025263,-0.0022806,4,-64.5,3.9224,925.25,3
482,239.0,1.2101,-0.059712,0.043332,4,-61.0,4.0697,921.75,3
483,240.0,0.9169299999999999,0.05511900000000001,-0.10490999999999999,4,-61.5,5.5269,920.25,3
484,240.1,0.9169299999999999,0.05511900000000001,-0.10490999999999999,4,-63.5,1.2072,924.75,3
485,240.5,0.96383,0.05511900000000001,-0.082102,3,-50.0,4.7492,920.75,3
486,240.58,0.96383,0.05511900000000001,-0.082102,4,-61.0,5.01,920.75,3
487,241.0,0.9872799999999999,0.05511900000000001,-0.070699,4,-61.5,3.5481,922.25,3
488,241.1,0.9872799999999999,0.05511900000000001,-0.070699,3,-51.0,3.8564,922.25,3
489,241.15,0.9872799999999999,0.05511900000000001,-0.070699,4,-64.5,0.74858,925.25,3
490,241.5,1.2452,-0.07119600000000001,0.031928,4,-61.5,4.0267,921.75,3
491,241.75,1.2452,-0.07119600000000001,0.031928,4,-65.0,3.4699,925.75,3
492,242.0,1.2452,-0.07119600000000001,0.031928,3,-51.0,0.44025,922.75,3
493,242.25,1.1749,-0.036746,0.0091224,3,-50.0,4.4808,921.25,3
494,242.35,1.1749,-0.036746,0.0091224,4,-61.0,4.5206,921.25,3
495,242.5,0.92865,0.05511900000000001,-0.09350499999999999,4,-61.5,5.4702,920.25,3
496,242.75,0.96383,0.05511900000000001,-0.09350499999999999,4,-63.0,1.6245,924.25,3
497,243.0,0.96383,0.05511900000000001,-0.09350499999999999,3,-50.0,4.7661,920.75,3
498,243.25,1.128,-0.01378,-0.013684,4,-61.5,3.5711,922.25,3
499,243.5,1.128,-0.01378,-0.013684,4,-65.0,0.78847,925.25,3
500,244.0,0.96383,0.05511900000000001,-0.09350499999999999,3,-50.5,1.0048,921.75,3
501,244.25,0.9403799999999999,0.05511900000000001,-0.082102,4,-65.0,3.4607,925.75,3
502,244.5,0.9403799999999999,0.05511900000000001,-0.082102,4,-62.0,6.1436,922.75,3
503,244.75,1.1397,-0.036746,0.0091224,3,-50.0,5.0575,920.25,3
504,245.0,0.9403799999999999,0.05511900000000001,-0.082102,4,-61.0,5.4686,920.25,3
505,245.25,0.9403799999999999,0.05511900000000001,-0.082102,4,-63.0,1.5923,924.25,3
506,245.35,0.9403799999999999,0.05511900000000001,-0.082102,4,-61.0,4.987,920.75,3
507,245.75,0.96383,0.043636,-0.070699,4,-62.0,2.5019,923.25,3
508,245.83,0.96383,0.043636,-0.070699,3,-51.0,0.73017,922.25,3
509,246.0,0.97555,0.05511900000000001,-0.082102,4,-64.5,3.8871,925.25,3
510,246.5,0.96383,0.043636,-0.09350499999999999,4,-61.5,4.039,921.75,3
511,246.75,0.96383,0.043636,-0.09350499999999999,4,-65.0,3.4929,925.75,3
512,247.0,0.9521,0.05511900000000001,-0.082102,4,-61.0,4.516,921.25,3
513,247.25,0.9521,0.05511900000000001,-0.082102,4,-61.5,5.4855,920.25,3
514,247.5,0.9521,0.05511900000000001,-0.082102,4,-63.5,1.1796,924.75,3
515,247.75,0.97555,0.05511900000000001,-0.082102,4,-61.5,5.0023,920.75,3
516,248.0,0.97555,0.05511900000000001,-0.082102,4,-62.0,5.6328,923.25,3
517,248.5,1.3859,-0.12861,0.08894400000000001,4,-62.0,2.0095,923.75,3
518,249.0,0.9990100000000001,0.05511900000000001,-0.059296,3,-53.5,5.0913,925.75,3
519,249.5,1.0459,0.020669999999999997,-0.059296,3,-50.5,4.4332,921.25,3
520,249.58,1.0459,0.020669999999999997,-0.059296,4,-61.0,4.5038,921.25,3
521,249.75,1.0459,0.020669999999999997,-0.059296,3,-50.0,5.0422,920.25,3
522,249.85,0.92865,0.05511900000000001,-0.10490999999999999,3,-53.0,5.5591,924.75,3
523,249.88,0.92865,0.05511900000000001,-0.10490999999999999,4,-63.5,1.1612,924.75,3
524,250.25,0.9403799999999999,0.05511900000000001,-0.10490999999999999,3,-50.5,4.7431,920.75,3
525,250.5,0.9169299999999999,0.05511900000000001,-0.10490999999999999,4,-62.0,2.5142,923.25,3
526,251.25,1.1749,-0.07119600000000001,0.020525,4,-62.5,5.1956,923.75,3
527,251.35,1.1749,-0.07119600000000001,0.020525,4,-61.5,0.8743700000000001,921.75,3
528,251.75,1.1749,-0.07119600000000001,0.020525,3,-51.5,0.36509,922.75,3
529,251.83,1.1749,-0.07119600000000001,0.020525,3,-51.5,0.36049000000000003,922.75,3
530,252.25,0.9521,0.032152999999999994,-0.09350499999999999,4,-61.5,5.4963,920.25,3
531,252.33,0.9521,0.032152999999999994,-0.09350499999999999,4,-63.5,1.195,924.75,3
532,252.75,0.9521,0.032152999999999994,-0.09350499999999999,3,-50.5,4.7339,920.75,3
533,252.85,0.9403799999999999,0.05511900000000001,-0.082102,3,-50.5,4.763,920.75,3
534,252.88,0.9403799999999999,0.05511900000000001,-0.082102,4,-62.5,5.7156,923.25,3
535,253.5,1.1163,-0.0022965999999999998,-0.036489999999999995,3,-52.5,6.0531,923.75,3
536,254.25,1.2687,-0.094162,0.043332,3,-50.5,4.3964,921.25,3
537,254.35,1.2687,-0.094162,0.043332,4,-61.0,4.5237,921.25,3
538,254.5,0.97555,0.05511900000000001,-0.082102,4,-61.0,5.4686,920.25,3
539,254.75,0.97555,0.05511900000000001,-0.082102,4,-63.5,1.1704,924.75,3
540,255.25,1.1514,-0.036746,-0.0022806,3,-50.0,4.7063,920.75,3
541,255.33,1.1514,-0.036746,-0.0022806,4,-61.0,4.9977,920.75,3
542,255.5,0.96383,0.043636,-0.082102,3,-51.0,0.65501,922.25,3
543,255.75,0.96383,0.043636,-0.082102,3,-51.0,0.6642100000000001,922.25,3
544,256.0,1.3625,-0.11713,0.077541,3,-52.5,6.047000000000001,923.75,3
545,256.25,1.0107,0.05511900000000001,-0.09350499999999999,3,-51.0,0.9510700000000001,921.75,3
546,257.0,1.3273,-0.14009000000000002,0.043332,4,-61.5,5.4778,920.25,3
547,257.5,1.0225,0.032152999999999994,-0.059296,3,-50.5,4.7185,920.75,3
548,257.57,1.0225,0.032152999999999994,-0.059296,4,-61.5,5.0161,920.75,3
549,257.75,1.0225,0.032152999999999994,-0.059296,3,-52.0,0.041417,923.25,3
550,258.25,1.2335,-0.07119600000000001,0.043332,4,-63.0,2.0203,923.75,3
551,258.75,1.1983,-0.07119600000000001,0.054735,3,-50.0,4.2108,921.75,3
552,259.0,1.339,-0.11713,0.077541,4,-62.0,2.9621,922.75,3
553,259.25,1.339,-0.11713,0.077541,3,-50.0,4.5943,921.25,3
554,259.35,1.339,-0.11713,0.077541,3,-50.0,4.5958,921.25,3
555,259.4,1.339,-0.11713,0.077541,4,-61.0,4.4716,921.25,3
556,259.75,0.9521,0.043636,-0.082102,4,-63.0,1.5815,924.25,3
557,260.0,0.9521,0.043636,-0.082102,3,-50.0,4.7768,920.75,3
558,260.25,0.9872799999999999,0.05511900000000001,-0.082102,4,-62.5,2.5035,923.25,3
559,260.35,0.9872799999999999,0.05511900000000001,-0.082102,4,-62.0,0.37276,922.25,3
560,260.75,1.0225,0.020669999999999997,-0.047893,4,-63.0,5.2017,923.75,3
561,261.0,1.0225,0.020669999999999997,-0.047893,3,-50.5,4.1724,921.75,3
562,261.5,1.0342,0.043636,-0.070699,4,-61.5,1.376,921.25,3
563,261.75,1.0342,0.043636,-0.070699,4,-61.5,4.5145,921.25,3
564,262.25,0.97555,0.05511900000000001,-0.082102,4,-63.0,1.6230000000000002,924.25,3
565,262.75,1.0225,0.05511900000000001,-0.070699,3,-51.0,0.20095,923.25,3
566,262.85,1.0225,0.05511900000000001,-0.070699,4,-61.5,0.37276,922.25,3
567,263.25,1.1632,-0.036746,0.0091224,4,-64.5,3.9024,925.25,3
568,263.5,0.9403799999999999,0.05511900000000001,-0.082102,4,-62.0,4.016,921.75,3
569,264.0,1.0928,0.020669999999999997,-0.025087,1,-66.0,3.8442,922.75,3
570,264.1,1.0928,0.020669999999999997,-0.025087,4,-61.5,1.3668,921.25,3
571,264.25,1.0928,0.020669999999999997,-0.025087,3,-50.0,5.0345,920.25,3
572,264.75,1.0342,0.032152999999999994,-0.070699,4,-63.5,1.6598,924.25,3
573,265.0,1.0342,0.032152999999999994,-0.070699,3,-50.0,4.7691,920.75,3
574,265.1,1.0342,0.032152999999999994,-0.070699,4,-61.5,5.0054,920.75,3
575,265.5,1.1632,-0.01378,0.0091224,4,-64.5,3.9101,925.25,3
576,265.75,1.1632,-0.01378,0.0091224,4,-62.5,2.0617,923.75,3
577,266.0,0.9169299999999999,0.05511900000000001,-0.09350499999999999,4,-65.5,0.32981,925.75,3
578,266.5,0.97555,0.043636,-0.070699,3,-50.0,4.5544,921.25,3
579,266.75,1.2570000000000001,-0.082679,0.054735,3,-50.0,5.1312,920.25,3
580,266.85,1.2570000000000001,-0.082679,0.054735,4,-61.5,5.4073,920.25,3
581,267.0,1.2570000000000001,-0.082679,0.054735,4,-64.0,1.1781,924.75,3
582,267.25,1.0811,0.0091865,-0.025087,4,-62.0,4.9486,920.75,3
583,267.5,1.0811,0.0091865,-0.025087,4,-62.5,5.6389,923.25,3
584,268.5,1.3508,-0.094162,0.066138,4,-61.5,4.0267,921.75,3
585,268.75,1.3508,-0.094162,0.066138,4,-62.5,6.1405,922.75,3
586,269.0,1.3508,-0.094162,0.066138,4,-61.5,4.513,921.25,3
