,time,frontal,vertical,lateral,id,rssi,phase,freq,label
0,0.0,-0.15009,0.93932,-0.047893,1,-47.0,1.9221,925.75,4
1,0.025,-0.044557,0.95081,0.12315,1,-44.0,4.5743,922.75,4
2,0.075,-0.044557,0.95081,0.12315,2,-61.5,6.2234,922.75,4
3,0.25,-0.044557,0.95081,0.12315,1,-48.5,5.757000000000001,922.75,4
4,2.0,0.14305,0.8819100000000001,0.054735,2,-57.5,0.5322899999999999,923.75,4
5,3.25,-0.6659999999999999,0.69818,-0.0022806,2,-56.5,5.5883,924.75,4
6,4.75,-0.6659999999999999,0.69818,-0.0022806,2,-58.5,0.5322899999999999,925.75,2
7,7.0,0.14305,0.96229,0.10035,2,-58.0,0.9648700000000001,921.75,2
8,15.5,0.0023451,1.0427,0.18017,2,-59.0,0.9295899999999999,924.75,2
9,19.25,0.14305,0.96229,0.12315,2,-57.0,4.7538,923.75,2
10,19.5,0.14305,0.96229,0.12315,2,-59.5,6.1835,925.75,2
11,20.0,0.14305,0.96229,0.12315,2,-58.0,1.9512,921.25,2
12,20.75,0.14305,0.96229,0.12315,2,-56.5,4.1218,923.25,2
13,30.25,0.14305,1.1575,0.08894400000000001,2,-51.0,1.1413,920.75,2
14,30.75,0.060972000000000005,1.0542,0.054735,2,-51.0,6.2663,922.25,2
15,41.5,0.049247000000000006,0.98526,0.12315,2,-56.0,0.92806,925.75,2
16,54.25,0.096148,0.93932,0.08894400000000001,2,-56.0,5.9595,920.25,2
17,54.75,0.096148,0.93932,0.08894400000000001,2,-57.5,4.0681,924.25,2
18,56.75,0.10787000000000001,0.96229,0.11175,2,-56.5,0.5491699999999999,924.75,2
19,62.75,-0.06800700000000001,1.0542,0.054735,2,-57.5,4.3642,925.25,2
20,64.0,0.060972000000000005,0.98526,0.12315,2,-56.5,4.6526,924.75,2
21,65.0,0.037521,0.99674,0.08894400000000001,2,-56.5,1.3116,925.25,2
22,66.75,0.2603,0.9048700000000001,0.20297,2,-56.5,4.6756,924.75,2
23,67.5,0.2603,0.9048700000000001,0.20297,2,-56.5,5.6036,922.25,2
24,69.0,0.084423,0.98526,0.13455999999999999,2,-58.0,4.5237,924.75,2
25,70.0,-0.044557,1.0082,0.054735,2,-57.5,1.2885,925.25,2
26,70.5,-0.044557,1.0082,0.054735,2,-58.0,1.083,925.75,2
27,72.5,0.060972000000000005,0.97377,0.10035,2,-57.5,1.0308,925.25,2
28,74.0,0.096148,0.97377,0.13455999999999999,2,-56.0,1.3177,924.75,2
29,75.5,0.2603,0.9048700000000001,0.20297,2,-58.0,0.8621,925.75,2
30,76.25,0.2603,0.9048700000000001,0.20297,2,-57.0,1.2379,924.75,2
31,78.75,0.049247000000000006,0.98526,0.12315,2,-57.0,1.1275,924.75,2
32,82.25,0.1196,0.95081,0.12315,2,-56.5,0.17948,925.25,2
33,88.75,0.2134,0.93932,0.14595999999999998,2,-56.5,0.50775,924.25,2
34,90.25,0.17823,0.96229,0.11175,2,-57.0,0.07363099999999999,925.75,2
35,97.0,0.072698,0.97377,0.054735,2,-57.0,0.0061359,925.25,2
36,97.25,0.072698,0.97377,0.054735,2,-57.0,5.9856,925.75,2
37,98.5,0.36583000000000004,0.92784,0.16876,2,-58.5,0.55837,924.25,2
38,99.0,0.36583000000000004,0.92784,0.16876,2,-57.0,4.6449,922.25,2
39,100.0,0.36583000000000004,0.92784,0.16876,2,-57.0,6.0454,925.75,2
40,100.75,0.22513000000000002,0.98526,0.15736,2,-57.0,6.1513,924.75,2
41,101.75,0.34238,0.96229,0.27139,2,-57.0,6.1635,925.25,2
42,104.25,0.18995,0.97377,0.12315,2,-56.5,0.53843,925.25,2
43,104.75,0.14305,0.98526,0.12315,2,-57.0,0.35588000000000003,925.75,2
44,105.75,0.13132,0.97377,0.13455999999999999,2,-57.0,0.7025600000000001,924.25,2
45,107.25,0.20168,0.95081,0.13455999999999999,2,-57.5,0.34360999999999997,925.75,2
46,111.25,0.43618999999999997,0.84746,0.19157000000000002,2,-58.0,1.695,922.25,2
47,112.0,0.24858000000000002,0.98526,0.020525,2,-57.5,0.23163000000000003,925.75,2
48,119.0,0.084423,1.0312,0.020525,2,-57.0,0.76085,923.75,2
49,119.5,0.084423,1.0312,0.020525,2,-58.0,6.1681,925.75,2
50,120.25,0.15478,0.95081,0.08894400000000001,2,-58.0,0.4786,924.25,2
51,121.25,0.15478,0.95081,0.08894400000000001,2,-59.0,0.2347,925.25,2
52,121.75,0.15478,0.95081,0.08894400000000001,2,-57.0,6.1681,925.75,2
53,122.5,0.15478,0.99674,0.0091224,2,-57.0,0.36662,924.75,2
54,124.0,0.18995,0.93932,-0.013684,2,-57.0,0.51695,923.75,2
55,128.25,0.13132,0.97377,0.020525,2,-56.5,5.0207,922.25,2
56,129.0,0.13132,0.97377,0.020525,2,-57.5,6.207999999999999,925.75,2
57,134.0,0.15478,1.0197,0.10035,2,-58.0,0.62893,925.75,2
58,135.75,0.29548,0.9163600000000001,0.18017,2,-58.0,0.7808,925.25,2
59,137.25,0.14305,0.98526,0.11175,2,-57.5,1.1766,924.25,2
60,138.0,0.14305,0.98526,0.11175,2,-57.0,1.2809,923.25,2
61,138.25,0.14305,0.98526,0.11175,2,-57.0,0.77159,925.25,2
62,141.25,0.1665,0.99674,0.14595999999999998,2,-58.0,0.40497,925.75,2
63,143.75,0.2603,0.95081,0.19157000000000002,2,-57.5,0.1534,925.75,2
64,149.75,0.45963999999999994,0.9048700000000001,0.22578,2,-57.5,0.8621,924.25,2
65,150.25,0.45963999999999994,0.9048700000000001,0.22578,2,-56.5,4.8075,922.25,2
66,151.75,0.1665,0.99674,0.08894400000000001,2,-57.0,0.51235,924.75,2
67,152.75,0.27203,0.98526,0.13455999999999999,2,-57.5,0.22243000000000002,925.25,2
68,161.25,0.29548,0.95081,0.15736,2,-56.5,5.4886,921.25,2
69,161.75,0.29548,0.95081,0.15736,2,-57.0,1.1536,924.25,2
70,163.25,0.2134,0.97377,0.16876,2,-59.0,0.36509,925.75,2
71,164.25,0.2134,0.97377,0.16876,2,-57.5,1.0922,924.25,2
72,165.5,0.24858000000000002,0.97377,0.16876,2,-58.0,0.50775,925.75,2
73,169.5,0.30721,0.93932,0.21438000000000001,2,-54.0,5.1404,923.25,2
74,170.25,0.35411,0.93932,0.23718000000000003,2,-55.5,6.0362,921.75,2
75,175.5,0.33066,0.95081,0.23718000000000003,2,-57.0,0.36509,925.75,2
76,182.0,0.27203,0.96229,0.19157000000000002,2,-56.5,0.3927,925.25,2
77,186.75,0.28376,1.0082,0.15736,2,-57.0,0.5092800000000001,925.25,2
78,190.0,0.2603,0.97377,0.15736,2,-57.5,0.29759,925.75,2
79,191.0,0.30721,0.97377,0.18017,2,-56.5,0.84983,924.25,2
80,192.5,0.20168,0.97377,0.16876,2,-57.0,0.23776999999999998,925.75,2
81,194.25,0.23685,0.99674,0.14595999999999998,2,-57.0,0.50161,925.25,2
82,196.75,0.2134,0.99674,0.12315,2,-57.5,0.35128000000000004,925.25,2
83,197.25,0.2134,0.99674,0.12315,2,-57.5,0.11505,925.75,2
84,199.75,0.28376,0.96229,0.14595999999999998,2,-57.0,0.30219,925.75,2
85,206.75,0.22513000000000002,1.0542,0.077541,2,-54.0,1.1628,923.75,2
86,216.0,0.41273000000000004,0.93932,0.22578,2,-59.5,0.8528899999999999,925.25,2
87,217.25,0.41273000000000004,0.93932,0.22578,2,-57.0,5.6404,920.25,2
88,217.75,0.41273000000000004,0.93932,0.22578,2,-58.5,0.72404,924.25,2
89,218.75,0.1665,0.98526,0.13455999999999999,2,-57.0,0.97715,923.75,2
90,220.25,0.29548,0.97377,0.14595999999999998,2,-53.5,0.632,924.25,2
91,224.0,0.30721,0.98526,0.20297,2,-57.5,4.2936,925.75,2
92,229.0,0.1665,0.97377,0.13455999999999999,2,-56.5,0.36509,925.75,2
93,250.25,0.2603,0.93932,0.23718000000000003,2,-57.0,1.4956,925.25,2
94,251.5,0.49481,0.82449,0.46524,2,-56.5,1.1689,924.75,2
95,252.25,0.49481,0.82449,0.46524,2,-55.0,1.9175,923.25,2
96,255.75,0.1665,1.0312,0.16876,2,-57.0,0.44332,925.75,2
97,260.5,0.28376,0.95081,0.14595999999999998,2,-60.5,6.0301,925.75,2
98,262.0,0.38928,0.9163600000000001,0.21438000000000001,2,-54.5,0.82221,923.25,2
99,262.5,0.38928,0.9163600000000001,0.21438000000000001,2,-57.0,4.5835,923.75,2
100,263.25,0.38928,0.9163600000000001,0.21438000000000001,2,-57.0,1.6812,922.75,2
101,264.5,0.33066,0.92784,0.14595999999999998,2,-56.0,5.0023,922.25,2
102,269.25,0.22513000000000002,0.96229,0.20297,2,-54.5,1.3637,923.25,2
103,271.75,0.30721,0.95081,0.21438000000000001,2,-57.0,4.6633,923.25,2
104,274.5,0.1196,0.98526,0.15736,2,-56.5,5.3766,922.25,2
105,274.75,0.1196,0.98526,0.15736,2,-57.5,0.9434,925.25,2
106,278.75,0.15478,1.0542,0.066138,2,-51.5,0.056757,920.75,2
107,281.5,0.15478,1.0312,0.20297,2,-50.0,5.01,923.25,2
108,282.75,0.23685,0.97377,0.13455999999999999,2,-56.0,5.1266,922.75,2
109,283.5,0.2134,0.9163600000000001,0.16876,2,-57.0,0.8467600000000001,924.25,2
110,290.5,0.084423,0.99674,0.10035,2,-57.0,1.7288,920.25,2
111,302.25,0.40101,0.95081,0.20297,2,-57.5,0.38195999999999997,922.75,4
112,302.75,0.40101,0.95081,0.20297,2,-56.5,5.7877,924.75,4
113,303.25,-0.44322,0.72114,-0.10490999999999999,2,-47.0,4.6342,920.75,4
114,303.35,0.049247000000000006,0.72114,-0.09350499999999999,2,-46.0,5.5392,920.75,4
115,303.5,0.049247000000000006,0.99674,-0.13912,2,-47.0,0.43872,923.25,4
116,303.63,0.049247000000000006,0.99674,-0.13912,2,-47.5,0.9434,923.25,4
117,303.73,-0.0093803,1.1001,0.0091224,2,-47.5,4.2568,922.25,4
118,303.78,-0.11490999999999998,1.2494,-0.18473,2,-45.0,0.42031,922.25,4
119,303.82,-0.11490999999999998,1.2494,-0.18473,2,-44.5,1.06,922.25,4
120,303.85,-0.13835999999999998,0.99674,0.13455999999999999,2,-45.5,1.6552,925.25,4
121,303.9,0.0023451,0.98526,0.25999,2,-45.5,3.8365,925.25,4
122,304.0,-0.091458,0.95081,0.08894400000000001,2,-45.0,5.5914,923.75,4
123,304.07,-0.021106,0.97377,0.10035,2,-49.0,0.36969,923.75,4
124,306.25,0.38928,0.8819100000000001,0.24859,1,-65.5,4.7354,925.25,4
125,308.0,0.38928,0.8819100000000001,0.24859,1,-60.0,4.3887,920.75,1
126,308.25,0.38928,0.8819100000000001,0.24859,4,-57.0,5.8828,923.25,1
127,308.75,0.18995,0.99674,0.077541,1,-57.5,0.6258600000000001,925.25,1
128,309.0,0.18995,0.99674,0.077541,1,-56.5,5.2048,923.75,1
129,309.25,0.18995,0.99674,0.077541,1,-57.0,0.94186,921.75,1
130,309.5,0.18995,0.99674,0.077541,1,-57.5,0.19482,922.75,1
131,309.75,0.18995,0.99674,0.077541,4,-57.0,6.1727,921.25,1
132,310.0,0.18995,0.99674,0.077541,1,-59.0,5.6681,920.25,1
133,310.25,0.18995,0.99674,0.077541,1,-59.0,2.3378,924.25,1
134,310.75,0.18995,0.99674,0.077541,4,-57.0,1.7886,923.25,1
135,311.25,-0.079733,0.95081,0.12315,1,-58.5,4.0451,923.75,1
136,311.75,-0.079733,0.95081,0.12315,4,-59.5,5.8261,925.75,1
137,312.0,-0.079733,0.95081,0.12315,1,-58.0,6.1758,921.25,1
138,312.25,-0.079733,0.95081,0.12315,1,-58.5,0.8805,920.25,1
139,312.75,-0.079733,0.95081,0.12315,1,-59.0,3.8994,924.25,1
140,313.0,-0.079733,0.95081,0.12315,1,-58.5,0.5353600000000001,920.75,1
141,313.25,-0.079733,0.95081,0.12315,4,-57.0,2.0724,923.25,1
142,313.5,-0.079733,0.95081,0.12315,4,-57.0,6.1237,922.25,1
143,314.0,-0.12663,0.98526,0.054735,1,-57.0,6.1129,921.75,1
144,314.25,-0.12663,0.98526,0.054735,4,-58.0,5.6819,925.75,1
145,314.5,-0.12663,0.98526,0.054735,4,-56.5,5.4257,922.75,1
146,314.6,-0.12663,0.98526,0.054735,1,-57.5,0.17334000000000002,921.25,1
147,314.75,-0.12663,0.98526,0.054735,4,-56.5,1.6122,920.25,1
148,315.0,-0.12663,0.98526,0.054735,1,-59.5,0.29606,924.75,1
149,315.5,-0.12663,0.98526,0.054735,4,-56.5,0.8667,920.75,1
150,315.75,0.10787000000000001,0.95081,0.043332,1,-58.5,0.47247,922.25,1
151,316.25,0.10787000000000001,0.95081,0.043332,1,-60.5,1.0876,923.75,1
152,316.5,0.10787000000000001,0.95081,0.043332,1,-59.5,2.5096,921.75,1
153,317.5,0.1196,0.97377,0.27139,4,-60.0,0.049087,924.75,1
154,317.75,0.1196,0.97377,0.27139,1,-60.5,0.41723999999999994,920.75,1
155,318.25,0.1196,0.97377,0.27139,4,-56.0,5.1373,922.25,1
156,318.5,0.1196,0.97377,0.27139,1,-61.0,6.2817,925.25,1
157,319.25,0.0023451,1.0197,0.066138,1,-60.0,1.6582,922.75,1
158,319.5,0.0023451,1.0197,0.066138,4,-56.5,1.1029,920.25,1
159,319.75,0.0023451,1.0197,0.066138,1,-61.0,6.2157,924.75,1
160,320.25,0.0023451,1.0197,0.066138,1,-61.0,6.2126,920.75,1
161,320.75,0.0023451,1.0197,0.066138,4,-57.0,5.0023,922.25,1
162,321.5,0.096148,1.0082,0.19157000000000002,1,-63.0,4.9379,925.75,1
163,322.0,0.096148,1.0082,0.19157000000000002,1,-60.0,3.8672,920.25,1
164,322.25,0.096148,1.0082,0.19157000000000002,1,-59.0,0.2439,924.75,1
165,322.75,0.096148,1.0082,0.19157000000000002,3,-68.5,0.63507,920.75,1
166,323.25,-0.06800700000000001,1.0197,0.27139,1,-57.0,5.0713,922.25,1
167,323.5,-0.06800700000000001,1.0197,0.27139,4,-57.0,4.9087,923.75,1
168,324.0,0.10787000000000001,0.8589399999999999,0.23718000000000003,1,-57.5,4.9747,922.75,1
169,324.25,0.10787000000000001,0.8589399999999999,0.23718000000000003,1,-57.5,6.0577,921.25,1
170,324.5,0.10787000000000001,0.8589399999999999,0.23718000000000003,1,-57.5,0.31446999999999997,920.25,1
171,324.75,0.10787000000000001,0.8589399999999999,0.23718000000000003,1,-57.5,5.9028,924.75,1
172,325.0,0.10787000000000001,0.8589399999999999,0.23718000000000003,3,-66.5,0.8927799999999999,920.75,1
173,325.25,0.10787000000000001,0.8589399999999999,0.23718000000000003,4,-58.0,5.2094,923.25,1
174,325.5,0.10787000000000001,0.8589399999999999,0.23718000000000003,1,-57.0,1.7656,922.25,1
175,326.0,0.10787000000000001,0.8589399999999999,0.23718000000000003,1,-59.0,0.76085,923.75,1
176,326.75,0.24858000000000002,0.97377,0.11175,1,-58.0,1.422,922.75,1
177,326.85,0.24858000000000002,0.97377,0.11175,4,-57.5,5.2278,920.25,1
178,327.0,0.24858000000000002,0.97377,0.11175,1,-60.0,6.0009,924.75,1
179,327.75,0.24858000000000002,0.97377,0.11175,1,-59.0,1.0124,923.25,1
180,328.25,0.24858000000000002,0.97377,0.11175,1,-59.0,0.6642100000000001,923.75,1
181,329.25,0.24858000000000002,0.92784,0.10035,4,-57.5,1.0523,921.25,1
182,329.38,0.24858000000000002,0.92784,0.10035,1,-59.0,5.4763,920.25,1
183,330.5,0.10787000000000001,0.9048700000000001,0.22578,1,-62.5,0.09664099999999999,922.25,1
184,331.0,0.10787000000000001,0.9048700000000001,0.22578,1,-58.5,1.9988,921.75,1
185,331.75,0.10787000000000001,0.96229,0.066138,1,-57.0,5.888999999999999,920.25,1
186,332.0,0.10787000000000001,0.96229,0.066138,3,-67.0,1.2655,924.75,1
187,332.5,0.10787000000000001,0.96229,0.066138,1,-57.0,5.7371,920.75,1
188,333.25,0.22513000000000002,0.97377,0.077541,1,-57.5,0.23623000000000002,923.75,1
189,333.5,0.22513000000000002,0.97377,0.077541,1,-57.0,1.7717,921.75,1
190,334.25,0.22513000000000002,0.97377,0.077541,1,-59.0,6.2464,920.25,1
191,334.75,0.22513000000000002,0.97377,0.077541,3,-69.0,3.9485,924.25,1
192,335.0,0.22513000000000002,0.97377,0.077541,1,-58.0,0.20095,923.25,1
193,335.75,0.1665,0.99674,0.08894400000000001,1,-58.0,4.9317,921.75,1
194,336.25,0.1665,0.99674,0.08894400000000001,1,-58.0,1.3821,922.75,1
195,336.5,0.1665,0.99674,0.08894400000000001,1,-58.5,5.8629,921.25,1
196,337.0,0.1665,0.99674,0.08894400000000001,1,-59.5,6.1957,924.75,1
197,337.25,0.1665,0.99674,0.08894400000000001,1,-58.5,0.026077999999999997,920.75,1
198,337.75,0.1665,0.99674,0.08894400000000001,4,-58.5,0.026077999999999997,922.25,1
199,338.75,0.13132,0.97377,0.11175,1,-59.0,1.4757,922.75,1
200,339.0,0.13132,0.97377,0.11175,1,-59.0,0.25617,920.25,1
201,339.5,0.13132,0.97377,0.11175,1,-60.0,0.18561,924.25,1
202,340.25,0.13132,0.97377,0.11175,1,-58.5,2.0295,922.25,1
203,340.75,0.13132,0.97377,0.11175,4,-58.0,4.2323,921.75,1
204,341.5,0.23685,0.93932,0.14595999999999998,1,-58.5,5.7325,921.25,1
205,342.0,0.23685,0.93932,0.14595999999999998,1,-60.0,0.076699,924.25,1
206,342.25,0.23685,0.93932,0.14595999999999998,1,-59.0,0.80687,923.25,1
207,342.75,0.23685,0.93932,0.14595999999999998,4,-62.5,0.67802,925.25,1
208,343.75,0.40101,0.89339,0.20297,4,-57.5,1.4373,921.25,1
209,344.0,0.40101,0.89339,0.20297,1,-58.5,0.14726,920.25,1
210,344.5,0.40101,0.89339,0.20297,1,-58.5,5.8736,920.75,1
211,344.75,0.40101,0.89339,0.20297,4,-60.0,5.306,923.25,1
212,345.5,0.40101,0.89339,0.20297,1,-59.0,0.31753000000000003,923.75,1
213,345.75,0.40101,0.89339,0.20297,1,-58.0,2.1307,921.75,1
214,346.25,0.40101,0.89339,0.20297,1,-58.0,5.7954,921.25,1
215,347.0,0.1665,0.99674,0.08894400000000001,1,-59.5,0.02301,924.25,1
216,347.25,0.1665,0.99674,0.08894400000000001,4,-59.0,5.4104,923.25,1
217,347.5,0.1665,0.99674,0.08894400000000001,4,-63.0,0.39423,925.25,1
218,348.0,0.1665,0.99674,0.08894400000000001,1,-58.0,1.9712,921.75,1
219,348.5,0.1665,0.99674,0.08894400000000001,1,-58.0,2.5986,921.25,1
220,348.75,0.1665,0.99674,0.08894400000000001,1,-58.5,0.44638999999999995,920.25,1
221,349.25,0.1665,0.99674,0.08894400000000001,1,-59.5,0.35741999999999996,924.25,1
222,349.75,0.1665,0.99674,0.08894400000000001,4,-59.0,5.7862,923.25,1
223,350.0,0.1665,0.99674,0.08894400000000001,1,-58.0,1.8408,922.25,1
224,351.0,0.23685,0.96229,0.13455999999999999,1,-58.5,1.3407,922.75,1
225,351.5,0.23685,0.96229,0.13455999999999999,1,-60.0,5.9442,924.75,1
226,352.0,0.23685,0.96229,0.13455999999999999,1,-59.0,6.0516,920.75,1
227,352.75,0.23685,0.96229,0.13455999999999999,1,-59.5,0.42491,923.75,1
228,353.25,0.23685,0.96229,0.13455999999999999,4,-59.5,5.8613,922.75,1
229,353.75,0.23685,0.96229,0.13455999999999999,1,-59.0,0.2393,920.25,1
230,354.5,0.20168,0.96229,0.13455999999999999,1,-59.5,1.0891,923.25,1
231,354.75,0.20168,0.96229,0.13455999999999999,1,-58.5,1.8822,922.25,1
232,355.25,0.20168,0.96229,0.13455999999999999,1,-59.0,2.3976,921.75,1
233,356.0,0.20168,0.96229,0.13455999999999999,4,-57.5,1.1351,921.25,1
234,356.25,0.20168,0.96229,0.13455999999999999,1,-59.5,0.21936,920.25,1
235,357.25,0.2134,0.93932,0.15736,1,-59.5,1.827,922.25,1
236,358.25,0.2134,0.93932,0.15736,1,-60.0,4.516,922.75,1
237,358.75,0.2134,0.93932,0.15736,1,-61.5,6.0516,924.75,1
238,359.75,0.2134,0.93932,0.16876,4,-58.0,0.63047,922.25,1
239,360.25,0.2134,0.93932,0.16876,1,-59.0,2.574,921.75,1
240,360.75,0.2134,0.93932,0.16876,4,-58.0,0.21629,922.75,1
241,361.75,0.24858000000000002,0.93932,0.18017,4,-56.5,5.1419,920.75,1
242,362.0,0.24858000000000002,0.93932,0.18017,4,-57.5,0.50315,922.25,1
243,362.5,0.24858000000000002,0.93932,0.18017,1,-60.5,0.71637,923.75,1
244,363.0,0.24858000000000002,0.93932,0.18017,1,-60.0,1.3438,922.75,1
245,364.75,0.34238,0.93932,0.25999,4,-58.0,5.8797,923.75,1
246,365.25,0.34238,0.93932,0.25999,1,-58.0,6.1605,925.75,1
247,365.5,0.34238,0.93932,0.25999,1,-58.0,0.064427,922.75,1
248,366.0,0.51826,0.81301,0.48805,4,-60.5,4.1080000000000005,920.25,1
249,366.25,0.51826,0.81301,0.48805,3,-57.0,5.4686,924.25,1
250,366.75,0.51826,0.81301,0.48805,1,-58.5,2.0555,923.25,1
251,367.5,1.1397,0.19292,0.22578,3,-50.5,0.27612,921.75,3
252,367.6,1.1397,0.19292,0.22578,4,-64.5,2.3501,921.75,3
253,368.25,1.1983,-0.094162,0.15736,4,-62.0,6.1543,921.25,3
254,368.5,1.1983,-0.094162,0.15736,3,-49.5,5.7033,920.25,3
255,369.0,0.8583,-0.082679,-0.047893,3,-50.5,0.67188,923.25,3
256,369.1,0.8583,-0.082679,-0.047893,4,-62.5,3.9454,923.25,3
257,369.25,0.8583,-0.082679,-0.047893,3,-49.5,4.447,922.25,3
258,369.5,0.9403799999999999,-0.07119600000000001,-0.082102,4,-62.0,4.8428,922.25,3
259,369.75,0.9403799999999999,-0.07119600000000001,-0.082102,4,-63.0,0.7133,923.75,3
260,370.0,1.0225,-0.048229,-0.09350499999999999,4,-63.5,5.8153,921.75,3
261,370.5,0.96383,-0.059712,-0.10490999999999999,3,-48.5,4.8136,921.25,3
262,370.75,1.1163,-0.15158,0.054735,4,-67.0,0.11965,921.25,3
263,370.85,1.1163,-0.15158,0.054735,3,-49.0,5.4579,920.25,3
264,371.0,1.2570000000000001,-0.17454,0.14595999999999998,4,-67.5,6.1421,924.75,3
265,371.5,0.97555,-0.048229,-0.013684,3,-48.5,5.2662,920.75,3
266,371.6,1.1514,-0.12861,-0.047893,3,-50.5,0.56297,923.25,3
267,371.75,1.1514,-0.12861,-0.047893,3,-51.0,0.53076,923.25,3
268,371.85,1.0107,-0.059712,-0.047893,3,-49.5,4.2184,922.25,3
269,372.25,1.339,-0.24344000000000002,0.12315,4,-67.0,0.86056,923.75,3
270,372.5,1.339,-0.24344000000000002,0.12315,3,-49.0,4.6372,921.75,3
271,372.75,0.9403799999999999,-0.025263,-0.10490999999999999,4,-67.5,5.1987,925.75,3
272,372.85,0.9403799999999999,-0.025263,-0.10490999999999999,4,-66.0,4.6173,922.75,3
273,373.25,1.1163,-0.10565,-0.013684,3,-49.0,5.7877,920.25,3
274,373.35,1.339,-0.18603,0.054735,3,-52.5,6.1421,924.75,3
275,373.5,1.339,-0.18603,0.054735,4,-67.0,5.9933,924.75,3
276,374.0,1.3156,-0.19751,0.043332,3,-49.0,5.3521,920.75,3
277,374.1,1.3156,-0.19751,0.043332,4,-65.5,0.30066,920.75,3
278,374.25,0.9990100000000001,-0.01378,-0.09350499999999999,4,-65.0,1.9574,922.25,3
279,374.5,0.9990100000000001,-0.01378,-0.09350499999999999,3,-51.5,0.29452,923.75,3
280,374.75,0.9990100000000001,-0.01378,-0.09350499999999999,4,-66.0,0.49087,923.75,3
281,375.0,0.9169299999999999,-0.036746,-0.11631,4,-65.0,5.3751,921.75,3
282,375.25,0.9169299999999999,-0.036746,-0.11631,4,-65.0,1.4266,922.75,3
283,376.25,0.92865,-0.059712,-0.09350499999999999,4,-65.5,0.14265999999999998,920.75,3
284,376.5,0.92865,-0.059712,-0.09350499999999999,3,-51.0,3.7475,923.25,3
285,376.75,0.9169299999999999,-0.048229,-0.082102,3,-50.0,4.3304,922.25,3
286,377.0,1.2335,-0.15158,0.031928,3,-51.5,0.28225,923.75,3
287,377.08,1.2335,-0.15158,0.031928,4,-66.5,0.45098999999999995,923.75,3
288,377.75,1.1983,-0.12861,0.031928,3,-50.5,4.1172,922.75,3
289,377.85,1.1983,-0.12861,0.031928,3,-48.5,5.0959,921.25,3
290,377.88,1.1983,-0.12861,0.031928,4,-65.0,5.957999999999999,921.25,3
291,378.0,0.92865,-0.025263,-0.082102,3,-49.0,5.8123,920.25,3
292,378.25,0.92865,-0.036746,-0.082102,4,-67.0,5.7616,924.75,3
293,378.5,0.92865,-0.036746,-0.082102,4,-67.0,6.2157,924.25,3
294,378.75,0.92865,-0.036746,-0.082102,3,-49.0,5.4057,920.75,3
295,379.0,1.3156,-0.19751,0.066138,4,-65.0,5.0146,922.25,3
296,379.5,1.3156,-0.19751,0.066138,3,-51.5,0.4065,923.75,3
297,379.75,1.2687,-0.17454,0.043332,3,-49.0,4.7185,921.75,3
298,379.85,1.2687,-0.17454,0.043332,4,-65.0,2.3501,921.75,3
299,380.25,0.9521,-0.036746,-0.082102,4,-65.0,1.3714,922.75,3
300,380.35,0.9521,-0.036746,-0.082102,3,-49.0,5.0683,921.25,3
301,380.5,1.1163,-0.094162,-0.013684,4,-65.5,3.7629,920.25,3
302,380.75,1.1163,-0.094162,-0.013684,4,-67.0,5.8229999999999995,924.75,3
303,381.25,1.0459,-0.082679,-0.036489999999999995,3,-49.0,5.3705,920.75,3
304,381.35,0.97555,-0.059712,-0.036489999999999995,4,-65.5,1.0615,923.25,3
305,381.75,0.9403799999999999,-0.059712,-0.09350499999999999,4,-66.5,5.5131,925.25,3
306,382.25,1.0459,-0.059712,-0.036489999999999995,3,-49.5,4.6986,921.75,3
307,382.5,0.9521,-0.01378,-0.09350499999999999,3,-50.5,4.062,922.75,3
308,382.75,0.97555,-0.036746,-0.082102,4,-64.5,6.0945,921.25,3
309,383.0,0.97555,-0.036746,-0.082102,3,-49.0,5.5975,920.25,3
310,383.1,0.9872799999999999,-0.036746,-0.036489999999999995,3,-49.0,5.6297,920.25,3
311,383.25,1.1045,-0.10565,0.020525,4,-65.5,0.1534,924.25,3
312,384.0,1.0576,-0.082679,-0.036489999999999995,4,-65.5,1.1382,923.25,3
313,384.25,1.0576,-0.082679,-0.036489999999999995,4,-67.5,5.5162,925.25,3
314,384.75,1.1045,-0.11713,0.0091224,3,-50.0,4.648,921.75,3
315,385.0,1.1045,-0.11713,0.0091224,4,-63.0,4.671,922.75,3
316,385.25,1.2570000000000001,-0.14009000000000002,-0.082102,3,-49.5,4.8658,921.25,3
317,385.5,1.0811,-0.094162,-0.013684,3,-53.5,5.912000000000001,924.75,3
318,386.0,1.2335,-0.16305999999999998,0.08894400000000001,3,-49.5,5.1803,920.75,3
319,386.25,0.9052,-0.036746,-0.047893,3,-50.5,4.2031,922.25,3
320,386.75,0.9872799999999999,-0.025263,-0.036489999999999995,4,-66.5,5.4917,925.25,3
321,387.0,1.4446,-0.19751,0.13455999999999999,4,-64.0,2.4145,921.75,3
322,387.75,0.9872799999999999,-0.0022965999999999998,-0.15052000000000001,3,-49.0,5.0775,921.25,3
323,387.88,1.0928,-0.059712,-0.036489999999999995,4,-63.0,0.51695,920.25,3
324,388.0,1.0928,-0.059712,-0.036489999999999995,4,-65.0,5.5269,924.75,3
325,388.5,1.0107,0.0091865,-0.082102,3,-49.0,5.3996,920.75,3
326,388.75,1.128,-0.07119600000000001,-0.0022806,4,-64.5,0.8268200000000001,923.25,3
327,388.85,1.128,-0.07119600000000001,-0.0022806,3,-49.5,4.4593,922.25,3
328,389.0,0.9052,-0.048229,-0.13912,4,-65.5,5.2953,925.25,3
329,389.25,0.9052,-0.048229,-0.13912,3,-51.5,0.40497,923.75,3
330,389.75,1.1632,-0.14009000000000002,-0.013684,4,-66.0,4.9532,925.75,3
331,390.0,1.1632,-0.14009000000000002,-0.013684,4,-64.0,4.4547,922.75,3
332,390.25,1.0107,-0.025263,-0.082102,4,-63.5,0.62433,920.25,3
333,390.75,1.0225,-0.025263,-0.09350499999999999,4,-65.0,6.07,924.25,3
334,391.0,1.1163,-0.07119600000000001,-0.047893,3,-50.5,3.8549,923.25,3
335,391.25,1.1163,-0.07119600000000001,-0.047893,3,-50.5,3.8595,923.25,3
336,391.35,1.0459,-0.07119600000000001,-0.047893,4,-63.5,4.8075,922.25,3
337,391.75,0.92865,-0.036746,-0.11631,3,-49.0,4.7339,921.75,3
338,392.0,1.339,-0.20899,0.054735,3,-49.0,4.7109,921.75,3
339,392.1,1.339,-0.20899,0.054735,4,-66.0,4.832,925.75,3
340,392.25,1.339,-0.20899,0.054735,3,-50.5,4.0819,922.75,3
341,392.5,0.9521,-0.025263,-0.10490999999999999,4,-64.0,5.7785,921.25,3
342,392.75,0.9521,-0.025263,-0.10490999999999999,3,-48.5,5.6711,920.25,3
343,392.85,0.9169299999999999,-0.025263,-0.12771,4,-63.5,3.6417,920.25,3
344,393.25,1.2570000000000001,-0.15158,0.043332,4,-64.0,0.030680000000000002,920.75,3
345,393.5,1.2570000000000001,-0.15158,0.043332,3,-48.5,5.3214,920.75,3
346,393.75,1.2921,-0.18603,0.031928,3,-49.5,4.3611,922.25,3
347,394.0,1.3508,-0.19751,0.066138,4,-65.0,0.25464000000000003,923.75,3
348,394.25,1.3508,-0.19751,0.066138,3,-49.0,4.7109,921.75,3
349,394.5,0.9403799999999999,-0.025263,-0.10490999999999999,3,-49.0,4.7339,921.75,3
350,394.65,0.9403799999999999,-0.025263,-0.10490999999999999,4,-67.0,1.6659,925.75,3
351,394.75,0.9169299999999999,-0.036746,-0.11631,3,-48.5,5.0299,921.25,3
352,395.0,1.1514,-0.12861,-0.013684,4,-63.5,2.64,921.25,3
353,395.25,1.1514,-0.12861,-0.013684,4,-64.0,0.50008,920.25,3
354,395.75,0.97555,-0.036746,-0.10490999999999999,4,-65.5,6.1528,924.25,3
355,395.83,0.97555,-0.036746,-0.10490999999999999,3,-48.5,5.3567,920.75,3
356,396.25,1.128,-0.12861,-0.025087,3,-49.5,4.3749,922.25,3
357,396.75,0.9872799999999999,-0.048229,-0.10490999999999999,3,-51.0,0.33748,923.75,3
358,396.83,0.9872799999999999,-0.048229,-0.10490999999999999,3,-49.0,4.6909,921.75,3
359,396.88,0.92865,-0.059712,-0.10490999999999999,3,-49.0,4.7001,921.75,3
360,397.25,0.9990100000000001,-0.048229,-0.082102,4,-65.0,5.7356,921.25,3
361,397.5,0.9990100000000001,-0.048229,-0.082102,3,-48.5,4.9854,921.25,3
362,397.6,0.9169299999999999,-0.036746,-0.11631,3,-48.5,5.6665,920.25,3
363,397.75,1.3508,-0.20899,0.066138,3,-52.5,6.0408,924.75,3
364,398.0,0.9872799999999999,-0.048229,-0.09350499999999999,4,-65.5,6.2249,920.75,3
365,398.25,0.9872799999999999,-0.048229,-0.09350499999999999,3,-48.5,5.3137,920.75,3
366,398.33,0.9872799999999999,-0.048229,-0.09350499999999999,3,-50.5,0.61052,923.25,3
367,398.38,0.9872799999999999,-0.048229,-0.09350499999999999,3,-51.0,3.7383,923.25,3
368,398.75,0.96383,-0.048229,-0.10490999999999999,4,-65.0,4.8627,922.25,3
369,399.25,1.1045,-0.094162,-0.036489999999999995,4,-64.5,2.1967,921.75,3
370,399.38,1.1045,-0.094162,-0.036489999999999995,3,-49.0,4.6449,921.75,3
371,399.75,1.1632,-0.16305999999999998,-0.0022806,3,-49.0,4.9271,921.25,3
372,400.0,0.9403799999999999,-0.059712,-0.082102,3,-48.5,5.599,920.25,3
373,400.25,1.2570000000000001,-0.19751,0.043332,4,-67.5,5.4993,924.75,3
374,400.5,1.4094,-0.23196,0.11175,4,-65.0,6.1175,920.75,3
375,400.75,1.4094,-0.23196,0.11175,4,-66.0,0.61666,923.25,3
376,401.0,1.4094,-0.23196,0.11175,4,-65.5,1.6306,922.25,3
377,401.5,1.1163,-0.082679,0.020525,4,-66.5,0.25156999999999996,923.75,3
378,401.65,1.1163,-0.082679,0.020525,4,-65.5,2.0954,921.75,3
379,402.25,0.9403799999999999,-0.036746,-0.059296,3,-48.0,4.7461,921.25,3
380,402.33,1.2218,-0.19751,0.054735,4,-65.5,5.9074,921.25,3
381,402.5,1.2218,-0.19751,0.054735,4,-65.5,0.60132,920.25,3
382,403.0,1.3273,-0.20899,0.10035,4,-66.0,6.2433,924.25,3
383,403.25,0.9521,-0.01378,-0.082102,4,-65.5,1.0707,923.25,3
384,403.5,0.9521,-0.01378,-0.082102,3,-50.5,4.266,922.25,3
385,403.6,0.9521,-0.01378,-0.082102,4,-64.0,5.1358,922.25,3
386,404.25,0.9990100000000001,-0.0022965999999999998,-0.036489999999999995,4,-65.5,5.6082,921.75,3
387,404.5,0.9990100000000001,-0.0022965999999999998,-0.036489999999999995,3,-51.0,3.9101,922.75,3
388,404.6,0.9990100000000001,-0.0022965999999999998,-0.036489999999999995,4,-65.5,4.7032,922.75,3
389,404.75,1.1163,-0.12861,0.020525,4,-67.0,6.1283,921.25,3
390,405.0,1.1163,-0.12861,0.020525,3,-48.5,5.507000000000001,920.25,3
391,406.0,1.3742,-0.17454,0.18017,3,-50.5,4.3335,922.25,3
392,406.1,1.3742,-0.17454,0.18017,4,-66.0,2.0172,922.25,3
393,406.25,1.3742,-0.17454,0.18017,4,-65.5,0.8851100000000001,923.75,3
394,406.75,1.2101,-0.025263,0.054735,4,-65.0,5.3122,925.75,3
395,407.0,1.2101,-0.025263,0.054735,4,-64.0,1.6398,922.75,3
396,407.25,1.2101,-0.025263,0.054735,4,-65.5,0.029146,921.25,3
397,407.5,0.92865,-0.0022965999999999998,-0.0022806,3,-52.0,6.0577,924.75,3
398,407.75,1.0459,-0.036746,0.0091224,4,-65.5,6.2494,920.75,3
399,408.0,1.0459,-0.036746,0.0091224,3,-48.5,5.441,920.75,3
400,408.1,1.0459,-0.036746,0.0091224,3,-50.5,0.6918300000000001,923.25,3
401,408.25,0.92865,-0.0022965999999999998,-0.036489999999999995,4,-66.0,0.84216,923.25,3
402,408.75,0.97555,0.0091865,0.0091224,4,-66.0,0.58905,923.75,3
403,409.0,0.97555,0.0091865,0.0091224,4,-65.0,2.4206,921.75,3
404,409.25,0.97555,0.0091865,0.0091224,4,-65.5,4.6449,922.75,3
405,409.75,1.0107,-0.048229,0.0091224,4,-66.0,3.8641,920.25,3
406,410.25,0.9990100000000001,-0.01378,0.020525,3,-49.5,5.2585,920.75,3
407,410.5,1.2101,-0.11713,0.10035,4,-66.5,1.0063,923.25,3
408,410.75,1.2101,-0.11713,0.10035,4,-66.0,5.0683,922.25,3
409,411.5,1.2570000000000001,-0.12861,0.13455999999999999,4,-66.0,5.5239,921.75,3
410,411.75,1.2570000000000001,-0.12861,0.13455999999999999,4,-65.5,1.511,922.75,3
411,412.0,0.9052,-0.025263,-0.025087,3,-49.0,5.553,920.25,3
412,412.25,0.9521,-0.036746,-0.025087,3,-52.5,5.869,924.75,3
413,412.75,0.9169299999999999,-0.01378,-0.036489999999999995,4,-65.5,0.23317,920.75,3
414,413.0,0.9169299999999999,-0.01378,-0.036489999999999995,3,-51.0,0.59518,923.25,3
415,413.25,0.9872799999999999,-0.01378,-0.0022806,3,-50.5,4.3918,922.25,3
416,413.5,1.1632,-0.10565,0.08894400000000001,4,-67.0,5.5055,925.25,3
417,413.75,1.1632,-0.10565,0.08894400000000001,4,-66.5,0.54303,923.75,3
418,414.5,1.0342,-0.0022965999999999998,0.020525,4,-65.5,6.0485,921.25,3
419,414.75,0.96383,-0.01378,-0.013684,4,-67.0,5.9212,924.75,3
420,415.25,1.3742,-0.18603,0.15736,3,-49.5,5.2938,920.75,3
421,415.35,1.3742,-0.18603,0.15736,4,-65.5,0.21322,920.75,3
422,416.25,1.2804,-0.12861,0.11175,4,-65.5,5.5346,921.75,3
423,416.75,1.0225,-0.0022965999999999998,0.054735,3,-51.5,0.76546,922.75,3
424,417.0,1.1632,-0.07119600000000001,0.077541,3,-50.0,5.53,920.25,3
425,417.08,1.1632,-0.07119600000000001,0.077541,4,-65.5,3.9607,920.25,3
426,417.5,1.0928,-0.059712,-0.0022806,4,-68.0,0.10737999999999999,924.25,3
427,417.75,1.0928,-0.059712,-0.0022806,4,-66.5,3.4821,920.75,3
428,418.0,1.1397,-0.082679,0.043332,4,-66.5,2.3945,922.25,3
429,418.75,1.3742,-0.19751,0.19157000000000002,4,-66.5,5.8445,921.75,3
430,419.25,0.96383,-0.059712,-0.036489999999999995,4,-67.5,0.0061359,921.25,3
431,420.25,1.0694,-0.10565,0.043332,4,-67.0,1.3238,923.25,3
432,420.75,1.1749,-0.12861,0.066138,4,-67.5,5.8153,925.25,3
433,421.25,1.0107,-0.036746,-0.025087,4,-64.5,2.6477,921.75,3
434,421.5,1.0107,-0.036746,-0.025087,4,-64.5,1.669,922.75,3
435,421.75,0.9521,-0.048229,-0.047893,4,-65.0,6.251,921.25,3
436,422.0,0.9521,-0.048229,-0.047893,4,-65.0,0.9786799999999999,920.25,3
437,422.5,1.0107,-0.048229,-0.025087,4,-64.5,0.4694,920.75,3
438,422.75,1.0107,-0.048229,-0.025087,4,-65.0,5.257000000000001,922.25,3
439,423.0,1.0107,-0.048229,-0.025087,4,-66.0,5.6558,925.25,3
440,423.5,0.92865,-0.036746,-0.059296,4,-64.5,5.6941,921.75,3
441,424.0,1.0225,-0.025263,-0.047893,3,-50.5,4.0022,922.75,3
442,424.1,1.0225,-0.025263,-0.047893,3,-49.0,4.944,921.25,3
443,424.25,0.9403799999999999,-0.048229,-0.059296,4,-64.5,6.1789,921.25,3
444,424.35,0.9403799999999999,-0.048229,-0.059296,4,-64.5,0.91579,920.25,3
445,424.75,1.128,-0.11713,0.031928,4,-65.0,0.23163000000000003,924.25,3
446,425.0,1.128,-0.11713,0.031928,3,-49.0,5.4656,920.75,3
447,425.25,0.97555,-0.036746,-0.036489999999999995,4,-64.5,1.1735,923.25,3
448,425.33,0.97555,-0.036746,-0.036489999999999995,4,-64.5,5.2063,922.25,3
449,425.75,0.97555,-0.036746,-0.036489999999999995,4,-66.5,5.6174,925.25,3
450,426.0,1.128,-0.11713,0.020525,3,-50.0,4.7032,921.75,3
451,426.5,1.1983,-0.12861,0.043332,3,-50.5,4.0712,922.75,3
452,426.6,0.92865,-0.048229,-0.059296,4,-64.5,6.1804,921.25,3
453,426.75,0.92865,-0.048229,-0.059296,4,-64.5,0.93419,920.25,3
454,427.0,0.92865,-0.048229,-0.059296,4,-66.5,6.0285,924.75,3
455,427.75,0.9990100000000001,-0.082679,-0.0022806,3,-50.5,4.2123,922.25,3
456,428.0,0.9403799999999999,-0.036746,-0.025087,4,-68.5,5.6098,925.25,3
457,428.25,0.9403799999999999,-0.036746,-0.025087,4,-67.5,0.7133,923.75,3
458,428.5,0.9403799999999999,-0.036746,-0.025087,4,-66.5,2.5878,921.75,3
459,429.0,1.2804,-0.18603,0.14595999999999998,3,-49.5,4.8167,921.25,3
460,429.75,1.3156,-0.18603,0.15736,4,-68.0,0.26691,924.25,3
461,430.25,1.1866,-0.14009000000000002,0.11175,3,-50.0,4.2859,922.25,3
462,430.35,0.9052,-0.048229,-0.025087,3,-50.0,4.2476,922.25,3
463,430.4,0.9052,-0.048229,-0.025087,4,-66.5,2.1875,922.25,3
464,430.75,0.96383,-0.036746,-0.013684,3,-49.5,4.5851,921.75,3
465,430.85,0.96383,-0.036746,-0.013684,4,-66.5,5.7724,921.75,3
466,432.25,1.1749,-0.12861,0.077541,4,-67.5,0.40497,920.75,3
467,432.38,1.1749,-0.12861,0.077541,4,-66.5,0.44638999999999995,920.75,3
468,432.5,1.1749,-0.12861,0.077541,4,-66.5,2.1568,922.25,3
469,433.25,1.1163,-0.14009000000000002,0.066138,4,-66.5,5.7601,921.75,3
470,433.75,0.9169299999999999,-0.059712,-0.025087,4,-66.5,1.6858,922.75,3
471,434.0,0.9169299999999999,-0.059712,-0.025087,4,-67.0,6.207999999999999,921.25,3
472,434.25,0.9169299999999999,-0.059712,-0.025087,4,-67.0,4.062,920.25,3
473,434.5,0.9169299999999999,-0.059712,-0.025087,4,-67.5,0.29606,924.25,3
474,434.75,1.1983,-0.17454,0.12315,3,-51.5,0.38503000000000004,923.25,3
475,435.0,1.1045,-0.10565,0.054735,4,-66.5,2.1430000000000002,922.25,3
476,436.0,1.3039,-0.19751,0.14595999999999998,4,-67.0,4.7906,922.75,3
477,436.25,1.3039,-0.19751,0.14595999999999998,4,-67.0,6.1804,921.25,3
478,436.5,1.3039,-0.19751,0.14595999999999998,3,-50.0,5.4104,920.25,3
479,436.75,0.9872799999999999,-0.036746,-0.0022806,4,-68.5,6.1451,924.75,3
480,437.0,0.9872799999999999,-0.036746,-0.0022806,4,-66.5,0.4786,920.75,3
481,437.5,1.0694,-0.07119600000000001,0.043332,3,-50.5,4.1402,922.25,3
482,438.0,0.9169299999999999,-0.048229,-0.036489999999999995,4,-66.5,5.7632,921.75,3
483,438.5,0.9169299999999999,-0.048229,-0.036489999999999995,4,-66.5,1.6475,922.75,3
484,439.0,1.0225,-0.036746,0.031928,4,-66.0,4.1065,920.25,3
485,439.25,1.0225,-0.036746,0.031928,4,-67.5,6.1697,924.75,3
486,439.75,1.1749,-0.12861,0.10035,4,-67.0,1.2793,923.25,3
487,440.0,1.1749,-0.12861,0.10035,4,-66.0,2.1798,922.25,3
488,440.5,1.0225,-0.048229,0.020525,4,-67.5,0.81148,923.75,3
489,440.75,1.0225,-0.048229,0.020525,3,-50.0,4.6111,921.75,3
490,441.0,1.1514,-0.14009000000000002,0.08894400000000001,4,-66.5,1.715,922.75,3
491,441.25,0.96383,-0.036746,-0.0022806,4,-66.5,0.99555,920.25,3
492,441.75,1.3273,-0.19751,0.15736,4,-68.0,0.36202,924.25,3
493,442.0,1.3273,-0.19751,0.15736,3,-49.5,5.2539,920.75,3
494,442.25,1.0107,-0.059712,0.020525,4,-67.0,1.2701,923.25,3
495,442.5,1.0107,-0.059712,0.020525,4,-66.5,2.2043,922.25,3
496,443.0,0.96383,-0.048229,-0.013684,3,-50.0,4.582,921.75,3
497,443.5,1.2218,-0.15158,0.11175,4,-66.5,6.277,921.25,3
498,443.75,1.2218,-0.15158,0.11175,4,-66.5,4.062,920.25,3
499,444.0,1.2218,-0.15158,0.11175,4,-66.5,4.0466,920.25,3
500,444.25,1.2218,-0.15158,0.11175,4,-68.0,0.27612,924.25,3
501,444.75,1.3156,-0.19751,0.16876,3,-50.5,4.1632,922.25,3
502,445.5,1.2570000000000001,-0.17454,0.14595999999999998,4,-67.0,5.6803,921.75,3
503,446.0,1.1514,-0.14009000000000002,0.077541,4,-66.5,6.207999999999999,921.25,3
504,446.25,1.1514,-0.14009000000000002,0.077541,4,-66.5,4.0881,920.25,3
505,446.35,1.1514,-0.14009000000000002,0.077541,4,-68.5,6.1068,924.75,3
506,446.75,1.1514,-0.14009000000000002,0.077541,4,-68.0,0.30526,924.25,3
507,447.25,1.2335,-0.15158,0.13455999999999999,3,-50.5,4.1034,922.25,3
508,447.75,0.9872799999999999,-0.036746,-0.0022806,3,-50.0,4.4225,921.75,3
509,448.0,0.9872799999999999,-0.036746,-0.0022806,3,-50.0,4.4271,921.75,3
510,448.25,0.96383,-0.048229,-0.0022806,4,-66.5,1.6889,922.75,3
511,448.75,0.9872799999999999,-0.036746,0.020525,3,-49.5,5.395,920.25,3
512,448.85,0.9872799999999999,-0.036746,0.020525,4,-66.0,4.1157,920.25,3
513,449.25,1.0225,-0.036746,0.031928,4,-67.0,0.31446999999999997,924.25,3
514,449.5,1.2218,-0.16305999999999998,0.13455999999999999,4,-67.0,1.2149,923.25,3
515,450.0,0.9872799999999999,-0.036746,0.020525,4,-67.5,0.67188,923.75,3
516,451.25,1.0107,-0.048229,0.0091224,4,-66.0,4.1279,920.25,3
517,451.75,1.3859,-0.20899,0.15736,3,-49.5,5.1956,920.75,3
518,452.0,1.2452,-0.16305999999999998,0.12315,4,-67.0,1.2209999999999999,923.25,3
519,452.75,0.9403799999999999,-0.025263,-0.013684,4,-66.0,2.5771,921.75,3
520,453.25,0.92865,-0.025263,-0.013684,4,-66.5,1.5877,922.75,3
521,453.75,1.0459,-0.048229,0.020525,4,-68.5,6.0454,924.75,3
522,454.5,1.0107,-0.036746,0.0091224,3,-51.5,3.7429,923.25,3
523,454.6,1.0107,-0.036746,0.0091224,3,-51.5,0.59518,923.25,3
524,455.25,1.2452,-0.17454,0.13455999999999999,3,-50.0,4.6449,921.75,3
525,455.5,1.2687,-0.17454,0.13455999999999999,4,-66.0,1.7012,922.75,3
526,455.75,1.2687,-0.17454,0.13455999999999999,3,-49.5,4.9271,921.25,3
527,455.83,0.9052,-0.036746,-0.036489999999999995,3,-50.0,4.9287,921.25,3
528,456.0,1.3859,-0.20899,0.16876,3,-49.5,5.5729999999999995,920.25,3
529,456.25,1.2570000000000001,-0.17454,0.13455999999999999,4,-67.5,0.28531999999999996,924.25,3
530,456.5,1.2570000000000001,-0.17454,0.13455999999999999,3,-49.5,5.2708,920.75,3
531,457.0,0.9521,-0.048229,-0.0022806,3,-50.5,4.3534,922.25,3
532,457.13,0.9521,-0.048229,-0.0022806,4,-66.0,5.3429,922.25,3
533,458.0,1.1632,-0.14009000000000002,0.077541,3,-50.5,4.0221,922.75,3
534,458.25,0.9403799999999999,-0.036746,-0.013684,3,-49.5,4.9317,921.25,3
535,458.5,1.4211,-0.22048,0.18017,4,-66.5,4.1003,920.25,3
536,458.58,1.4211,-0.22048,0.18017,4,-68.0,6.0868,924.75,3
537,459.0,1.4211,-0.22048,0.18017,3,-49.0,5.2033,920.75,3
538,459.5,0.92865,-0.036746,-0.036489999999999995,3,-50.0,4.2476,922.25,3
539,459.58,0.92865,-0.036746,-0.036489999999999995,4,-66.5,5.2524,922.25,3
540,460.0,1.3156,-0.19751,0.12315,4,-66.5,2.5756,921.75,3
541,460.25,1.3156,-0.19751,0.12315,4,-66.0,5.7095,921.75,3
542,460.5,1.3156,-0.19751,0.12315,3,-50.5,3.9362,922.75,3
543,460.63,0.9169299999999999,-0.036746,-0.025087,4,-66.0,6.2387,921.25,3
544,460.75,0.9169299999999999,-0.036746,-0.025087,4,-66.0,4.1218,920.25,3
545,461.25,1.0107,-0.025263,-0.0022806,4,-67.5,0.26845,924.25,3
546,461.5,1.0107,-0.025263,-0.0022806,4,-66.5,0.43258,920.75,3
547,461.75,1.0107,-0.025263,-0.0022806,3,-52.0,3.6294,923.25,3
548,462.0,1.0225,-0.048229,-0.0022806,3,-50.0,4.2752,922.25,3
549,462.13,1.0225,-0.048229,-0.0022806,4,-66.0,2.1138,922.25,3
550,462.5,1.3977,-0.22048,0.14595999999999998,4,-66.5,2.5832,921.75,3
551,462.75,1.3977,-0.22048,0.14595999999999998,4,-67.0,4.8075,922.75,3
552,463.0,1.3977,-0.22048,0.14595999999999998,3,-49.5,4.8673,921.25,3
553,463.5,1.0928,-0.11713,0.031928,4,-68.5,6.1221,924.75,3
554,464.25,0.96383,-0.025263,-0.0022806,3,-50.0,4.3013,922.25,3
555,464.5,0.9169299999999999,-0.036746,-0.036489999999999995,4,-68.0,5.6957,925.25,3
556,465.0,0.97555,-0.036746,-0.025087,4,-66.5,2.5341,921.75,3
557,465.25,0.97555,-0.036746,-0.025087,3,-51.0,0.77313,922.75,3
558,465.5,0.96383,-0.059712,0.043332,4,-67.0,1.5892,922.75,3
559,465.75,0.96383,-0.059712,0.043332,3,-50.5,5.6251,920.25,3
560,466.0,0.92865,0.0091865,-0.0022806,3,-57.5,0.4019,924.75,3
561,466.5,0.92865,0.0091865,-0.0022806,3,-57.0,0.016874,920.75,3
562,467.25,1.2335,0.05511900000000001,0.08894400000000001,1,-61.5,1.1812,921.75,3
563,467.75,0.92865,-0.0022965999999999998,-0.047893,1,-66.0,6.004,922.75,3
564,468.25,0.92865,-0.01378,-0.082102,3,-54.0,5.8399,924.75,3
565,470.25,1.3273,-0.094162,0.23718000000000003,3,-57.0,0.18715,922.75,3
566,471.0,1.2570000000000001,-0.15158,0.2942,1,-64.5,5.3827,924.25,3
567,471.25,1.2570000000000001,-0.15158,0.2942,1,-64.0,5.306,920.75,3
568,471.75,1.2218,-0.10565,0.10035,1,-65.0,1.2931,925.25,3
569,473.0,1.128,-0.10565,0.066138,1,-65.5,5.5423,920.25,3
570,473.5,1.1514,-0.094162,0.066138,1,-64.5,5.0713,920.75,3
571,474.75,1.1632,-0.11713,0.077541,3,-51.0,4.6342,921.75,3
572,474.85,1.1632,-0.11713,0.077541,1,-64.5,1.0477,921.75,3
573,475.5,0.9169299999999999,-0.036746,-0.0022806,3,-51.0,5.7632,920.25,3
574,475.58,0.9169299999999999,-0.036746,-0.0022806,1,-65.5,5.6082,920.25,3
575,475.75,0.9169299999999999,-0.036746,-0.0022806,1,-65.0,4.8075,924.75,3
576,476.25,0.92865,-0.036746,-0.036489999999999995,3,-52.5,0.6228,923.25,3
577,477.0,1.4094,-0.22048,0.16876,1,-65.0,0.9940200000000001,921.75,3
578,477.75,0.92865,-0.036746,-0.025087,3,-51.5,4.9087,921.25,3
579,478.0,0.96383,-0.036746,-0.013684,3,-51.0,5.5315,920.25,3
580,478.1,0.96383,-0.036746,-0.013684,1,-65.0,4.7139,924.75,3
581,478.5,0.96383,-0.036746,-0.013684,1,-65.0,5.0913,924.25,3
582,478.75,1.2687,-0.16305999999999998,0.12315,3,-52.0,4.2507,922.25,3
583,480.25,1.3273,-0.18603,0.16876,3,-52.5,5.5039,920.25,3
584,480.75,0.9521,-0.01378,0.031928,1,-64.0,5.3843,924.25,3
585,482.0,1.0694,-0.059712,0.12315,3,-53.0,4.5344,921.75,3
586,485.25,0.97555,-0.01378,-0.047893,1,-65.0,5.4334,920.25,3
587,485.75,1.1983,-0.12861,0.08894400000000001,3,-50.5,5.102,920.75,3
588,486.75,1.0694,-0.036746,0.0091224,3,-50.5,4.5943,921.75,3
589,487.0,1.0694,-0.036746,0.0091224,3,-50.5,4.5866,921.75,3
590,487.5,1.0928,-0.082679,0.0091224,1,-67.5,5.2355,920.25,3
591,488.5,0.9521,-0.12861,0.077541,4,-68.5,1.1582,923.25,3
592,488.75,0.9521,-0.12861,0.077541,1,-65.5,0.91732,925.25,3
593,489.75,0.67069,0.60631,0.56787,4,-59.5,1.3468,922.75,1
594,490.0,0.67069,0.60631,0.56787,4,-58.0,5.5898,920.25,1
595,490.5,0.67069,0.60631,0.56787,4,-67.5,6.2157,924.25,1
596,492.0,0.28376,0.98526,-0.059296,1,-60.0,4.7385,922.75,1
597,492.25,0.28376,0.98526,-0.059296,1,-58.5,6.0945,921.25,1
598,493.0,0.49481,0.92784,0.12315,4,-57.5,5.5469,924.25,1
599,493.13,0.49481,0.92784,0.12315,1,-58.0,1.4297,920.75,1
600,493.5,0.49481,0.92784,0.12315,1,-58.5,0.8084100000000001,922.25,1
601,493.75,0.49481,0.92784,0.12315,1,-60.0,5.01,925.25,1
602,494.0,0.49481,0.92784,0.12315,1,-58.5,1.5539,921.75,1
603,494.75,0.34238,0.96229,0.15736,1,-59.0,1.2885,921.25,1
604,495.0,0.34238,0.96229,0.15736,1,-59.0,5.1833,920.25,1
605,495.25,0.34238,0.96229,0.15736,1,-60.5,4.9839,924.25,1
606,495.75,0.34238,0.96229,0.15736,1,-59.0,1.7058,920.75,1
607,496.5,0.35411,0.97377,0.10035,1,-59.0,0.6872199999999999,921.75,1
608,497.0,0.35411,0.97377,0.10035,1,-59.0,6.0638,922.75,1
609,497.75,0.23685,0.92784,0.08894400000000001,1,-60.0,4.9026,924.25,1
610,498.0,0.23685,0.92784,0.08894400000000001,4,-56.5,0.4786,920.75,1
611,498.25,0.23685,0.92784,0.08894400000000001,4,-57.0,5.1925,922.25,1
612,498.75,0.23685,0.92784,0.08894400000000001,4,-58.5,0.7761899999999999,923.75,1
613,499.0,0.23685,0.92784,0.08894400000000001,1,-59.5,0.9510700000000001,921.75,1
614,500.0,0.29548,0.98526,0.11175,4,-59.0,6.1635,924.75,1
615,500.5,0.29548,0.98526,0.11175,1,-59.5,1.7487,920.75,1
616,500.75,0.29548,0.98526,0.11175,4,-57.0,5.3567,922.25,1
617,501.25,0.29548,0.98526,0.11175,4,-58.5,0.77313,923.75,1
618,501.5,0.29548,0.98526,0.11175,4,-57.0,5.7984,921.75,1
619,502.0,0.29548,0.98526,0.11175,4,-57.5,4.898,922.75,1
620,502.1,0.29548,0.98526,0.11175,1,-59.0,1.2563,921.25,1
621,503.0,0.34238,0.93932,0.14595999999999998,1,-59.0,1.7717,920.75,1
622,503.25,0.34238,0.93932,0.14595999999999998,1,-60.0,0.48013999999999996,922.25,1
623,504.5,0.24858000000000002,1.0082,0.0091224,1,-59.5,1.2011,921.25,1
624,505.0,0.24858000000000002,1.0082,0.0091224,1,-61.0,5.0453,924.25,1
625,505.75,0.34238,0.9163600000000001,0.043332,1,-58.0,1.2732,922.25,1
626,506.25,0.34238,0.9163600000000001,0.043332,4,-57.5,0.62433,923.75,1
627,506.75,0.29548,0.95081,0.14595999999999998,1,-59.0,0.7409100000000001,922.75,1
628,507.0,0.29548,0.95081,0.14595999999999998,1,-58.0,1.6935,921.25,1
629,507.75,0.36583000000000004,0.92784,0.16876,1,-58.5,1.6521,920.75,1
630,508.0,0.36583000000000004,0.92784,0.16876,1,-60.0,5.2094,923.25,1
631,508.75,0.36583000000000004,0.92784,0.16876,4,-56.5,5.5469,921.75,1
632,509.25,0.36583000000000004,0.92784,0.16876,4,-57.5,1.4266,922.75,1
633,509.4,0.36583000000000004,0.92784,0.16876,1,-59.0,0.12272000000000001,921.25,1
634,510.0,0.30721,0.99674,0.19157000000000002,4,-58.0,6.0577,924.25,1
635,510.25,0.30721,0.99674,0.19157000000000002,4,-57.5,0.59825,923.25,1
636,510.5,0.30721,0.99674,0.19157000000000002,1,-59.5,0.2393,922.25,1
637,511.75,0.54171,0.8704200000000001,0.22578,1,-59.5,5.8767,922.75,1
638,512.0,0.54171,0.8704200000000001,0.22578,4,-56.5,0.57371,920.25,1
639,512.25,0.54171,0.8704200000000001,0.22578,1,-61.5,4.2752,924.75,1
640,512.5,0.54171,0.8704200000000001,0.22578,1,-58.5,1.2701,920.75,1
641,513.0,0.54171,0.8704200000000001,0.22578,4,-57.5,0.8805,923.25,1
642,513.5,0.45963999999999994,0.9048700000000001,0.19157000000000002,1,-59.0,0.44638999999999995,921.75,1
643,514.0,0.45963999999999994,0.9048700000000001,0.19157000000000002,3,-69.0,1.2977,922.75,1
644,514.25,0.45963999999999994,0.9048700000000001,0.19157000000000002,1,-58.0,1.6981,920.25,1
645,514.75,0.45963999999999994,0.9048700000000001,0.19157000000000002,1,-61.0,4.332,924.75,1
646,515.0,0.45963999999999994,0.9048700000000001,0.19157000000000002,1,-58.5,1.3315,920.75,1
647,515.75,0.2603,0.97377,0.077541,1,-59.0,5.0391,923.75,1
648,516.0,0.2603,0.97377,0.077541,4,-57.0,5.0238,921.75,1
649,516.5,0.2603,0.97377,0.077541,1,-58.5,6.0285,922.75,1
650,516.75,0.2603,0.97377,0.077541,1,-57.5,1.0692,921.25,1
651,516.83,0.2603,0.97377,0.077541,4,-56.0,0.049087,920.25,1
652,517.0,0.2603,0.97377,0.077541,1,-59.0,4.6572,924.75,1
653,517.75,0.44791000000000003,0.9163600000000001,0.15736,1,-58.5,5.4303,923.25,1
654,518.0,0.44791000000000003,0.9163600000000001,0.15736,4,-59.5,5.0192,925.25,1
655,518.5,0.44791000000000003,0.9163600000000001,0.15736,1,-58.0,0.59672,921.75,1
656,518.75,0.44791000000000003,0.9163600000000001,0.15736,1,-62.0,0.44178999999999996,925.75,1
657,519.0,0.44791000000000003,0.9163600000000001,0.15736,1,-58.5,0.91885,921.25,1
658,519.25,0.44791000000000003,0.9163600000000001,0.15736,4,-57.0,0.5706399999999999,920.25,1
659,519.75,0.44791000000000003,0.9163600000000001,0.15736,4,-59.0,6.1006,924.25,1
660,520.0,0.44791000000000003,0.9163600000000001,0.15736,1,-58.5,1.4404,920.75,1
661,521.0,0.31893,0.96229,0.12315,1,-59.0,0.6534800000000001,921.75,1
662,521.5,0.31893,0.96229,0.12315,4,-57.5,1.3606,922.75,1
663,521.75,0.31893,0.96229,0.12315,1,-58.0,1.7518,920.25,1
664,522.25,0.33066,0.96229,0.12315,1,-58.0,1.3484,920.75,1
665,522.75,0.33066,0.96229,0.12315,1,-59.0,0.092039,922.25,1
666,523.0,0.33066,0.96229,0.12315,4,-59.0,0.34360999999999997,923.75,1
667,523.25,0.33066,0.96229,0.12315,4,-57.0,5.3521,921.75,1
668,523.75,0.33066,0.96229,0.12315,3,-69.0,4.3872,922.75,1
669,524.0,0.33066,0.96229,0.12315,1,-58.0,0.8621,921.25,1
670,524.25,0.33066,0.96229,0.12315,1,-60.5,4.2951,924.75,1
671,524.75,0.33066,0.96229,0.12315,4,-57.0,6.2264,920.75,1
672,525.25,0.48308999999999996,0.9048700000000001,0.18017,4,-57.0,1.6245,922.25,1
673,525.75,0.48308999999999996,0.9048700000000001,0.18017,1,-58.5,0.52769,921.75,1
674,526.25,0.48308999999999996,0.9048700000000001,0.18017,4,-57.5,1.3407,922.75,1
675,526.35,0.48308999999999996,0.9048700000000001,0.18017,4,-57.0,5.9028,921.25,1
676,526.75,0.48308999999999996,0.9048700000000001,0.18017,1,-60.5,4.4624,924.75,1
677,527.25,0.48308999999999996,0.9048700000000001,0.18017,1,-58.0,1.3775,920.75,1
678,527.75,0.52999,0.8819100000000001,0.19157000000000002,1,-61.5,0.8268200000000001,925.25,1
679,528.25,0.52999,0.8819100000000001,0.19157000000000002,4,-57.0,5.2876,921.75,1
680,528.75,0.52999,0.8819100000000001,0.19157000000000002,4,-57.5,1.1735,922.75,1
681,528.85,0.52999,0.8819100000000001,0.19157000000000002,1,-58.0,0.81148,921.25,1
682,529.0,0.52999,0.8819100000000001,0.19157000000000002,1,-57.5,4.7185,920.25,1
683,529.75,0.52999,0.8819100000000001,0.20297,1,-59.0,5.4533,923.25,1
684,530.0,0.52999,0.8819100000000001,0.20297,4,-57.0,4.8029,922.25,1
685,530.5,0.52999,0.8819100000000001,0.20297,4,-58.5,0.17794000000000001,923.75,1
686,531.0,0.52999,0.8819100000000001,0.20297,4,-57.5,1.0262,922.75,1
687,531.25,0.52999,0.8819100000000001,0.20297,1,-58.0,0.63967,921.25,1
688,531.5,0.52999,0.8819100000000001,0.20297,1,-57.5,1.3913,920.25,1
689,532.0,0.52999,0.8819100000000001,0.20297,4,-59.5,6.1329,924.25,1
690,532.5,0.2134,1.0082,0.10035,3,-68.5,5.0974,922.25,1
691,533.0,0.2134,1.0082,0.10035,1,-57.5,0.049087,921.75,1
692,533.25,0.2134,1.0082,0.10035,1,-61.5,0.07976699999999999,925.75,1
693,533.75,0.2134,1.0082,0.10035,1,-57.5,0.57217,921.25,1
694,533.88,0.2134,1.0082,0.10035,1,-57.5,4.4961,920.25,1
695,534.0,0.2134,1.0082,0.10035,3,-68.0,0.3206,924.75,1
696,534.75,0.22513000000000002,0.99674,0.054735,1,-57.0,4.9732,923.25,1
697,535.0,0.22513000000000002,0.99674,0.054735,4,-58.0,1.0017,922.25,1
698,535.25,0.22513000000000002,0.99674,0.054735,1,-60.0,0.15186,925.25,1
699,535.5,0.22513000000000002,0.99674,0.054735,3,-63.5,6.0868,921.75,1
700,536.0,0.22513000000000002,0.99674,0.054735,3,-63.0,5.4057,922.75,1
701,536.25,0.24858000000000002,0.99674,0.031928,3,-65.5,0.68109,920.25,1
702,536.75,0.24858000000000002,0.99674,0.031928,1,-58.0,0.8636299999999999,924.25,1
703,537.0,0.24858000000000002,0.99674,0.031928,4,-56.5,5.5315,920.75,1
704,537.1,0.24858000000000002,0.99674,0.031928,3,-65.0,4.7891,923.25,1
705,537.5,0.24858000000000002,0.99674,0.031928,1,-57.0,6.0178,922.25,1
706,537.75,0.24858000000000002,0.99674,0.031928,1,-57.5,4.9057,923.75,1
707,538.0,0.24858000000000002,0.99674,0.031928,4,-57.0,1.5386,921.75,1
708,538.25,0.24858000000000002,0.99674,0.031928,1,-60.5,0.21629,925.75,1
709,538.75,0.38928,0.93932,0.077541,1,-56.5,1.4696,920.25,1
710,539.0,0.38928,0.93932,0.077541,3,-68.5,3.5665,924.75,1
711,539.5,0.38928,0.93932,0.077541,1,-56.5,1.0646,920.75,1
712,539.75,0.38928,0.93932,0.077541,3,-66.5,1.4343,923.25,1
713,540.0,0.38928,0.93932,0.077541,1,-59.5,3.7813,925.25,1
714,540.25,0.38928,0.93932,0.077541,1,-57.0,5.7892,923.75,1
715,540.75,0.31893,0.95081,0.08894400000000001,1,-57.5,0.83449,922.75,1
716,541.0,0.31893,0.95081,0.08894400000000001,1,-57.5,5.2155,921.25,1
717,541.5,0.31893,0.95081,0.08894400000000001,4,-58.5,2.1522,924.75,1
718,542.0,0.34238,0.92784,0.12315,1,-58.5,5.6972,923.25,1
719,542.25,0.34238,0.92784,0.12315,1,-59.0,6.0592,922.25,1
720,542.75,0.34238,0.92784,0.12315,1,-60.0,4.9379,923.75,1
721,543.25,0.34238,0.92784,0.12315,1,-59.0,5.5883,922.75,1
722,543.5,0.34238,0.92784,0.12315,1,-57.5,0.53843,921.25,1
723,544.75,0.18995,0.97377,0.13455999999999999,1,-60.5,4.6403,925.25,1
724,545.25,0.18995,0.97377,0.13455999999999999,1,-58.5,0.7639199999999999,921.75,1
725,545.75,0.18995,0.97377,0.13455999999999999,1,-58.5,5.9411,922.75,1
726,546.0,0.18995,0.97377,0.13455999999999999,1,-58.5,0.8145399999999999,921.25,1
727,547.0,0.22513000000000002,1.0082,0.066138,3,-69.0,1.4419,923.25,1
728,547.5,0.22513000000000002,1.0082,0.066138,4,-59.0,1.1474,923.75,1
729,548.25,0.22513000000000002,1.0082,0.066138,1,-57.0,4.6786,922.75,1
730,548.33,0.22513000000000002,1.0082,0.066138,4,-56.5,5.3659,921.25,1
731,548.5,0.22513000000000002,1.0082,0.066138,4,-57.0,0.42951000000000006,920.25,1
732,549.25,0.27203,0.97377,0.22578,1,-58.5,1.3131,923.25,1
733,549.5,0.27203,0.97377,0.22578,1,-57.5,2.1982,922.25,1
734,550.0,0.27203,0.97377,0.22578,1,-60.0,0.7531800000000001,923.75,1
735,550.5,0.27203,0.97377,0.22578,1,-60.5,0.60592,922.75,1
736,551.0,0.27203,0.97377,0.22578,1,-59.0,5.6312,920.25,1
737,553.5,0.43618999999999997,0.9163600000000001,0.08894400000000001,2,-64.5,4.6602,920.25,4
738,567.25,1.0342,0.08956900000000001,0.031928,4,-63.5,5.8245,921.75,3
739,567.75,1.0576,-0.07119600000000001,-0.013684,4,-64.0,0.099709,921.25,3
740,568.5,1.2452,0.2733,0.11175,3,-51.5,5.8613,920.75,3
741,569.25,0.92865,-0.082679,-0.082102,4,-64.0,5.6128,925.25,3
742,569.75,1.0576,-0.036746,-0.025087,4,-63.0,5.6834,921.75,3
743,570.0,1.0576,-0.036746,-0.025087,4,-63.0,4.6909,922.75,3
744,570.25,1.0576,-0.036746,-0.025087,4,-63.0,6.0899,921.25,3
745,570.75,0.9521,-0.036746,-0.047893,4,-64.0,0.13806,924.25,3
746,571.5,0.9990100000000001,-0.01378,-0.036489999999999995,4,-62.5,5.1434,922.25,3
747,572.0,0.9990100000000001,-0.01378,-0.036489999999999995,4,-64.5,0.60132,923.75,3
748,572.5,1.2452,-0.15158,0.043332,4,-63.5,4.7461,922.75,3
749,572.75,1.2452,-0.15158,0.043332,4,-64.0,6.207999999999999,921.25,3
750,573.0,1.2452,-0.15158,0.043332,4,-63.5,4.0313,920.25,3
