,time,frontal,vertical,lateral,id,rssi,phase,freq,label
0,0.0,0.1196,0.98526,0.10035,1,-59.0,5.2815,924.25,1
1,0.25,0.1196,0.98526,0.10035,3,-66.5,0.82375,923.25,1
2,0.75,0.1196,0.98526,0.10035,1,-58.5,0.8452200000000001,922.25,1
3,1.25,0.1196,0.98526,0.10035,3,-67.0,1.1582,921.75,1
4,1.75,0.1196,0.98526,0.10035,1,-58.5,1.6582,921.25,1
5,2.5,0.20168,0.92784,0.18017,1,-59.0,1.804,920.75,1
6,3.0,0.20168,0.92784,0.18017,4,-57.5,5.938,922.25,1
7,3.25,0.20168,0.92784,0.18017,1,-60.0,4.7968,925.25,1
8,3.5,0.20168,0.92784,0.18017,4,-57.5,0.50315,921.75,1
9,4.0,0.20168,0.92784,0.18017,1,-59.5,0.52769,922.75,1
10,4.25,0.20168,0.92784,0.18017,3,-68.5,1.2839,921.25,1
11,5.5,0.1196,0.92784,0.12315,4,-58.0,5.6711,922.25,1
12,5.75,0.1196,0.92784,0.12315,4,-59.5,0.8452200000000001,923.75,1
13,6.5,0.1196,0.92784,0.12315,1,-59.5,0.29913,922.75,1
14,6.75,0.1196,0.92784,0.12315,1,-59.5,1.4174,921.25,1
15,7.25,0.1196,0.92784,0.12315,1,-60.5,4.9639999999999995,924.75,1
16,7.5,0.1196,0.92784,0.12315,3,-66.5,5.0376,920.75,1
17,8.0,0.1196,0.92784,0.12315,4,-57.5,5.9028,922.25,1
18,8.25,0.1196,0.92784,0.12315,4,-59.0,4.2323,923.75,1
19,9.25,0.20168,0.97377,0.15736,1,-58.5,1.4696,921.25,1
20,9.5,0.20168,0.97377,0.15736,1,-60.5,4.8581,924.75,1
21,10.5,0.34238,0.8589399999999999,0.32841,1,-67.5,6.254,922.25,1
22,10.75,0.34238,0.8589399999999999,0.32841,1,-60.5,0.5353600000000001,921.75,1
23,12.0,0.27203,0.96229,0.317,3,-69.5,0.60439,924.25,1
24,12.75,0.27203,0.96229,0.317,3,-66.5,0.9526,923.25,1
25,13.25,0.27203,0.96229,0.317,4,-58.5,5.9887,921.75,1
26,13.75,0.27203,0.96229,0.317,1,-59.5,6.1329,922.75,1
27,14.25,0.27203,0.96229,0.317,1,-59.0,1.83,920.25,1
28,14.75,0.27203,0.96229,0.317,1,-59.0,1.3315,920.75,1
29,15.75,0.27203,0.95081,0.21438000000000001,1,-59.5,0.474,921.75,1
30,16.25,0.27203,0.95081,0.21438000000000001,1,-59.5,5.9933,922.75,1
31,16.5,0.27203,0.95081,0.21438000000000001,1,-59.0,1.9113,920.25,1
32,17.25,0.27203,0.95081,0.21438000000000001,1,-59.5,1.4926,920.75,1
33,17.5,0.27203,0.95081,0.21438000000000001,4,-58.5,5.2953,922.25,1
34,18.25,0.27203,0.95081,0.21438000000000001,1,-59.5,0.41878000000000004,921.75,1
35,18.75,0.27203,0.95081,0.21438000000000001,4,-58.5,6.274,921.25,1
36,19.75,0.2603,0.96229,0.16876,1,-59.0,1.3698,920.75,1
37,20.0,0.2603,0.96229,0.16876,1,-60.0,0.27612,922.25,1
38,20.75,0.2603,0.96229,0.16876,1,-59.5,0.60746,921.75,1
39,21.25,0.2603,0.96229,0.16876,1,-59.5,0.96334,921.25,1
40,22.25,0.42446000000000006,0.89339,0.25999,1,-59.5,5.5499,923.25,1
41,23.0,0.42446000000000006,0.89339,0.25999,1,-60.0,5.3260000000000005,923.75,1
42,23.5,0.42446000000000006,0.89339,0.25999,1,-60.0,6.1528,922.75,1
43,24.0,0.42446000000000006,0.89339,0.25999,1,-59.5,1.7902,920.25,1
44,24.5,0.42446000000000006,0.89339,0.25999,1,-59.0,1.2241,920.75,1
45,25.0,0.42446000000000006,0.89339,0.25999,1,-59.5,6.2203,922.25,1
46,25.5,0.42446000000000006,0.89339,0.25999,1,-59.5,0.40804,921.75,1
47,26.0,0.42446000000000006,0.89339,0.25999,1,-59.5,0.97254,921.25,1
48,26.5,0.42446000000000006,0.89339,0.25999,3,-66.5,5.7923,924.75,1
49,27.75,0.28376,0.95081,0.19157000000000002,1,-60.0,5.0836,923.75,1
50,28.5,0.28376,0.95081,0.19157000000000002,1,-60.0,5.8184,922.75,1
51,28.75,0.28376,0.95081,0.19157000000000002,1,-59.5,1.5232,920.25,1
52,29.5,0.28376,0.95081,0.19157000000000002,1,-60.0,1.1474,920.75,1
53,30.0,0.28376,0.95081,0.19157000000000002,1,-62.5,0.70563,925.25,1
54,30.75,0.28376,0.95081,0.19157000000000002,4,-58.5,4.8704,922.75,1
55,31.25,0.28376,0.95081,0.19157000000000002,3,-66.0,5.3321,920.25,1
56,32.25,0.27203,0.96229,0.16876,1,-60.5,0.13959000000000002,922.25,1
57,33.25,0.27203,0.96229,0.16876,4,-58.5,4.7891,922.75,1
58,33.75,0.27203,0.96229,0.16876,1,-59.5,1.557,920.25,1
59,34.25,0.27203,0.96229,0.16876,1,-59.5,1.2701,920.75,1
60,34.75,0.27203,0.96229,0.16876,1,-60.5,0.16107,922.25,1
61,35.25,0.27203,0.96229,0.16876,4,-58.5,5.9672,921.75,1
62,35.75,0.27203,0.96229,0.16876,1,-59.5,0.9388,921.25,1
63,37.0,0.29548,0.93932,0.20297,1,-60.0,0.076699,922.25,1
64,37.75,0.29548,0.93932,0.20297,4,-59.5,0.6412,923.75,1
65,38.25,0.29548,0.93932,0.20297,1,-59.5,6.2464,922.75,1
66,38.5,0.29548,0.93932,0.20297,1,-59.5,2.0371,920.25,1
67,39.0,0.29548,0.93932,0.20297,4,-60.0,0.10890999999999999,924.25,1
68,39.5,0.29548,0.93932,0.20297,4,-59.0,1.0538,923.25,1
69,40.5,0.36583000000000004,0.92784,0.21438000000000001,4,-59.0,1.5232,922.75,1
70,41.0,0.36583000000000004,0.92784,0.21438000000000001,4,-58.0,1.0584,920.25,1
71,41.5,0.36583000000000004,0.92784,0.21438000000000001,1,-60.0,4.8673,924.25,1
72,41.75,0.36583000000000004,0.92784,0.21438000000000001,1,-60.0,5.6512,923.25,1
73,42.5,0.36583000000000004,0.92784,0.21438000000000001,4,-60.0,0.5875100000000001,923.75,1
74,43.0,0.36583000000000004,0.92784,0.21438000000000001,4,-58.5,4.8811,922.75,1
75,43.25,0.36583000000000004,0.92784,0.21438000000000001,1,-59.5,1.2701,921.25,1
76,43.75,0.36583000000000004,0.92784,0.21438000000000001,3,-65.0,0.11198,924.25,1
77,44.5,0.33066,0.97377,0.20297,1,-61.0,0.84983,925.25,1
78,45.0,0.33066,0.97377,0.20297,3,-63.5,5.4303,921.75,1
79,45.5,0.33066,0.97377,0.20297,1,-57.5,6.1037,922.75,1
80,45.75,0.33066,0.97377,0.20297,1,-56.5,1.2425,921.25,1
81,46.25,0.5534399999999999,0.8819100000000001,0.22578,4,-60.5,5.7662,924.25,1
82,46.75,0.5534399999999999,0.8819100000000001,0.22578,3,-64.0,0.9572,923.25,1
83,47.25,0.5534399999999999,0.8819100000000001,0.22578,1,-60.5,4.2369,925.25,1
84,47.5,0.5534399999999999,0.8819100000000001,0.22578,1,-58.0,0.5108199999999999,921.75,1
85,48.0,0.5534399999999999,0.8819100000000001,0.22578,3,-62.5,4.5283,922.75,1
86,48.25,0.5534399999999999,0.8819100000000001,0.22578,1,-58.5,1.9482,920.25,1
87,49.0,0.38928,0.92784,0.22578,1,-58.5,5.6512,923.25,1
88,49.5,0.38928,0.92784,0.22578,1,-58.5,0.25311,922.25,1
89,49.75,0.38928,0.92784,0.22578,4,-59.0,1.9666,921.75,1
90,50.25,0.38928,0.92784,0.22578,1,-58.5,5.961,922.75,1
91,50.5,0.38928,0.92784,0.22578,3,-64.0,2.1614,921.25,1
92,51.0,0.38928,0.92784,0.22578,4,-60.0,2.3086,924.25,1
93,51.5,0.38928,0.92784,0.22578,1,-58.0,1.5217,920.75,1
94,52.25,0.2603,0.96229,0.16876,4,-60.0,6.0516,923.75,1
95,52.5,0.2603,0.96229,0.16876,1,-58.0,0.51388,921.75,1
96,53.025,0.2603,0.96229,0.16876,4,-58.5,5.6911,921.25,1
97,53.25,0.2603,0.96229,0.16876,1,-58.5,2.0509,920.25,1
98,53.75,0.2603,0.96229,0.16876,4,-58.5,0.22855999999999999,920.75,1
99,54.0,0.2603,0.96229,0.16876,1,-59.5,5.7463,923.25,1
100,54.5,0.2603,0.96229,0.16876,3,-65.5,6.0454,925.25,1
101,55.25,0.54171,0.8589399999999999,0.25999,1,-58.5,1.1213,921.25,1
102,55.75,0.54171,0.8589399999999999,0.25999,4,-58.5,0.73324,920.25,1
103,56.25,0.54171,0.8589399999999999,0.25999,1,-58.5,1.511,920.75,1
104,56.5,0.54171,0.8589399999999999,0.25999,3,-64.0,1.0170000000000001,923.25,1
105,57.0,0.54171,0.8589399999999999,0.25999,1,-59.5,5.3137,923.75,1
106,57.5,0.54171,0.8589399999999999,0.25999,1,-59.0,6.0991,922.75,1
107,58.25,0.44791000000000003,0.9163600000000001,0.24859,1,-59.0,4.7922,924.75,1
108,58.75,0.44791000000000003,0.9163600000000001,0.24859,1,-56.5,1.7012,920.75,1
109,59.0,0.44791000000000003,0.9163600000000001,0.24859,1,-58.0,5.5346,923.25,1
110,59.25,0.44791000000000003,0.9163600000000001,0.24859,1,-57.5,6.1252,922.25,1
111,59.5,0.44791000000000003,0.9163600000000001,0.24859,3,-59.5,4.8673,923.75,1
112,60.0,0.40101,0.93932,0.18017,3,-60.5,5.4456,922.75,1
113,60.25,0.40101,0.93932,0.18017,4,-58.5,4.5314,921.25,1
114,60.5,0.40101,0.93932,0.18017,3,-62.5,0.26538,920.25,1
115,61.0,0.40101,0.93932,0.18017,1,-59.0,5.3413,924.25,1
116,61.25,0.40101,0.93932,0.18017,3,-65.0,0.7025600000000001,923.25,1
117,63.25,0.28376,0.8819100000000001,0.15736,1,-58.5,4.4347,924.75,1
118,63.5,0.28376,0.8819100000000001,0.15736,4,-57.0,1.0109,920.75,1
119,63.75,0.28376,0.8819100000000001,0.15736,1,-60.0,4.8597,923.25,1
120,64.0,0.28376,0.8819100000000001,0.15736,1,-58.0,2.0724,922.25,1
121,64.5,0.6472399999999999,0.79004,0.36262,4,-61.0,0.632,921.75,1
122,64.75,0.6472399999999999,0.79004,0.36262,3,-56.5,6.0163,925.75,1
123,65.0,0.6472399999999999,0.79004,0.36262,4,-60.5,0.87897,922.75,1
124,65.25,0.6472399999999999,0.79004,0.36262,4,-59.5,5.4073,921.25,1
125,65.5,0.9872799999999999,0.58334,0.6933,4,-60.0,0.7378399999999999,920.25,1
126,65.75,0.9872799999999999,0.58334,0.6933,1,-57.0,5.507000000000001,924.25,1
127,66.25,1.2335,0.020669999999999997,0.13455999999999999,4,-61.5,5.2094,922.25,3
128,66.75,1.2335,-0.059712,0.077541,4,-61.5,0.99555,923.75,3
129,67.0,1.2335,-0.059712,0.077541,3,-48.0,4.9548,921.75,3
130,67.125,1.2335,-0.059712,0.077541,3,-48.0,4.9011,921.75,3
131,67.25,1.1163,-0.39271999999999996,-0.24174,4,-63.5,2.4619999999999997,925.75,3
132,67.35,1.1163,-0.39271999999999996,-0.24174,4,-62.0,4.9364,922.75,3
133,67.5,0.8231200000000001,-0.15158,-0.013684,3,-49.5,4.8121,921.25,3
134,68.0,1.2101,-0.24344000000000002,0.15736,3,-52.5,5.8506,924.75,3
135,68.75,0.87003,-0.036746,-0.11631,4,-68.0,6.047000000000001,922.25,3
136,70.0,0.92865,-0.01378,-0.025087,1,-66.5,1.33,921.25,3
137,70.25,0.92865,-0.01378,-0.025087,3,-53.5,5.9979,924.75,3
138,74.75,1.0576,0.05511900000000001,0.0091224,4,-70.0,3.5972,921.25,3
139,76.75,1.2218,-0.025263,0.21438000000000001,4,-66.0,4.2553,921.75,3
140,77.0,1.2218,-0.025263,0.21438000000000001,3,-58.0,1.4711,925.75,3
141,77.25,1.2218,-0.025263,0.21438000000000001,1,-62.0,5.8844,921.25,3
142,78.0,1.1397,0.020669999999999997,-0.025087,4,-69.0,1.2931,924.25,3
143,80.0,1.3859,-0.26641,0.16876,1,-64.0,6.0255,920.25,3
144,84.25,1.0576,-0.01378,0.0091224,1,-68.5,0.80687,925.75,3
145,84.75,0.9169299999999999,-0.10565,0.077541,4,-63.5,1.807,920.25,3
146,85.0,0.9169299999999999,-0.10565,0.077541,1,-69.0,1.2625,924.75,3
147,85.5,0.8934799999999999,-0.0022965999999999998,-0.013684,4,-69.0,1.5493,923.25,3
148,86.0,0.8934799999999999,-0.0022965999999999998,-0.013684,4,-68.5,2.4375,922.25,3
149,86.5,0.8934799999999999,-0.0022965999999999998,-0.013684,4,-70.0,3.275,921.75,3
150,88.5,0.9872799999999999,-0.0022965999999999998,0.066138,1,-65.5,1.3806,925.25,3
151,89.0,0.9521,-0.036746,0.0091224,1,-64.0,1.1198,921.75,3
152,89.75,1.0576,-0.082679,0.18017,1,-62.5,6.0945,920.25,3
153,90.25,1.0576,-0.082679,0.18017,1,-62.0,5.4533,920.75,3
154,90.5,1.0576,-0.082679,0.18017,1,-63.5,6.2234,923.25,3
155,91.25,1.0576,-0.082679,0.18017,1,-63.5,5.846,923.75,3
156,92.0,1.1514,-0.10565,0.19157000000000002,1,-62.0,1.7595,921.25,3
157,93.5,1.0811,-0.10565,0.13455999999999999,1,-65.0,5.6957,923.75,3
158,94.0,1.0811,-0.10565,0.13455999999999999,1,-64.0,1.2072,921.75,3
159,94.75,1.0694,-0.048229,0.08894400000000001,1,-65.0,4.9609,924.75,3
160,95.5,1.1749,-0.10565,0.14595999999999998,1,-64.0,0.72097,922.25,3
161,96.25,1.1749,-0.10565,0.14595999999999998,1,-63.5,1.1428,921.75,3
162,96.5,1.1749,-0.10565,0.14595999999999998,1,-66.0,0.9219200000000001,925.75,3
163,97.0,1.0694,-0.048229,0.08894400000000001,1,-64.5,5.7417,920.25,3
164,97.5,1.0694,-0.048229,0.08894400000000001,1,-65.0,5.3521,924.25,3
165,98.0,1.3859,-0.18603,0.21438000000000001,1,-64.5,0.6872199999999999,922.25,3
166,98.5,1.3859,-0.18603,0.21438000000000001,1,-64.5,1.0784,921.75,3
167,99.5,1.128,-0.082679,0.16876,1,-62.5,5.9979,920.25,3
168,100.75,1.2570000000000001,-0.11713,0.317,1,-64.5,1.6659,925.25,3
169,102.25,1.0107,-0.059712,0.08894400000000001,1,-65.0,5.3352,924.25,3
170,103.25,1.3156,-0.18603,0.20297,3,-58.5,6.1896,923.75,3
171,103.78,1.3156,-0.18603,0.20297,3,-59.5,5.0652,925.75,3
172,104.75,1.128,-0.11713,0.19157000000000002,3,-58.0,5.6481,924.75,3
173,105.0,1.128,-0.11713,0.19157000000000002,1,-62.5,5.4303,920.75,3
174,105.75,1.1163,-0.11713,0.12315,1,-65.5,5.711,923.75,3
175,106.25,1.1163,-0.11713,0.12315,1,-66.5,1.06,925.75,3
176,106.75,1.128,-0.094162,0.11175,1,-64.0,5.7294,920.25,3
177,107.5,0.92865,-0.059712,0.0091224,1,-65.0,6.0868,923.25,3
178,108.5,1.1045,-0.094162,0.10035,1,-63.5,1.1735,921.75,3
179,108.75,1.1045,-0.094162,0.10035,4,-69.0,6.1988,922.75,3
180,109.25,1.1045,-0.094162,0.10035,3,-52.0,4.9916,920.25,3
181,111.5,1.1983,0.020669999999999997,0.10035,4,-68.0,4.0589,921.25,3
182,112.25,1.0811,-0.025263,0.13455999999999999,4,-69.0,4.5835,920.75,3
183,112.75,1.2218,-0.14009000000000002,0.14595999999999998,1,-67.0,1.2625,925.25,3
184,117.75,0.9872799999999999,-0.025263,0.0091224,1,-67.0,4.4225,925.25,3
185,118.75,1.4563,-0.22048,0.19157000000000002,4,-69.5,0.5767800000000001,921.25,3
186,119.75,0.9872799999999999,-0.025263,-0.0022806,4,-70.0,4.9011,923.25,3
187,121.75,1.2804,-0.16305999999999998,0.13455999999999999,4,-70.0,4.0589,924.25,3
188,122.25,1.0342,-0.01378,-0.025087,4,-68.0,1.7457,923.25,3
189,123.0,1.0928,-0.07119600000000001,0.043332,4,-68.0,6.162000000000001,921.75,3
190,125.5,1.0928,-0.059712,0.043332,4,-67.0,6.1727,921.75,3
191,125.75,1.0928,-0.059712,0.043332,4,-67.5,2.0295,922.75,3
192,127.75,1.4211,-0.19751,0.14595999999999998,4,-68.0,1.2011,923.75,3
193,128.0,1.4211,-0.19751,0.14595999999999998,4,-67.5,6.2648,921.75,3
194,129.25,1.2570000000000001,-0.15158,0.12315,4,-69.0,0.72864,924.25,3
195,129.75,1.0342,-0.01378,-0.013684,4,-68.0,5.5392,922.25,3
196,130.0,1.0342,-0.01378,-0.013684,4,-68.5,1.0538,923.75,3
197,130.25,1.0342,-0.01378,-0.013684,4,-67.5,6.0193,921.75,3
198,131.75,0.9403799999999999,-0.025263,-0.025087,4,-67.0,0.8805,920.75,3
199,132.25,0.9403799999999999,-0.025263,-0.025087,4,-68.0,2.4191,922.25,3
200,133.5,1.2687,-0.12861,0.10035,4,-67.5,4.2997,920.25,3
201,134.25,0.96383,-0.01378,-0.025087,4,-68.0,1.6076,923.25,3
202,135.25,0.9872799999999999,-0.0022965999999999998,-0.036489999999999995,4,-68.0,5.9518,921.75,3
203,135.5,0.9872799999999999,-0.0022965999999999998,-0.036489999999999995,4,-68.5,1.9129,922.75,3
204,136.0,1.0459,-0.048229,0.020525,4,-68.0,4.2277,920.25,3
205,137.0,0.9521,-0.01378,-0.036489999999999995,4,-68.0,2.3194,922.25,3
206,137.75,1.128,-0.082679,0.043332,4,-67.5,6.0838,921.75,3
207,138.25,1.0107,-0.01378,-0.013684,4,-67.5,0.17334000000000002,921.25,3
208,138.5,1.0107,-0.01378,-0.013684,4,-67.5,4.2537,920.25,3
209,143.25,1.2570000000000001,-0.15158,0.12315,3,-52.0,4.8842,921.25,3
210,143.5,1.0225,-0.025263,0.0091224,1,-67.5,1.6030000000000002,924.75,3
211,145.25,1.3977,-0.22048,0.18017,1,-68.0,0.8452200000000001,925.75,3
212,146.0,1.339,-0.19751,0.15736,1,-67.5,4.7354,924.75,3
213,147.0,1.2452,-0.15158,0.12315,1,-68.0,1.1919,925.25,3
214,147.25,1.2452,-0.15158,0.12315,1,-63.5,0.91425,921.75,3
215,147.5,1.2452,-0.15158,0.12315,1,-67.0,0.76085,925.75,3
216,148.0,1.2335,-0.12861,0.066138,3,-50.5,5.0376,921.25,3
217,148.1,1.2335,-0.12861,0.066138,1,-67.0,4.5667,921.25,3
218,150.25,1.4446,-0.059712,0.19157000000000002,1,-63.5,1.5355,921.25,3
219,151.25,1.1514,-0.094162,0.054735,3,-51.0,5.0038,920.75,3
220,151.35,1.1514,-0.094162,0.054735,3,-50.5,4.9916,920.75,3
221,152.0,1.3156,-0.17454,0.14595999999999998,1,-67.0,5.2201,923.75,3
222,153.0,1.2101,-0.14009000000000002,0.08894400000000001,3,-51.0,4.7032,921.25,3
223,153.25,1.128,-0.10565,0.054735,1,-67.5,1.2471,924.75,3
224,153.75,1.2218,-0.12861,0.066138,1,-66.0,1.5079,920.75,3
225,154.25,1.3273,-0.18603,0.12315,1,-68.5,0.86977,925.25,3
226,155.0,1.4446,-0.20899,0.15736,3,-52.5,3.7981,922.75,3
227,155.25,1.1397,-0.094162,0.054735,3,-50.5,4.7876,921.25,3
228,156.0,0.96383,-0.01378,-0.036489999999999995,3,-51.0,5.1189,920.75,3
229,158.0,1.1045,-0.094162,0.031928,3,-50.5,5.3674,920.25,3
230,158.75,0.9521,-0.048229,-0.0022806,1,-64.5,5.7969,923.25,3
231,159.25,1.3039,-0.17454,0.14595999999999998,1,-64.5,5.3751,923.75,3
232,159.75,1.0342,-0.01378,0.020525,1,-68.0,0.57831,925.75,3
233,160.75,1.1045,-0.07119600000000001,0.066138,1,-66.5,4.8397,924.25,3
234,161.0,1.1045,-0.07119600000000001,0.066138,1,-65.0,4.7676,920.75,3
235,162.25,1.0342,-0.025263,-0.025087,1,-69.0,0.44946,925.75,3
236,162.75,0.9990100000000001,-0.01378,-0.047893,3,-51.0,5.2922,920.25,3
237,163.0,0.9990100000000001,-0.01378,-0.047893,1,-68.0,4.2553,924.75,3
238,163.5,0.9872799999999999,-0.025263,-0.036489999999999995,3,-51.0,4.9594,920.75,3
239,164.25,1.4211,-0.19751,0.13455999999999999,3,-51.0,4.3504,921.75,3
240,164.75,1.4328,-0.20899,0.15736,1,-69.0,3.4821,925.75,3
241,165.0,1.4328,-0.20899,0.15736,3,-52.5,5.4963,921.25,3
242,165.75,0.78795,0.6292800000000001,0.23718000000000003,4,-67.0,1.8623,920.75,1
243,166.25,0.78795,0.6292800000000001,0.23718000000000003,1,-59.5,5.2109,922.25,1
244,168.75,0.33066,0.99674,0.08894400000000001,1,-59.5,0.93573,922.25,1
245,169.5,0.47136000000000006,0.93932,0.13455999999999999,4,-59.5,4.648,925.75,1
246,169.75,0.47136000000000006,0.93932,0.13455999999999999,4,-56.5,5.6604,921.25,1
247,170.5,0.40101,0.98526,0.12315,4,-58.5,0.32674000000000003,924.25,1
248,170.75,0.40101,0.98526,0.12315,1,-59.5,0.7761899999999999,920.75,1
249,171.25,0.40101,0.98526,0.12315,4,-57.5,5.3674,922.25,1
250,171.5,0.40101,0.98526,0.12315,1,-61.0,6.1482,921.75,1
251,172.25,0.40101,0.98526,0.12315,3,-65.5,0.61666,922.75,1
252,172.75,0.40101,0.98526,0.12315,4,-59.5,6.0807,924.75,1
253,173.0,0.40101,0.98526,0.12315,1,-60.5,0.80381,920.75,1
254,174.0,0.52999,0.8819100000000001,0.19157000000000002,1,-60.5,6.0362,921.75,1
255,174.75,0.52999,0.8819100000000001,0.19157000000000002,1,-60.0,0.0061359,921.25,1
256,175.25,0.52999,0.8819100000000001,0.19157000000000002,1,-63.5,0.36509,924.75,1
257,175.75,0.52999,0.8819100000000001,0.19157000000000002,1,-60.0,0.68876,920.75,1
258,176.0,0.52999,0.8819100000000001,0.19157000000000002,1,-60.5,5.6512,922.25,1
259,176.5,0.52999,0.8819100000000001,0.19157000000000002,4,-57.5,5.6849,921.75,1
260,177.0,0.52999,0.8819100000000001,0.19157000000000002,1,-61.0,5.0928,922.75,1
261,177.5,0.34238,0.97377,0.12315,1,-63.5,0.17794000000000001,924.75,1
262,178.0,0.34238,0.97377,0.12315,1,-60.0,0.42491,920.75,1
263,178.5,0.34238,0.97377,0.12315,1,-60.5,5.4917,922.25,1
264,179.0,0.34238,0.97377,0.12315,1,-60.5,6.0285,921.75,1
265,179.5,0.34238,0.97377,0.12315,1,-60.5,5.1818,922.75,1
266,179.75,0.34238,0.97377,0.12315,3,-64.5,5.3045,920.25,1
267,180.5,0.30721,0.97377,0.13455999999999999,1,-60.0,4.4884,923.25,1
268,181.0,0.30721,0.97377,0.13455999999999999,1,-62.5,5.9212,925.25,1
269,181.5,0.30721,0.97377,0.13455999999999999,3,-61.5,4.852,921.75,1
270,181.75,0.30721,0.97377,0.13455999999999999,1,-60.0,4.7385,922.75,1
271,182.0,0.30721,0.97377,0.13455999999999999,1,-59.0,6.1758,921.25,1
272,182.25,0.30721,0.97377,0.13455999999999999,4,-57.0,0.48781,920.25,1
273,183.25,0.30721,0.97377,0.19157000000000002,1,-60.0,5.2232,922.25,1
274,183.75,0.30721,0.97377,0.19157000000000002,4,-58.5,0.5108199999999999,923.75,1
275,184.0,0.30721,0.97377,0.19157000000000002,1,-62.0,5.2186,925.75,1
276,184.5,0.30721,0.97377,0.19157000000000002,3,-66.5,5.0407,921.25,1
277,185.0,0.29548,1.0197,0.19157000000000002,1,-59.5,6.1482,924.25,1
278,185.5,0.29548,1.0197,0.19157000000000002,4,-58.0,0.93573,923.25,1
279,185.75,0.29548,1.0197,0.19157000000000002,1,-60.0,4.4976,922.25,1
280,186.25,0.29548,1.0197,0.19157000000000002,1,-60.5,5.1066,921.75,1
281,186.75,0.29548,1.0197,0.19157000000000002,1,-58.5,4.4148,922.75,1
282,187.25,0.49481,0.8819100000000001,0.32841,4,-58.0,0.75625,920.25,1
283,187.5,0.49481,0.8819100000000001,0.32841,4,-59.0,0.099709,924.25,1
284,187.75,0.49481,0.8819100000000001,0.32841,1,-58.0,5.9426,920.75,1
285,188.0,0.49481,0.8819100000000001,0.32841,1,-60.0,1.2471,922.25,1
286,188.5,0.49481,0.8819100000000001,0.32841,1,-60.5,5.7478,923.75,1
287,188.75,0.49481,0.8819100000000001,0.32841,3,-66.0,5.2232,925.75,1
288,189.75,0.33066,0.9163600000000001,0.3056,4,-58.0,6.1973,924.75,1
289,190.25,0.44791000000000003,0.9048700000000001,0.37401999999999996,1,-59.5,0.50468,923.25,1
290,190.5,0.44791000000000003,0.9048700000000001,0.37401999999999996,1,-59.0,1.3284,922.25,1
291,191.0,0.44791000000000003,0.9048700000000001,0.37401999999999996,1,-60.0,0.12118,923.75,1
292,191.25,0.44791000000000003,0.9048700000000001,0.37401999999999996,1,-58.5,5.6773,921.75,1
293,192.5,0.2603,0.92784,0.32841,1,-59.5,0.83142,920.75,1
294,192.75,0.2603,0.92784,0.32841,4,-57.5,1.6705,923.25,1
295,193.0,0.2603,0.92784,0.32841,1,-59.0,0.018408,922.25,1
296,193.75,0.2603,0.92784,0.32841,1,-59.5,1.1536,921.75,1
297,194.25,0.2603,0.92784,0.32841,1,-60.0,2.3117,921.25,1
298,194.75,0.2603,0.92784,0.32841,4,-58.5,5.7125,924.75,1
299,195.25,0.2603,0.9163600000000001,0.22578,4,-57.5,1.1167,923.25,1
300,195.5,0.2603,0.9163600000000001,0.22578,4,-57.0,5.4579,922.25,1
301,196.0,0.2603,0.9163600000000001,0.22578,4,-58.0,0.51235,923.75,1
302,196.25,0.2603,0.9163600000000001,0.22578,4,-59.5,4.9072,925.75,1
303,196.5,0.2603,0.9163600000000001,0.22578,1,-60.0,1.9205,921.25,1
304,197.0,0.2603,0.9163600000000001,0.22578,1,-59.5,2.416,920.25,1
305,197.5,0.2603,0.9163600000000001,0.22578,1,-60.5,1.4051,920.75,1
306,198.0,0.2603,0.9163600000000001,0.22578,1,-61.0,5.7938,922.25,1
307,199.25,0.33066,0.92784,0.18017,1,-61.0,0.5614399999999999,920.25,1
308,200.0,0.33066,0.92784,0.18017,1,-61.0,0.18254,920.75,1
309,200.5,0.33066,0.92784,0.18017,1,-62.5,0.30985999999999997,925.25,1
310,200.75,0.33066,0.92784,0.18017,1,-60.0,6.1528,921.75,1
311,201.5,0.33066,0.92784,0.18017,1,-60.5,6.1712,921.25,1
312,202.25,0.33066,0.95081,0.19157000000000002,1,-60.5,0.6089899999999999,920.75,1
313,204.0,0.48308999999999996,0.89339,0.25999,1,-60.5,0.02301,921.25,1
314,204.5,0.48308999999999996,0.89339,0.25999,4,-58.5,5.957999999999999,924.25,1
315,205.25,0.31893,0.93932,0.19157000000000002,1,-61.0,5.1925,922.25,1
316,205.75,0.31893,0.93932,0.19157000000000002,3,-68.0,0.49701000000000006,921.75,1
317,207.25,0.24858000000000002,0.99674,0.15736,4,-58.0,6.0746,920.75,1
318,207.5,0.24858000000000002,0.99674,0.15736,4,-58.0,1.5309,922.25,1
319,208.25,0.24858000000000002,0.99674,0.15736,1,-61.0,5.6159,921.75,1
320,208.75,0.24858000000000002,0.99674,0.15736,1,-61.0,6.1819,921.25,1
321,209.75,0.49481,0.8819100000000001,0.25999,1,-61.0,0.087437,920.75,1
322,210.0,0.49481,0.8819100000000001,0.25999,4,-58.5,4.7415,922.25,1
323,210.75,0.49481,0.8819100000000001,0.25999,1,-61.0,5.4533,921.75,1
324,211.25,0.49481,0.8819100000000001,0.25999,1,-61.0,5.8215,921.25,1
325,211.75,0.49481,0.8819100000000001,0.25999,4,-59.5,6.004,924.25,1
326,213.0,0.36583000000000004,0.8819100000000001,0.22578,3,-68.5,0.56911,921.75,1
327,213.75,0.36583000000000004,0.8819100000000001,0.22578,3,-68.0,0.37736,921.25,1
328,214.5,0.36583000000000004,0.8819100000000001,0.22578,4,-58.0,6.1068,920.75,1
329,214.75,0.36583000000000004,0.8819100000000001,0.22578,1,-62.0,4.4424,923.25,1
330,215.5,0.36583000000000004,0.8819100000000001,0.22578,1,-61.0,5.5852,921.75,1
331,217.0,0.2603,0.97377,0.14595999999999998,1,-60.0,6.0592,920.75,1
332,217.25,0.2603,0.97377,0.14595999999999998,4,-58.5,5.0238,922.25,1
333,218.0,0.2603,0.97377,0.14595999999999998,4,-58.0,5.3919,921.75,1
334,218.5,0.2603,0.97377,0.14595999999999998,3,-69.5,0.5507,922.75,1
335,218.75,0.2603,0.97377,0.14595999999999998,1,-58.0,6.1574,920.25,1
336,219.25,0.2603,0.97377,0.14595999999999998,1,-58.0,5.938,920.75,1
337,219.75,0.28376,0.97377,0.18017,1,-58.5,4.7814,922.25,1
338,220.25,0.28376,0.97377,0.18017,1,-60.0,0.7808,923.75,1
339,220.5,0.28376,0.97377,0.18017,1,-63.0,5.5637,925.75,1
340,221.25,0.22513000000000002,0.98526,0.15736,1,-58.0,0.44025,920.25,1
341,221.75,0.22513000000000002,0.98526,0.15736,1,-60.5,0.084369,924.25,1
342,222.0,0.22513000000000002,0.98526,0.15736,4,-58.0,0.55684,923.25,1
343,222.25,0.22513000000000002,0.98526,0.15736,4,-58.5,4.5636,922.25,1
344,222.75,0.22513000000000002,0.98526,0.15736,1,-58.5,5.3152,921.75,1
345,223.5,0.38928,0.92784,0.2828,1,-58.0,0.19021,920.25,1
346,224.0,0.38928,0.92784,0.2828,1,-63.0,0.10737999999999999,924.25,1
347,224.5,0.38928,0.92784,0.2828,1,-60.5,5.1634,922.25,1
348,225.25,0.38928,0.92784,0.2828,1,-60.0,5.5729999999999995,921.75,1
349,225.75,0.38928,0.92784,0.2828,1,-59.0,4.9225,922.75,1
350,225.85,0.38928,0.92784,0.2828,1,-58.0,5.8506,921.25,1
351,226.0,0.38928,0.92784,0.2828,1,-58.5,0.53689,920.25,1
352,226.75,0.33066,0.9048700000000001,0.3056,1,-59.5,0.40037,920.75,1
353,227.0,0.33066,0.9048700000000001,0.3056,3,-69.5,2.3393,922.25,1
354,227.5,0.33066,0.9048700000000001,0.3056,1,-60.5,5.6665,921.75,1
355,228.25,0.33066,0.9048700000000001,0.3056,1,-60.0,6.0347,921.25,1
356,228.75,0.33066,0.9048700000000001,0.3056,1,-63.0,0.061359000000000004,924.75,1
357,229.5,0.27203,0.93932,0.2942,4,-57.5,5.0253,922.25,1
358,230.0,0.27203,0.93932,0.2942,4,-58.5,0.49241,923.75,1
359,230.5,0.27203,0.93932,0.2942,4,-58.0,4.5360000000000005,922.75,1
360,230.75,0.27203,0.93932,0.2942,1,-60.5,5.8644,921.25,1
361,231.25,0.27203,0.93932,0.2942,1,-63.5,6.1160000000000005,924.75,1
362,231.5,0.27203,0.93932,0.2942,1,-58.5,6.2356,920.75,1
363,232.0,0.27203,0.93932,0.2942,1,-58.5,5.0299,922.25,1
364,233.0,0.42446000000000006,0.8819100000000001,0.35120999999999997,1,-60.5,4.151,922.75,1
365,233.25,0.42446000000000006,0.8819100000000001,0.35120999999999997,1,-59.0,0.046019,920.25,1
366,234.75,0.2603,0.95081,0.27139,4,-57.0,0.099709,923.75,1
367,235.0,0.2603,0.95081,0.27139,1,-60.5,5.4855,921.75,1
368,235.5,0.2603,0.95081,0.27139,1,-59.5,5.8015,921.25,1
369,236.5,0.29548,0.89339,0.2942,1,-58.5,6.2234,920.75,1
370,236.75,0.29548,0.89339,0.2942,1,-59.0,5.0821,922.25,1
371,237.5,0.29548,0.89339,0.2942,4,-59.0,5.6727,921.75,1
372,238.0,0.29548,0.89339,0.2942,4,-58.5,4.3442,922.75,1
373,238.1,0.29548,0.89339,0.2942,1,-58.5,1.1167,921.25,1
374,238.75,0.30721,0.92784,0.24859,1,-58.0,1.7181,920.75,1
375,239.0,0.30721,0.92784,0.24859,1,-59.5,5.6742,923.25,1
376,239.25,0.30721,0.92784,0.24859,1,-58.5,0.40344,922.25,1
377,245.25,0.30721,0.92784,0.24859,1,-59.0,6.2586,921.25,1
378,245.5,0.30721,0.92784,0.24859,1,-58.0,1.2931,920.25,1
379,246.5,0.29548,0.9048700000000001,0.27139,1,-60.5,4.2246,923.25,1
380,246.75,0.29548,0.9048700000000001,0.27139,1,-61.5,5.9933,925.25,1
381,247.25,0.29548,0.9048700000000001,0.27139,1,-59.0,5.7356,921.75,1
382,247.5,0.29548,0.9048700000000001,0.27139,1,-59.5,5.5361,922.75,1
383,248.0,0.29548,0.9048700000000001,0.27139,4,-57.0,0.45406,920.25,1
384,248.75,0.31893,0.9048700000000001,0.2942,1,-60.0,5.3597,920.75,1
385,249.0,0.31893,0.9048700000000001,0.2942,1,-59.5,1.0983,922.25,1
386,250.0,0.31893,0.9048700000000001,0.2942,1,-60.0,0.087437,922.75,1
387,250.75,0.1665,0.95081,0.24859,1,-61.5,4.6909,924.25,1
388,251.25,0.1665,0.95081,0.24859,4,-58.0,1.0094,923.25,1
389,251.5,0.1665,0.95081,0.24859,4,-58.0,4.9578,922.25,1
390,252.0,0.1665,0.95081,0.24859,4,-58.5,5.2355,921.75,1
391,252.5,0.1665,0.95081,0.24859,4,-57.5,1.7426,922.75,1
392,253.0,0.37756,0.80152,0.37401999999999996,1,-58.0,1.3959,920.25,1
393,253.25,0.37756,0.80152,0.37401999999999996,1,-61.5,4.1694,924.25,1
394,253.75,0.37756,0.80152,0.37401999999999996,4,-58.0,0.98175,923.25,1
395,254.0,0.37756,0.80152,0.37401999999999996,1,-58.5,0.37429,922.25,1
396,254.5,0.37756,0.80152,0.37401999999999996,1,-59.0,1.0308,921.75,1
397,255.0,0.37756,0.80152,0.37401999999999996,1,-59.0,1.3821,921.25,1
398,255.25,0.37756,0.80152,0.37401999999999996,1,-59.5,1.8454,920.25,1
399,256.75,0.20168,0.9163600000000001,0.22578,4,-59.5,0.50621,923.75,1
400,257.25,0.20168,0.9163600000000001,0.22578,1,-61.5,0.36662,922.75,1
401,257.75,0.20168,0.9163600000000001,0.22578,4,-58.0,0.96641,920.25,1
402,258.25,0.20168,0.9163600000000001,0.22578,4,-57.5,0.49087,920.75,1
403,258.5,0.20168,0.9163600000000001,0.22578,4,-58.0,4.4624,923.25,1
404,259.0,0.20168,0.9163600000000001,0.22578,1,-61.0,5.3183,923.75,1
405,260.25,0.20168,0.93932,0.2828,1,-59.5,1.5539,920.25,1
406,260.75,0.20168,0.93932,0.2828,1,-58.5,1.3085,920.75,1
407,261.75,0.36583000000000004,0.9048700000000001,0.35120999999999997,4,-58.0,5.6757,921.75,1
408,262.25,0.36583000000000004,0.9048700000000001,0.35120999999999997,1,-60.0,5.8905,922.75,1
409,262.5,0.36583000000000004,0.9048700000000001,0.35120999999999997,1,-58.5,1.8761,920.25,1
410,262.75,0.36583000000000004,0.9048700000000001,0.35120999999999997,4,-57.5,5.8721,924.75,1
411,263.0,0.36583000000000004,0.9048700000000001,0.35120999999999997,1,-60.5,4.5007,924.25,1
412,263.75,0.13132,0.98526,0.25999,1,-60.0,6.2632,922.25,1
413,264.25,0.13132,0.98526,0.25999,1,-60.5,0.5859800000000001,921.75,1
414,264.75,0.13132,0.98526,0.25999,4,-57.5,4.7691,922.75,1
415,265.0,0.13132,0.98526,0.25999,4,-57.5,0.021476,921.25,1
416,265.5,0.20168,0.92784,0.22578,1,-62.5,0.83449,920.75,1
417,266.0,0.20168,0.92784,0.22578,4,-58.5,4.3289,923.25,1
418,266.5,0.20168,0.92784,0.22578,1,-61.0,0.3252,921.75,1
419,267.25,0.20168,0.92784,0.22578,1,-60.0,0.9832799999999999,921.25,1
420,267.5,0.20168,0.92784,0.22578,4,-57.5,1.0063,920.25,1
421,268.0,0.20168,0.92784,0.22578,1,-60.5,0.9203899999999999,920.75,1
422,269.0,0.1665,0.92784,0.20297,1,-61.0,4.8934,923.75,1
423,269.5,0.1665,0.92784,0.20297,4,-58.0,4.5651,922.75,1
424,269.75,0.1665,0.92784,0.20297,1,-59.5,0.90505,921.25,1
425,270.0,0.1665,0.92784,0.20297,1,-59.0,1.6383,920.25,1
426,271.0,0.35411,0.9163600000000001,0.24859,1,-64.0,0.65808,925.25,1
427,271.75,0.35411,0.9163600000000001,0.24859,4,-58.5,1.2563,922.75,1
428,272.25,0.35411,0.9163600000000001,0.24859,1,-60.5,0.59365,921.25,1
429,272.75,0.35411,0.9163600000000001,0.24859,1,-63.0,1.2487,924.25,1
430,273.25,0.35411,0.9163600000000001,0.24859,1,-61.0,5.6941,922.25,1
431,275.5,0.096148,0.76708,0.2828,2,-68.5,4.5314,923.25,1
432,276.25,0.42446000000000006,0.82449,0.10035,1,-50.0,4.243,923.75,4
433,276.35,0.36583000000000004,1.0656,0.020525,1,-44.5,4.6909,921.75,4
434,276.38,0.36583000000000004,1.0656,0.020525,1,-44.0,5.4456,921.75,4
435,276.5,0.014071,1.2494,0.23718000000000003,1,-43.5,1.3177,921.75,4
436,276.63,0.037521,0.9048700000000001,0.14595999999999998,1,-46.5,6.1129,925.75,4
437,276.75,0.049247000000000006,0.92784,0.13455999999999999,1,-46.5,4.6679,925.75,4
438,276.85,0.049247000000000006,0.92784,0.13455999999999999,1,-46.5,5.0913,925.75,4
439,276.9,0.14305,0.96229,0.10035,4,-68.0,6.1988,922.75,4
440,277.0,0.14305,0.96229,0.10035,1,-49.5,5.8644,921.25,4
441,280.5,-0.15009,0.72114,0.15736,2,-55.0,0.95567,923.25,2
442,281.5,-0.06800700000000001,1.0427,-0.047893,2,-59.5,0.97101,925.75,2
443,284.75,-0.06800700000000001,1.0427,-0.047893,2,-58.5,1.5846,924.25,2
444,287.0,0.13132,0.9163600000000001,0.14595999999999998,2,-61.5,4.4378,924.75,2
445,288.75,0.13132,0.9163600000000001,0.14595999999999998,2,-63.5,0.8436899999999999,925.75,2
446,292.5,0.13132,0.9163600000000001,0.14595999999999998,2,-60.0,1.8899,923.25,2
447,295.0,0.13132,0.9163600000000001,0.14595999999999998,2,-58.0,6.0408,920.75,2
448,297.0,0.34238,0.84746,0.23718000000000003,2,-58.0,1.4834,924.25,2
449,297.75,0.34238,0.84746,0.23718000000000003,2,-58.0,5.5269,922.25,2
450,300.0,0.17823,0.92784,0.19157000000000002,2,-57.5,5.846,922.25,2
451,301.25,0.17823,0.92784,0.19157000000000002,2,-58.0,5.417999999999999,922.75,2
452,303.0,0.096148,0.96229,0.14595999999999998,2,-58.0,5.2708,923.75,2
453,304.75,0.096148,0.96229,0.14595999999999998,2,-58.0,2.0571,923.25,2
454,306.75,0.10787000000000001,0.95081,0.16876,2,-59.0,1.6030000000000002,924.75,2
455,307.5,0.10787000000000001,0.95081,0.16876,2,-58.0,5.5637,922.25,2
456,308.5,0.10787000000000001,0.95081,0.16876,2,-58.5,5.4119,922.75,2
457,310.5,0.072698,0.96229,0.13455999999999999,2,-57.5,5.935,921.75,2
458,311.5,0.072698,0.96229,0.13455999999999999,2,-57.5,0.20402,920.25,2
459,313.0,0.072698,0.96229,0.13455999999999999,2,-57.5,5.9841,921.75,2
460,314.5,0.084423,0.95081,0.12315,2,-58.0,5.1757,923.25,2
461,315.5,0.084423,0.95081,0.12315,2,-57.5,5.8675,921.75,2
462,316.25,0.084423,0.95081,0.12315,2,-57.5,0.17027,920.25,2
463,319.5,0.14305,0.9048700000000001,0.18017,2,-58.0,2.1184,923.25,2
464,320.25,0.14305,0.9048700000000001,0.18017,2,-57.5,5.7877,921.75,2
465,322.0,0.084423,0.95081,0.15736,2,-58.0,5.6665,922.25,2
466,323.25,0.084423,0.95081,0.15736,2,-58.0,5.7892,921.25,2
467,324.5,0.28376,0.89339,0.066138,2,-58.0,1.3591,925.25,2
468,326.75,0.56517,0.9048700000000001,0.077541,2,-58.5,4.5513,923.25,2
469,327.5,0.56517,0.9048700000000001,0.077541,2,-58.0,0.6412,923.75,2
470,328.0,0.56517,0.9048700000000001,0.077541,2,-57.5,5.237,921.25,2
471,329.25,0.56517,0.9048700000000001,0.077541,2,-59.5,1.1536,923.25,2
472,332.0,0.44791000000000003,0.96229,0.077541,2,-58.0,4.7691,925.25,2
473,334.75,0.44791000000000003,0.96229,0.077541,2,-57.5,1.0677,923.75,2
474,335.0,0.44791000000000003,0.96229,0.077541,2,-57.5,5.9718,925.75,2
475,336.0,-0.0093803,1.0656,0.3056,2,-57.0,0.31753000000000003,924.75,2
476,336.5,-0.0093803,1.0656,0.3056,2,-58.0,0.30219,923.25,2
477,337.25,-0.0093803,1.0656,0.3056,2,-58.0,1.0293,921.75,2
478,338.75,0.17823,0.79004,0.48805,2,-58.0,0.62893,923.25,2
479,345.75,-0.11490999999999998,0.95081,0.19157000000000002,2,-57.5,1.7181,924.25,2
480,347.25,-0.11490999999999998,0.9163600000000001,0.20297,2,-59.5,4.6065,925.75,2
481,349.5,-0.091458,0.9048700000000001,0.20297,2,-58.0,4.5053,925.75,2
482,350.5,-0.26734,0.99674,0.077541,2,-57.5,1.7687,924.75,2
483,356.25,-0.24389,1.0197,0.077541,2,-57.0,4.6142,925.25,2
484,357.0,-0.12663,0.96229,0.16876,2,-57.5,4.4976,925.75,2
485,358.0,0.10787000000000001,0.8819100000000001,0.23718000000000003,2,-57.0,0.14265999999999998,920.75,2
486,359.0,0.10787000000000001,0.8819100000000001,0.23718000000000003,2,-58.0,5.1112,923.75,2
487,365.0,-0.10318,0.95081,0.13455999999999999,2,-56.0,4.8934,924.75,2
488,366.0,-0.16180999999999998,1.0197,0.077541,2,-56.5,4.6802,925.25,2
489,367.5,-0.20870999999999998,1.0197,0.054735,2,-56.0,4.8489,924.75,2
490,369.0,-0.12663,0.93932,0.12315,2,-57.0,1.3652,925.75,2
491,370.75,0.072698,0.9048700000000001,0.22578,2,-57.5,1.5647,925.25,2
492,373.53,-0.10318,0.96229,0.10035,2,-58.0,5.3183,923.75,2
493,376.0,-0.091458,0.93932,0.12315,2,-59.0,2.1368,923.75,2
494,377.5,-0.091458,0.93932,0.12315,2,-57.5,1.8024,924.25,2
495,380.25,-0.056282000000000006,0.97377,0.15736,2,-58.0,5.7325,923.25,2
496,380.5,-0.056282000000000006,0.97377,0.15736,2,-57.0,4.855,925.25,2
497,382.0,-0.17354,0.97377,0.043332,2,-52.5,0.7179,920.25,2
498,395.75,0.14305,0.8589399999999999,0.24859,2,-57.5,1.8024,925.75,2
499,396.75,-0.056282000000000006,0.92784,0.16876,2,-56.5,5.2063,924.75,2
500,397.75,-0.16180999999999998,0.98526,0.11175,2,-57.5,5.1434,925.25,2
501,400.0,0.084423,0.8704200000000001,0.24859,2,-57.5,4.9624,925.25,2
502,401.75,0.41273000000000004,0.81301,0.24859,2,-57.0,0.28685,924.25,2
503,402.5,-0.10318,0.77856,0.19157000000000002,2,-49.5,1.3315,922.25,4
504,402.75,0.060972000000000005,0.96229,0.20297,2,-50.5,4.2246,923.75,4
505,403.25,-0.032831,1.0197,-0.0022806,2,-54.0,5.8046,925.75,4
506,406.25,-0.46667,0.6752100000000001,0.2828,4,-59.5,5.0882,920.25,1
507,406.5,-0.46667,0.6752100000000001,0.2828,1,-59.0,4.3519,924.75,1
508,407.0,0.1196,0.84746,0.2942,3,-57.5,0.45252,923.25,1
509,407.25,0.1196,0.84746,0.2942,4,-60.5,5.9503,922.25,1
510,407.5,0.1196,0.84746,0.2942,3,-57.0,4.7231,925.25,1
511,407.75,0.1196,0.84746,0.2942,1,-60.0,1.2671,923.75,1
512,408.5,0.34238,1.1805,0.054735,3,-49.5,6.2617,921.25,1
513,408.75,0.48308999999999996,0.89339,-0.025087,4,-66.5,5.7923,920.25,1
514,408.85,0.48308999999999996,0.89339,-0.025087,3,-50.5,5.237,920.25,1
515,409.25,1.0694,0.35368,0.031928,3,-49.0,1.0201,920.75,3
516,409.75,1.1397,0.10105,0.14595999999999998,4,-61.0,4.7262,922.25,3
517,410.0,1.1397,0.10105,0.14595999999999998,4,-63.0,0.087437,923.75,3
518,410.5,0.9990100000000001,0.032152999999999994,-0.059296,4,-64.5,5.013,921.75,3
519,410.75,0.92865,-0.19751,-0.19613,3,-49.5,4.3626,922.75,3
520,411.0,1.1514,-0.059712,-0.070699,3,-48.5,5.3843,921.25,3
521,411.1,1.1514,-0.059712,-0.070699,3,-48.5,5.3797,921.25,3
522,411.25,0.9052,-0.094162,-0.059296,3,-49.0,6.047000000000001,920.25,3
523,411.5,1.4211,-0.14009000000000002,0.10035,4,-64.5,5.0959,924.75,3
524,411.75,1.4211,-0.14009000000000002,0.10035,3,-48.5,5.78,920.75,3
525,411.85,0.9052,-0.07119600000000001,-0.082102,4,-63.0,5.869,920.75,3
526,412.0,0.9052,-0.07119600000000001,-0.082102,3,-50.0,4.2844,923.25,3
527,412.25,1.1866,-0.14009000000000002,0.08894400000000001,4,-62.0,4.3427,922.25,3
528,412.5,0.9521,-0.07119600000000001,-0.059296,3,-51.5,4.1678,923.75,3
529,412.63,0.9521,-0.07119600000000001,-0.059296,4,-62.5,6.0884,923.75,3
530,412.75,0.9521,-0.07119600000000001,-0.059296,3,-50.0,5.2431,921.75,3
531,413.25,1.2452,-0.23196,0.0091224,4,-64.0,0.98635,922.75,3
532,413.5,1.2452,-0.23196,0.0091224,4,-63.0,5.6558,921.25,3
533,413.6,1.2452,-0.23196,0.0091224,3,-50.0,6.0577,920.25,3
534,413.75,0.78795,-0.22048,-0.013684,3,-49.5,6.138999999999999,920.25,3
535,414.25,0.96383,0.043636,-0.17332999999999998,4,-63.0,5.8537,920.75,3
536,414.35,0.96383,0.043636,-0.17332999999999998,3,-52.0,3.9561,923.25,3
537,414.5,1.0694,-0.07119600000000001,0.10035,3,-50.0,4.5268,922.25,3
538,414.6,1.0694,-0.07119600000000001,0.10035,4,-64.0,4.4869,922.25,3
539,414.75,1.0694,-0.07119600000000001,0.10035,4,-66.5,4.8673,925.25,3
540,415.25,1.2804,-0.20899,0.043332,4,-63.5,4.898,921.75,3
541,415.75,1.2804,-0.17454,0.043332,4,-63.0,5.3597,921.25,3
542,416.0,1.2804,-0.17454,0.043332,3,-49.5,5.6757,920.25,3
543,416.1,0.9521,-0.036746,-0.10490999999999999,3,-49.5,5.6757,920.25,3
544,416.25,0.9521,-0.036746,-0.10490999999999999,3,-53.0,6.1881,924.75,3
545,416.5,0.9990100000000001,-0.025263,-0.09350499999999999,4,-66.0,5.6282,924.25,3
546,416.75,1.1632,-0.12861,0.020525,4,-65.5,0.26078,923.25,3
547,417.0,1.1632,-0.12861,0.020525,3,-50.5,4.3933,922.25,3
548,417.25,1.2687,-0.16305999999999998,0.043332,4,-67.0,4.8198,925.25,3
549,417.5,1.2687,-0.16305999999999998,0.043332,3,-50.0,4.6878,921.75,3
550,418.25,1.1397,-0.10565,-0.013684,4,-64.5,0.6918300000000001,922.75,3
551,418.35,1.1397,-0.10565,-0.013684,4,-63.5,5.2708,921.25,3
552,418.5,1.1397,-0.10565,-0.013684,3,-49.5,5.6696,920.25,3
553,418.75,0.92865,-0.01378,-0.10490999999999999,4,-66.5,5.1803,924.75,3
554,419.0,0.92865,-0.01378,-0.10490999999999999,4,-65.5,5.6082,924.25,3
555,419.25,0.9521,-0.01378,-0.082102,4,-64.5,0.23623000000000002,923.25,3
556,419.5,0.9521,-0.01378,-0.082102,3,-50.5,4.5636,922.25,3
557,420.0,0.92865,-0.025263,-0.10490999999999999,4,-63.5,4.7937,921.75,3
558,420.5,1.0459,-0.025263,-0.059296,4,-64.5,0.69796,922.75,3
559,420.75,1.0459,-0.025263,-0.059296,3,-49.5,5.056,921.25,3
560,420.85,0.96383,-0.01378,-0.082102,3,-49.5,5.6834,920.25,3
561,421.5,1.3859,-0.19751,0.08894400000000001,3,-49.5,5.3244,920.75,3
562,421.63,1.3859,-0.19751,0.08894400000000001,3,-51.5,0.73631,923.25,3
563,421.75,1.3859,-0.19751,0.08894400000000001,4,-65.5,0.18561,923.25,3
564,422.25,0.97555,-0.01378,-0.09350499999999999,4,-67.0,4.7415,925.25,3
565,422.5,0.97555,-0.01378,-0.09350499999999999,3,-50.0,4.7415,921.75,3
566,422.6,1.1514,-0.082679,-0.0022806,3,-50.0,4.7569,921.75,3
567,422.75,1.1514,-0.082679,-0.0022806,4,-67.0,4.3826,925.75,3
568,423.0,0.9169299999999999,-0.01378,-0.09350499999999999,3,-49.5,5.1511,921.25,3
569,423.25,0.9169299999999999,-0.01378,-0.09350499999999999,3,-49.5,5.167999999999999,921.25,3
570,423.35,0.8934799999999999,-0.01378,-0.09350499999999999,4,-63.0,5.3168,921.25,3
571,423.5,0.92865,-0.01378,-0.10490999999999999,4,-66.0,5.1741,924.75,3
572,424.0,1.3859,-0.20899,0.08894400000000001,4,-63.5,5.7724,920.75,3
573,424.25,1.3859,-0.20899,0.08894400000000001,4,-65.0,0.20095,923.25,3
574,424.38,1.3859,-0.20899,0.08894400000000001,4,-64.0,1.1536,922.25,3
575,424.5,1.3859,-0.20899,0.08894400000000001,4,-67.0,4.7569,925.25,3
576,425.0,1.2101,-0.14009000000000002,0.0091224,3,-50.0,4.7277,921.75,3
577,425.25,0.92865,-0.036746,-0.09350499999999999,4,-64.5,0.65194,922.75,3
578,425.5,0.92865,-0.036746,-0.09350499999999999,3,-50.0,4.9946,921.25,3
579,425.75,1.128,-0.094162,-0.013684,4,-64.0,6.2556,920.25,3
580,426.0,1.128,-0.094162,-0.013684,4,-66.5,5.1066,924.75,3
581,426.25,0.92865,-0.01378,-0.10490999999999999,3,-49.0,5.3014,920.75,3
582,426.5,1.1397,-0.082679,-0.025087,4,-65.0,0.11965,923.25,3
583,427.0,1.3508,-0.18603,0.066138,4,-67.0,4.6955,925.25,3
584,427.25,1.3508,-0.18603,0.066138,3,-52.0,3.5665,923.75,3
585,427.5,0.97555,-0.01378,-0.082102,3,-49.5,4.7661,921.75,3
586,428.0,1.1866,-0.10565,0.031928,3,-49.5,5.1803,921.25,3
587,428.1,1.2101,-0.12861,0.031928,3,-49.0,5.1511,921.25,3
588,428.25,0.9169299999999999,-0.01378,-0.10490999999999999,4,-63.5,6.2663,920.25,3
589,428.75,1.1397,-0.07119600000000001,-0.013684,3,-49.0,5.4073,920.75,3
590,429.0,1.0576,-0.036746,-0.059296,4,-63.5,5.7202,920.75,3
591,429.25,1.0576,-0.036746,-0.059296,4,-64.0,4.2629,922.25,3
592,429.5,1.128,-0.059712,-0.036489999999999995,4,-65.5,5.9411,923.75,3
593,430.0,0.9872799999999999,-0.01378,-0.10490999999999999,3,-50.0,4.7063,921.75,3
594,430.25,1.1983,-0.094162,-0.0022806,3,-50.5,0.9970899999999999,922.75,3
595,430.35,1.1983,-0.094162,-0.0022806,4,-64.5,3.7705,922.75,3
596,430.5,1.1983,-0.094162,-0.0022806,3,-49.5,5.0115,921.25,3
597,430.75,0.9990100000000001,-0.01378,-0.10490999999999999,4,-64.0,6.2341,920.25,3
598,430.85,0.9990100000000001,-0.01378,-0.10490999999999999,4,-67.0,5.0759,924.75,3
599,431.0,0.9990100000000001,-0.01378,-0.10490999999999999,4,-66.5,5.4732,924.25,3
600,431.5,1.2804,-0.15158,0.043332,4,-65.0,0.11350999999999999,923.25,3
601,431.75,1.2804,-0.15158,0.043332,4,-64.0,4.2399,922.25,3
602,432.25,0.92865,-0.01378,-0.10490999999999999,4,-63.0,1.6122,921.75,3
603,432.5,0.92865,-0.01378,-0.10490999999999999,3,-51.0,4.1525,922.75,3
604,432.75,0.9169299999999999,-0.025263,-0.10490999999999999,4,-64.0,0.66115,922.75,3
605,433.0,0.9169299999999999,-0.025263,-0.10490999999999999,3,-49.5,5.0575,921.25,3
606,433.1,1.0107,-0.01378,-0.082102,4,-63.5,6.2479,920.25,3
607,433.25,1.0107,-0.01378,-0.082102,4,-66.5,5.0913,924.75,3
608,433.75,1.1632,-0.10565,-0.0022806,4,-64.0,5.7187,920.75,3
609,433.85,1.1632,-0.10565,-0.0022806,4,-65.0,0.12425,923.25,3
610,434.0,1.1632,-0.10565,-0.0022806,3,-50.5,4.4271,922.25,3
611,434.25,1.0107,-0.0022965999999999998,-0.09350499999999999,4,-67.5,4.6863,925.25,3
612,434.5,1.0107,-0.0022965999999999998,-0.09350499999999999,4,-65.5,5.9411,923.75,3
613,434.75,1.0107,-0.0022965999999999998,-0.09350499999999999,4,-63.5,4.7262,921.75,3
614,435.0,1.0107,-0.0022965999999999998,-0.09350499999999999,4,-68.0,4.3289,925.75,3
615,435.5,0.9521,-0.036746,-0.09350499999999999,4,-63.5,5.191,921.25,3
616,435.6,0.9521,-0.036746,-0.09350499999999999,3,-49.0,5.6358,920.25,3
617,436.25,0.9521,-0.01378,-0.11631,3,-49.5,5.3444,920.75,3
618,436.5,1.2687,-0.14009000000000002,0.043332,3,-50.0,4.4716,922.25,3
619,436.75,1.2687,-0.14009000000000002,0.043332,4,-67.0,4.6756,925.25,3
620,437.0,1.2687,-0.14009000000000002,0.043332,4,-65.0,5.9288,923.75,3
621,437.25,0.92865,-0.01378,-0.09350499999999999,3,-50.0,4.832,921.75,3
622,437.35,0.92865,-0.01378,-0.09350499999999999,4,-67.5,4.3519,925.75,3
623,437.75,0.9403799999999999,-0.036746,-0.10490999999999999,3,-49.5,5.1112,921.25,3
624,437.83,0.9403799999999999,-0.036746,-0.10490999999999999,4,-63.0,5.2355,921.25,3
625,438.25,1.1749,-0.10565,-0.013684,4,-66.5,5.0959,924.75,3
626,438.5,1.0576,-0.048229,-0.070699,3,-49.5,5.3689,920.75,3
627,438.75,0.9403799999999999,-0.01378,-0.10490999999999999,4,-65.0,0.11198,923.25,3
628,439.0,0.9403799999999999,-0.01378,-0.10490999999999999,3,-50.5,4.4347,922.25,3
629,439.75,1.2804,-0.14009000000000002,0.043332,3,-50.0,4.7691,921.75,3
630,440.0,1.1045,-0.059712,-0.036489999999999995,4,-65.0,0.65041,922.75,3
631,440.5,0.92865,-0.036746,-0.12771,3,-49.5,5.7616,920.25,3
632,441.0,0.92865,-0.01378,-0.09350499999999999,3,-51.5,0.7992,923.25,3
633,441.25,1.0107,-0.025263,-0.11631,3,-50.5,4.5268,922.25,3
634,441.38,1.0107,-0.025263,-0.11631,4,-64.0,1.1704,922.25,3
635,441.5,1.0107,-0.025263,-0.11631,4,-67.0,4.7185,925.25,3
636,441.75,1.0107,-0.025263,-0.11631,4,-66.0,5.938,923.75,3
637,442.5,0.9521,-0.036746,-0.11631,4,-65.0,0.6274,922.75,3
638,442.75,0.9521,-0.036746,-0.11631,4,-63.5,5.2247,921.25,3
639,443.0,0.9521,-0.036746,-0.11631,3,-49.5,5.7125,920.25,3
640,443.1,0.9403799999999999,-0.025263,-0.12771,4,-66.5,5.122000000000001,924.75,3
641,443.25,0.9403799999999999,-0.025263,-0.12771,3,-49.5,5.3797,920.75,3
642,443.5,0.9403799999999999,-0.01378,-0.10490999999999999,3,-49.5,5.3766,920.75,3
643,443.75,1.128,-0.10565,-0.047893,4,-65.5,0.14726,923.25,3
644,444.0,1.128,-0.10565,-0.047893,4,-64.5,4.266,922.25,3
645,444.25,1.128,-0.10565,-0.047893,4,-66.0,5.9288,923.75,3
646,444.5,1.2335,-0.15158,0.020525,4,-68.0,4.3074,925.75,3
647,444.75,1.2335,-0.15158,0.020525,4,-65.0,0.60132,922.75,3
648,445.0,1.2335,-0.15158,0.020525,4,-63.5,5.1082,921.25,3
649,445.25,1.2335,-0.15158,0.020525,3,-49.5,5.6727,920.25,3
650,445.35,0.9169299999999999,-0.0022965999999999998,-0.11631,3,-49.5,5.6757,920.25,3
651,445.4,0.9169299999999999,-0.0022965999999999998,-0.11631,3,-53.0,6.2402,924.75,3
652,446.0,1.1045,-0.07119600000000001,-0.059296,4,-63.5,2.5326,920.75,3
653,446.25,1.2687,-0.19751,0.043332,4,-64.0,4.1709,922.25,3
654,447.25,1.2101,-0.11713,0.0091224,4,-65.0,0.5553,922.75,3
655,447.75,0.97555,0.032152999999999994,-0.070699,3,-50.0,5.7647,920.25,3
656,448.0,1.2687,-0.11713,0.08894400000000001,4,-66.0,5.102,924.75,3
657,448.25,1.0225,0.05511900000000001,-0.047893,3,-50.5,5.461,920.75,3
658,448.5,1.1983,-0.11713,0.11175,3,-51.5,3.9224,923.25,3
659,448.6,1.1983,-0.11713,0.11175,3,-50.0,4.5452,922.25,3
660,448.75,1.1983,-0.11713,0.11175,4,-63.5,4.131,922.25,3
661,449.25,0.97555,0.0091865,-0.09350499999999999,3,-50.0,4.6848,921.75,3
662,449.75,1.339,-0.048229,0.043332,4,-64.5,3.7153,922.75,3
663,450.0,1.2687,-0.12861,0.066138,3,-49.0,5.6711,920.25,3
664,450.25,1.1514,-0.048229,-0.013684,4,-63.5,6.1237,920.25,3
665,450.75,1.3977,-0.17454,0.11175,4,-63.0,5.6404,920.75,3
666,450.85,1.3977,-0.17454,0.11175,4,-63.0,2.5249,920.75,3
667,451.05,0.97555,0.020669999999999997,-0.082102,3,-50.0,4.5743,922.25,3
668,451.5,1.0811,-0.025263,-0.036489999999999995,4,-65.5,5.938,923.75,3
669,451.75,1.0811,-0.025263,-0.036489999999999995,3,-49.5,4.8397,921.75,3
670,452.0,1.128,-0.059712,-0.025087,4,-67.5,4.3412,925.75,3
671,452.25,1.128,-0.059712,-0.025087,4,-64.5,0.6151300000000001,922.75,3
672,452.35,1.128,-0.059712,-0.025087,3,-49.0,5.1588,921.25,3
673,452.5,0.92865,0.0091865,-0.12771,4,-63.5,6.2264,920.25,3
674,452.6,0.92865,0.0091865,-0.12771,4,-63.5,6.254,920.25,3
675,453.0,1.1045,-0.059712,-0.047893,3,-49.0,5.4548,920.75,3
676,453.25,1.339,-0.16305999999999998,0.054735,3,-51.0,0.8145399999999999,923.25,3
677,453.4,1.339,-0.16305999999999998,0.054735,4,-65.0,0.11965,923.25,3
678,453.5,1.339,-0.16305999999999998,0.054735,3,-50.0,4.516,922.25,3
679,453.75,0.9052,-0.036746,-0.11631,3,-50.0,4.4992,922.25,3
680,454.0,1.1866,-0.11713,-0.013684,4,-66.0,5.9718,923.75,3
681,454.5,0.9052,-0.025263,-0.11631,3,-50.5,4.1356,922.75,3
682,454.6,0.9052,-0.025263,-0.11631,4,-66.0,0.53383,922.75,3
683,455.0,1.1045,-0.082679,-0.0022806,4,-65.0,6.0945,920.25,3
684,455.53,0.9403799999999999,0.032152999999999994,-0.082102,4,-64.5,5.5545,920.75,3
685,455.75,0.9403799999999999,0.032152999999999994,-0.082102,4,-66.5,6.2341,923.25,3
686,456.0,0.9403799999999999,0.032152999999999994,-0.082102,3,-49.5,4.5007,922.25,3
687,456.1,0.9403799999999999,0.020669999999999997,-0.070699,3,-50.0,4.4777,922.25,3
688,456.5,1.0811,-0.036746,-0.036489999999999995,4,-67.0,5.8215,923.75,3
689,457.0,1.2452,-0.12861,0.066138,4,-66.0,0.6089899999999999,922.75,3
690,457.25,1.1163,-0.094162,-0.013684,4,-64.5,5.1941,921.25,3
691,457.5,1.1163,-0.094162,-0.013684,3,-49.0,5.6466,920.25,3
692,458.0,1.0225,-0.048229,-0.047893,3,-49.0,5.3567,920.75,3
693,458.25,1.2218,-0.12861,0.0091224,4,-66.5,0.13192,923.25,3
694,458.5,1.2218,-0.12861,0.0091224,4,-65.5,4.2476,922.25,3
695,458.75,1.2218,-0.12861,0.0091224,4,-68.5,4.8167,925.25,3
696,459.0,1.2218,-0.12861,0.0091224,3,-49.5,4.6296,921.75,3
697,459.1,0.9052,-0.036746,-0.11631,3,-49.5,4.6127,921.75,3
698,459.25,1.0576,-0.025263,-0.059296,3,-51.0,4.0083,922.75,3
699,459.5,1.0576,-0.025263,-0.059296,4,-66.0,0.65961,922.75,3
700,460.0,0.9052,-0.048229,-0.11631,3,-49.0,5.5239,920.25,3
701,460.5,1.2687,-0.15158,0.066138,4,-65.0,2.5403,920.75,3
702,460.75,1.2687,-0.15158,0.066138,3,-51.0,0.53689,923.25,3
703,460.85,1.2687,-0.15158,0.066138,4,-66.5,0.13652,923.25,3
704,460.93,1.2687,-0.15158,0.066138,4,-65.5,1.0999,922.25,3
