,time,frontal,vertical,lateral,id,rssi,phase,freq,label
0,0.0,0.2603,0.8819100000000001,-0.082102,1,-42.0,0.081301,923.75,4
1,0.025,0.2603,0.8819100000000001,-0.082102,1,-42.0,0.081301,923.75,4
2,0.05,0.2603,0.8819100000000001,-0.082102,1,-42.0,0.081301,923.75,4
3,0.075,0.2603,0.8819100000000001,-0.082102,1,-42.0,0.081301,923.75,4
4,0.1,0.2603,0.8819100000000001,-0.082102,1,-42.0,0.081301,923.75,4
5,3.0,-0.16180999999999998,1.0886,-0.28736,2,-56.0,0.51235,920.25,4
6,3.05,-0.16180999999999998,1.0886,-0.28736,2,-56.0,0.51235,920.25,4
7,3.1,-0.16180999999999998,1.0886,-0.28736,2,-56.0,0.51235,920.25,4
8,3.125,-0.16180999999999998,1.0886,-0.28736,2,-56.0,0.51235,920.25,4
9,5.25,-0.16180999999999998,1.0886,-0.28736,2,-55.5,1.1045,920.25,4
10,5.3,-0.16180999999999998,1.0886,-0.28736,2,-55.5,1.1045,920.25,4
11,5.325,-0.16180999999999998,1.0886,-0.28736,2,-55.5,1.1045,920.25,4
12,5.375,-0.16180999999999998,1.0886,-0.28736,2,-55.5,1.1045,920.25,4
13,5.4,-0.16180999999999998,1.0886,-0.28736,2,-55.5,1.1045,920.25,4
14,5.425,-0.16180999999999998,1.0886,-0.28736,2,-55.5,1.1045,920.25,4
15,13.75,0.41273000000000004,0.96229,-0.09350499999999999,2,-56.0,1.8607,925.25,2
16,13.825,0.41273000000000004,0.96229,-0.09350499999999999,2,-56.0,1.8607,925.25,2
17,13.875,0.41273000000000004,0.96229,-0.09350499999999999,2,-56.0,1.8607,925.25,2
18,13.9,0.41273000000000004,0.96229,-0.09350499999999999,2,-56.0,1.8607,925.25,2
19,13.95,0.41273000000000004,0.96229,-0.09350499999999999,2,-56.0,1.8607,925.25,2
20,57.25,0.42446000000000006,0.95081,-0.082102,2,-55.5,0.84829,920.75,2
21,57.325,0.42446000000000006,0.95081,-0.082102,2,-55.5,0.84829,920.75,2
22,57.375,0.42446000000000006,0.95081,-0.082102,2,-55.5,0.84829,920.75,2
23,57.4,0.42446000000000006,0.95081,-0.082102,2,-55.5,0.84829,920.75,2
24,57.45,0.42446000000000006,0.95081,-0.082102,2,-55.5,0.84829,920.75,2
25,57.5,0.42446000000000006,0.95081,-0.082102,2,-55.5,0.84829,920.75,2
26,58.0,0.2603,1.0082,-0.18473,2,-55.5,0.28531999999999996,921.75,2
27,58.1,0.2603,1.0082,-0.18473,2,-55.5,0.28531999999999996,921.75,2
28,58.125,0.2603,1.0082,-0.18473,2,-55.5,0.28531999999999996,921.75,2
29,58.175,0.2603,1.0082,-0.18473,2,-55.5,0.28531999999999996,921.75,2
30,58.2,0.2603,1.0082,-0.18473,2,-55.5,0.28531999999999996,921.75,2
31,58.25,0.2603,1.0082,-0.18473,2,-55.5,0.28531999999999996,921.75,2
32,71.0,0.2603,1.0082,-0.17332999999999998,2,-55.0,1.1658,920.25,2
33,71.075,0.2603,1.0082,-0.17332999999999998,2,-55.0,1.1658,920.25,2
34,71.125,0.2603,1.0082,-0.17332999999999998,2,-55.0,1.1658,920.25,2
35,71.175,0.2603,1.0082,-0.17332999999999998,2,-55.0,1.1658,920.25,2
36,71.2,0.2603,1.0082,-0.17332999999999998,2,-55.0,1.1658,920.25,2
37,71.25,0.2603,1.0082,-0.17332999999999998,2,-55.0,1.1658,920.25,2
38,74.0,0.24858000000000002,1.0197,-0.16192,2,-55.0,0.72864,921.25,2
39,74.075,0.24858000000000002,1.0197,-0.16192,2,-55.0,0.72864,921.25,2
40,74.125,0.24858000000000002,1.0197,-0.16192,2,-55.0,0.72864,921.25,2
41,74.15,0.24858000000000002,1.0197,-0.16192,2,-55.0,0.72864,921.25,2
42,74.2,0.24858000000000002,1.0197,-0.16192,2,-55.0,0.72864,921.25,2
43,74.25,0.24858000000000002,1.0197,-0.16192,2,-55.0,0.72864,921.25,2
44,112.25,-0.044557,1.1805,-0.059296,2,-50.5,4.7691,925.75,4
45,112.33,-0.044557,1.1805,-0.059296,2,-50.5,4.7691,925.75,4
46,112.4,-0.044557,1.1805,-0.059296,2,-50.5,4.7691,925.75,4
47,112.43,-0.044557,1.1805,-0.059296,2,-50.5,4.7691,925.75,4
48,112.48,-0.044557,1.1805,-0.059296,2,-50.5,4.7691,925.75,4
49,112.53,-0.044557,1.1805,-0.059296,2,-50.5,4.7691,925.75,4
50,112.55,-0.044557,1.1805,-0.059296,2,-48.5,0.58905,923.25,4
51,112.6,-0.044557,1.1805,-0.059296,2,-48.5,0.58905,923.25,4
52,112.65,-0.044557,1.1805,-0.059296,2,-48.5,0.58905,923.25,4
53,112.68,-0.044557,1.1805,-0.059296,2,-48.5,0.58905,923.25,4
54,112.73,-0.044557,1.1805,-0.059296,2,-48.5,0.58905,923.25,4
55,112.78,-0.044557,1.1805,-0.059296,2,-48.5,0.58905,923.25,4
56,112.8,0.17823,0.97377,-0.10490999999999999,2,-48.0,4.9578,920.25,4
57,112.85,0.17823,0.97377,-0.10490999999999999,2,-48.0,4.9578,920.25,4
58,112.9,0.17823,0.97377,-0.10490999999999999,2,-48.0,4.9578,920.25,4
59,112.93,0.17823,0.97377,-0.10490999999999999,2,-48.0,4.9578,920.25,4
60,112.98,0.17823,0.97377,-0.10490999999999999,2,-48.0,4.9578,920.25,4
61,113.03,0.17823,0.97377,-0.10490999999999999,2,-48.0,4.9578,920.25,4
62,113.05,0.47136000000000006,0.99674,-0.059296,2,-46.5,0.89431,922.25,4
63,113.1,0.47136000000000006,0.99674,-0.059296,2,-46.5,0.89431,922.25,4
64,113.15,0.47136000000000006,0.99674,-0.059296,2,-46.5,0.89431,922.25,4
65,113.18,0.47136000000000006,0.99674,-0.059296,2,-46.5,0.89431,922.25,4
66,113.23,0.47136000000000006,0.99674,-0.059296,2,-46.5,0.89431,922.25,4
67,113.28,0.47136000000000006,0.99674,-0.059296,2,-46.5,0.89431,922.25,4
68,113.3,0.014071,0.97377,-0.18473,3,-69.5,6.2264,922.25,4
69,113.35,0.014071,0.97377,-0.18473,3,-69.5,6.2264,922.25,4
70,113.4,0.014071,0.97377,-0.18473,3,-69.5,6.2264,922.25,4
71,113.45,0.014071,0.97377,-0.18473,3,-69.5,6.2264,922.25,4
72,113.48,0.014071,0.97377,-0.18473,3,-69.5,6.2264,922.25,4
73,113.53,0.014071,0.97377,-0.18473,3,-69.5,6.2264,922.25,4
74,113.55,0.014071,0.97377,-0.18473,2,-45.0,6.274,921.25,4
75,113.6,0.014071,0.97377,-0.18473,2,-45.0,6.274,921.25,4
76,113.65,0.014071,0.97377,-0.18473,2,-45.0,6.274,921.25,4
77,113.68,0.014071,0.97377,-0.18473,2,-45.0,6.274,921.25,4
78,113.73,0.014071,0.97377,-0.18473,2,-45.0,6.274,921.25,4
79,113.78,0.014071,0.97377,-0.18473,2,-45.0,6.274,921.25,4
80,113.8,0.56517,0.82449,0.0091224,2,-46.5,1.0262,924.25,4
81,113.85,0.56517,0.82449,0.0091224,2,-46.5,1.0262,924.25,4
82,113.9,0.56517,0.82449,0.0091224,2,-46.5,1.0262,924.25,4
83,113.93,0.56517,0.82449,0.0091224,2,-46.5,1.0262,924.25,4
84,113.98,0.56517,0.82449,0.0091224,2,-46.5,1.0262,924.25,4
85,114.03,0.56517,0.82449,0.0091224,2,-46.5,1.0262,924.25,4
86,115.0,0.14305,0.99674,0.066138,1,-58.0,5.6558,920.25,4
87,115.08,0.14305,0.99674,0.066138,1,-58.0,5.6558,920.25,4
88,115.13,0.14305,0.99674,0.066138,1,-58.0,5.6558,920.25,4
89,115.15,0.14305,0.99674,0.066138,1,-58.0,5.6558,920.25,4
90,115.2,0.14305,0.99674,0.066138,1,-58.0,5.6558,920.25,4
91,115.25,0.14305,0.99674,0.066138,1,-58.0,5.6558,920.25,4
92,116.5,0.29548,0.89339,0.020525,4,-57.0,1.2425,921.75,1
93,116.58,0.29548,0.89339,0.020525,4,-57.0,1.2425,921.75,1
94,116.6,0.29548,0.89339,0.020525,4,-57.0,1.2425,921.75,1
95,116.65,0.29548,0.89339,0.020525,4,-57.0,1.2425,921.75,1
96,116.7,0.29548,0.89339,0.020525,4,-57.0,1.2425,921.75,1
97,116.73,0.29548,0.89339,0.020525,4,-57.0,1.2425,921.75,1
98,117.25,0.29548,0.89339,0.020525,1,-58.0,4.5114,923.25,1
99,117.33,0.29548,0.89339,0.020525,1,-58.0,4.5114,923.25,1
100,117.38,0.29548,0.89339,0.020525,1,-58.0,4.5114,923.25,1
101,117.4,0.29548,0.89339,0.020525,1,-58.0,4.5114,923.25,1
102,117.45,0.29548,0.89339,0.020525,1,-58.0,4.5114,923.25,1
103,117.5,0.29548,0.89339,0.020525,1,-58.0,4.5114,923.25,1
104,117.55,0.29548,0.89339,0.020525,1,-57.5,0.7639199999999999,920.25,1
105,117.58,0.29548,0.89339,0.020525,1,-57.5,0.7639199999999999,920.25,1
106,117.63,0.29548,0.89339,0.020525,1,-57.5,0.7639199999999999,920.25,1
107,117.65,0.29548,0.89339,0.020525,1,-57.5,0.7639199999999999,920.25,1
108,117.7,0.29548,0.89339,0.020525,1,-57.5,0.7639199999999999,920.25,1
109,117.75,0.29548,0.89339,0.020525,1,-57.5,0.7639199999999999,920.25,1
110,117.78,0.29548,0.89339,0.020525,1,-57.0,5.8138,921.25,1
111,117.83,0.29548,0.89339,0.020525,1,-57.0,5.8138,921.25,1
112,117.88,0.29548,0.89339,0.020525,1,-57.0,5.8138,921.25,1
113,117.9,0.29548,0.89339,0.020525,1,-57.0,5.8138,921.25,1
114,117.95,0.29548,0.89339,0.020525,1,-57.0,5.8138,921.25,1
115,118.0,0.29548,0.89339,0.020525,1,-57.0,5.8138,921.25,1
116,118.03,0.29548,0.89339,0.020525,1,-58.0,0.061359000000000004,924.25,1
117,118.08,0.29548,0.89339,0.020525,1,-58.0,0.061359000000000004,924.25,1
118,118.13,0.29548,0.89339,0.020525,1,-58.0,0.061359000000000004,924.25,1
119,118.15,0.29548,0.89339,0.020525,1,-58.0,0.061359000000000004,924.25,1
120,118.2,0.29548,0.89339,0.020525,1,-58.0,0.061359000000000004,924.25,1
121,118.23,0.29548,0.89339,0.020525,1,-58.0,0.061359000000000004,924.25,1
122,119.5,0.48308999999999996,0.92784,-0.036489999999999995,1,-57.5,4.1003,923.25,1
123,119.58,0.48308999999999996,0.92784,-0.036489999999999995,1,-57.5,4.1003,923.25,1
124,119.6,0.48308999999999996,0.92784,-0.036489999999999995,1,-57.5,4.1003,923.25,1
125,119.65,0.48308999999999996,0.92784,-0.036489999999999995,1,-57.5,4.1003,923.25,1
126,119.7,0.48308999999999996,0.92784,-0.036489999999999995,1,-57.5,4.1003,923.25,1
127,119.75,0.48308999999999996,0.92784,-0.036489999999999995,1,-57.5,4.1003,923.25,1
128,119.78,0.48308999999999996,0.92784,-0.036489999999999995,4,-56.0,0.8467600000000001,920.25,1
129,119.83,0.48308999999999996,0.92784,-0.036489999999999995,4,-56.0,0.8467600000000001,920.25,1
130,119.88,0.48308999999999996,0.92784,-0.036489999999999995,4,-56.0,0.8467600000000001,920.25,1
131,119.9,0.48308999999999996,0.92784,-0.036489999999999995,4,-56.0,0.8467600000000001,920.25,1
132,119.95,0.48308999999999996,0.92784,-0.036489999999999995,4,-56.0,0.8467600000000001,920.25,1
133,120.0,0.48308999999999996,0.92784,-0.036489999999999995,4,-56.0,0.8467600000000001,920.25,1
134,120.03,0.48308999999999996,0.92784,-0.036489999999999995,4,-55.5,5.013,922.25,1
135,120.08,0.48308999999999996,0.92784,-0.036489999999999995,4,-55.5,5.013,922.25,1
136,120.1,0.48308999999999996,0.92784,-0.036489999999999995,4,-55.5,5.013,922.25,1
137,120.15,0.48308999999999996,0.92784,-0.036489999999999995,4,-55.5,5.013,922.25,1
138,120.2,0.48308999999999996,0.92784,-0.036489999999999995,4,-55.5,5.013,922.25,1
139,120.23,0.48308999999999996,0.92784,-0.036489999999999995,4,-55.5,5.013,922.25,1
140,120.5,0.47136000000000006,0.92784,-0.036489999999999995,1,-57.5,6.277,920.75,1
141,120.58,0.47136000000000006,0.92784,-0.036489999999999995,1,-57.5,6.277,920.75,1
142,120.6,0.47136000000000006,0.92784,-0.036489999999999995,1,-57.5,6.277,920.75,1
143,120.65,0.47136000000000006,0.92784,-0.036489999999999995,1,-57.5,6.277,920.75,1
144,120.7,0.47136000000000006,0.92784,-0.036489999999999995,1,-57.5,6.277,920.75,1
145,120.73,0.47136000000000006,0.92784,-0.036489999999999995,1,-57.5,6.277,920.75,1
146,121.0,0.47136000000000006,0.92784,-0.036489999999999995,1,-58.0,5.9074,924.75,1
147,121.08,0.47136000000000006,0.92784,-0.036489999999999995,1,-58.0,5.9074,924.75,1
148,121.13,0.47136000000000006,0.92784,-0.036489999999999995,1,-58.0,5.9074,924.75,1
149,121.15,0.47136000000000006,0.92784,-0.036489999999999995,1,-58.0,5.9074,924.75,1
150,121.2,0.47136000000000006,0.92784,-0.036489999999999995,1,-58.0,5.9074,924.75,1
151,121.23,0.47136000000000006,0.92784,-0.036489999999999995,1,-58.0,5.9074,924.75,1
152,121.5,0.47136000000000006,0.92784,-0.036489999999999995,1,-57.0,5.4073,921.75,1
153,121.58,0.47136000000000006,0.92784,-0.036489999999999995,1,-57.0,5.4073,921.75,1
154,121.63,0.47136000000000006,0.92784,-0.036489999999999995,1,-57.0,5.4073,921.75,1
155,121.65,0.47136000000000006,0.92784,-0.036489999999999995,1,-57.0,5.4073,921.75,1
156,121.7,0.47136000000000006,0.92784,-0.036489999999999995,1,-57.0,5.4073,921.75,1
157,121.73,0.47136000000000006,0.92784,-0.036489999999999995,1,-57.0,5.4073,921.75,1
158,122.0,0.47136000000000006,0.92784,-0.036489999999999995,1,-58.0,0.5507,920.25,1
159,122.08,0.47136000000000006,0.92784,-0.036489999999999995,1,-58.0,0.5507,920.25,1
160,122.13,0.47136000000000006,0.92784,-0.036489999999999995,1,-58.0,0.5507,920.25,1
161,122.15,0.47136000000000006,0.92784,-0.036489999999999995,1,-58.0,0.5507,920.25,1
162,122.2,0.47136000000000006,0.92784,-0.036489999999999995,1,-58.0,0.5507,920.25,1
163,122.25,0.47136000000000006,0.92784,-0.036489999999999995,1,-58.0,0.5507,920.25,1
164,122.75,0.5534399999999999,0.9048700000000001,-0.0022806,4,-56.0,6.2234,921.25,1
165,122.83,0.5534399999999999,0.9048700000000001,-0.0022806,4,-56.0,6.2234,921.25,1
166,122.88,0.5534399999999999,0.9048700000000001,-0.0022806,4,-56.0,6.2234,921.25,1
167,122.93,0.5534399999999999,0.9048700000000001,-0.0022806,4,-56.0,6.2234,921.25,1
168,122.95,0.5534399999999999,0.9048700000000001,-0.0022806,4,-56.0,6.2234,921.25,1
169,123.0,0.5534399999999999,0.9048700000000001,-0.0022806,4,-56.0,6.2234,921.25,1
170,123.03,0.5534399999999999,0.9048700000000001,-0.0022806,1,-57.5,0.059825,924.25,1
171,123.08,0.5534399999999999,0.9048700000000001,-0.0022806,1,-57.5,0.059825,924.25,1
172,123.13,0.5534399999999999,0.9048700000000001,-0.0022806,1,-57.5,0.059825,924.25,1
173,123.15,0.5534399999999999,0.9048700000000001,-0.0022806,1,-57.5,0.059825,924.25,1
174,123.2,0.5534399999999999,0.9048700000000001,-0.0022806,1,-57.5,0.059825,924.25,1
175,123.25,0.5534399999999999,0.9048700000000001,-0.0022806,1,-57.5,0.059825,924.25,1
176,123.28,0.5534399999999999,0.9048700000000001,-0.0022806,4,-55.5,0.42491,920.75,1
177,123.33,0.5534399999999999,0.9048700000000001,-0.0022806,4,-55.5,0.42491,920.75,1
178,123.38,0.5534399999999999,0.9048700000000001,-0.0022806,4,-55.5,0.42491,920.75,1
179,123.4,0.5534399999999999,0.9048700000000001,-0.0022806,4,-55.5,0.42491,920.75,1
180,123.45,0.5534399999999999,0.9048700000000001,-0.0022806,4,-55.5,0.42491,920.75,1
181,123.5,0.5534399999999999,0.9048700000000001,-0.0022806,4,-55.5,0.42491,920.75,1
182,123.75,0.5534399999999999,0.9048700000000001,-0.0022806,4,-55.5,1.465,922.75,1
183,123.83,0.5534399999999999,0.9048700000000001,-0.0022806,4,-55.5,1.465,922.75,1
184,123.88,0.5534399999999999,0.9048700000000001,-0.0022806,4,-55.5,1.465,922.75,1
185,123.9,0.5534399999999999,0.9048700000000001,-0.0022806,4,-55.5,1.465,922.75,1
186,123.95,0.5534399999999999,0.9048700000000001,-0.0022806,4,-55.5,1.465,922.75,1
187,124.0,0.5534399999999999,0.9048700000000001,-0.0022806,4,-55.5,1.465,922.75,1
188,124.5,0.44791000000000003,0.93932,-0.025087,1,-57.0,0.93266,923.25,1
189,124.6,0.44791000000000003,0.93932,-0.025087,1,-57.0,0.93266,923.25,1
190,124.63,0.44791000000000003,0.93932,-0.025087,1,-57.0,0.93266,923.25,1
191,124.68,0.44791000000000003,0.93932,-0.025087,1,-57.0,0.93266,923.25,1
192,124.73,0.44791000000000003,0.93932,-0.025087,1,-57.0,0.93266,923.25,1
193,124.78,0.44791000000000003,0.93932,-0.025087,1,-57.0,0.93266,923.25,1
194,124.8,0.44791000000000003,0.93932,-0.025087,1,-57.5,0.51235,920.25,1
195,124.85,0.44791000000000003,0.93932,-0.025087,1,-57.5,0.51235,920.25,1
196,124.88,0.44791000000000003,0.93932,-0.025087,1,-57.5,0.51235,920.25,1
197,124.93,0.44791000000000003,0.93932,-0.025087,1,-57.5,0.51235,920.25,1
198,124.98,0.44791000000000003,0.93932,-0.025087,1,-57.5,0.51235,920.25,1
199,125.0,0.44791000000000003,0.93932,-0.025087,1,-57.5,0.51235,920.25,1
200,125.05,0.44791000000000003,0.93932,-0.025087,1,-56.5,5.8368,921.25,1
201,125.1,0.44791000000000003,0.93932,-0.025087,1,-56.5,5.8368,921.25,1
202,125.13,0.44791000000000003,0.93932,-0.025087,1,-56.5,5.8368,921.25,1
203,125.18,0.44791000000000003,0.93932,-0.025087,1,-56.5,5.8368,921.25,1
204,125.23,0.44791000000000003,0.93932,-0.025087,1,-56.5,5.8368,921.25,1
205,125.25,0.44791000000000003,0.93932,-0.025087,1,-56.5,5.8368,921.25,1
206,125.5,0.44791000000000003,0.93932,-0.025087,1,-57.0,0.084369,920.75,1
207,125.6,0.44791000000000003,0.93932,-0.025087,1,-57.0,0.084369,920.75,1
208,125.63,0.44791000000000003,0.93932,-0.025087,1,-57.0,0.084369,920.75,1
209,125.68,0.44791000000000003,0.93932,-0.025087,1,-57.0,0.084369,920.75,1
210,125.73,0.44791000000000003,0.93932,-0.025087,1,-57.0,0.084369,920.75,1
211,125.75,0.44791000000000003,0.93932,-0.025087,1,-57.0,0.084369,920.75,1
212,126.0,0.44791000000000003,0.93932,-0.025087,1,-57.5,5.9887,924.75,1
213,126.08,0.44791000000000003,0.93932,-0.025087,1,-57.5,5.9887,924.75,1
214,126.13,0.44791000000000003,0.93932,-0.025087,1,-57.5,5.9887,924.75,1
215,126.18,0.44791000000000003,0.93932,-0.025087,1,-57.5,5.9887,924.75,1
216,126.2,0.44791000000000003,0.93932,-0.025087,1,-57.5,5.9887,924.75,1
217,126.25,0.44791000000000003,0.93932,-0.025087,1,-57.5,5.9887,924.75,1
218,127.0,0.36583000000000004,0.98526,-0.082102,3,-67.0,2.1184,920.25,1
219,127.08,0.36583000000000004,0.98526,-0.082102,3,-67.0,2.1184,920.25,1
220,127.13,0.36583000000000004,0.98526,-0.082102,3,-67.0,2.1184,920.25,1
221,127.15,0.36583000000000004,0.98526,-0.082102,3,-67.0,2.1184,920.25,1
222,127.2,0.36583000000000004,0.98526,-0.082102,3,-67.0,2.1184,920.25,1
223,127.25,0.36583000000000004,0.98526,-0.082102,3,-67.0,2.1184,920.25,1
224,127.5,0.36583000000000004,0.98526,-0.082102,3,-68.0,4.7538,921.25,1
225,127.58,0.36583000000000004,0.98526,-0.082102,3,-68.0,4.7538,921.25,1
226,127.63,0.36583000000000004,0.98526,-0.082102,3,-68.0,4.7538,921.25,1
227,127.65,0.36583000000000004,0.98526,-0.082102,3,-68.0,4.7538,921.25,1
228,127.7,0.36583000000000004,0.98526,-0.082102,3,-68.0,4.7538,921.25,1
229,127.75,0.36583000000000004,0.98526,-0.082102,3,-68.0,4.7538,921.25,1
230,128.0,0.36583000000000004,0.98526,-0.082102,1,-57.5,0.026077999999999997,920.75,1
231,128.08,0.36583000000000004,0.98526,-0.082102,1,-57.5,0.026077999999999997,920.75,1
232,128.1,0.36583000000000004,0.98526,-0.082102,1,-57.5,0.026077999999999997,920.75,1
233,128.15,0.36583000000000004,0.98526,-0.082102,1,-57.5,0.026077999999999997,920.75,1
234,128.2,0.36583000000000004,0.98526,-0.082102,1,-57.5,0.026077999999999997,920.75,1
235,128.22,0.36583000000000004,0.98526,-0.082102,1,-57.5,0.026077999999999997,920.75,1
236,129.0,0.45963999999999994,0.92784,-0.025087,1,-57.5,0.49854,923.75,1
237,129.08,0.45963999999999994,0.92784,-0.025087,1,-57.5,0.49854,923.75,1
238,129.13,0.45963999999999994,0.92784,-0.025087,1,-57.5,0.49854,923.75,1
239,129.15,0.45963999999999994,0.92784,-0.025087,1,-57.5,0.49854,923.75,1
240,129.2,0.45963999999999994,0.92784,-0.025087,1,-57.5,0.49854,923.75,1
241,129.25,0.45963999999999994,0.92784,-0.025087,1,-57.5,0.49854,923.75,1
242,129.5,0.45963999999999994,0.92784,-0.025087,1,-58.0,0.52922,920.25,1
243,129.58,0.45963999999999994,0.92784,-0.025087,1,-58.0,0.52922,920.25,1
244,129.6,0.45963999999999994,0.92784,-0.025087,1,-58.0,0.52922,920.25,1
245,129.65,0.45963999999999994,0.92784,-0.025087,1,-58.0,0.52922,920.25,1
246,129.7,0.45963999999999994,0.92784,-0.025087,1,-58.0,0.52922,920.25,1
247,129.72,0.45963999999999994,0.92784,-0.025087,1,-58.0,0.52922,920.25,1
248,130.0,0.45963999999999994,0.92784,-0.025087,1,-56.5,5.869,921.25,1
249,130.08,0.45963999999999994,0.92784,-0.025087,1,-56.5,5.869,921.25,1
250,130.1,0.45963999999999994,0.92784,-0.025087,1,-56.5,5.869,921.25,1
251,130.15,0.45963999999999994,0.92784,-0.025087,1,-56.5,5.869,921.25,1
252,130.2,0.45963999999999994,0.92784,-0.025087,1,-56.5,5.869,921.25,1
253,130.22,0.45963999999999994,0.92784,-0.025087,1,-56.5,5.869,921.25,1
254,130.28,0.45963999999999994,0.92784,-0.025087,1,-57.0,0.075165,920.75,1
255,130.33,0.45963999999999994,0.92784,-0.025087,1,-57.0,0.075165,920.75,1
256,130.35,0.45963999999999994,0.92784,-0.025087,1,-57.0,0.075165,920.75,1
257,130.4,0.45963999999999994,0.92784,-0.025087,1,-57.0,0.075165,920.75,1
258,130.45,0.45963999999999994,0.92784,-0.025087,1,-57.0,0.075165,920.75,1
259,130.47,0.45963999999999994,0.92784,-0.025087,1,-57.0,0.075165,920.75,1
260,131.25,0.40101,0.96229,-0.070699,1,-57.0,0.49548000000000003,923.75,1
261,131.33,0.40101,0.96229,-0.070699,1,-57.0,0.49548000000000003,923.75,1
262,131.38,0.40101,0.96229,-0.070699,1,-57.0,0.49548000000000003,923.75,1
263,131.43,0.40101,0.96229,-0.070699,1,-57.0,0.49548000000000003,923.75,1
264,131.45,0.40101,0.96229,-0.070699,1,-57.0,0.49548000000000003,923.75,1
265,131.5,0.40101,0.96229,-0.070699,1,-57.0,0.49548000000000003,923.75,1
266,131.75,0.40101,0.96229,-0.070699,1,-57.0,4.0558,923.25,1
267,131.83,0.40101,0.96229,-0.070699,1,-57.0,4.0558,923.25,1
268,131.88,0.40101,0.96229,-0.070699,1,-57.0,4.0558,923.25,1
269,131.9,0.40101,0.96229,-0.070699,1,-57.0,4.0558,923.25,1
270,131.95,0.40101,0.96229,-0.070699,1,-57.0,4.0558,923.25,1
271,131.97,0.40101,0.96229,-0.070699,1,-57.0,4.0558,923.25,1
272,132.03,0.40101,0.96229,-0.070699,1,-57.5,0.49241,920.25,1
273,132.08,0.40101,0.96229,-0.070699,1,-57.5,0.49241,920.25,1
274,132.1,0.40101,0.96229,-0.070699,1,-57.5,0.49241,920.25,1
275,132.15,0.40101,0.96229,-0.070699,1,-57.5,0.49241,920.25,1
276,132.2,0.40101,0.96229,-0.070699,1,-57.5,0.49241,920.25,1
277,132.22,0.40101,0.96229,-0.070699,1,-57.5,0.49241,920.25,1
278,132.28,0.40101,0.96229,-0.070699,4,-56.0,6.0163,921.25,1
279,132.33,0.40101,0.96229,-0.070699,4,-56.0,6.0163,921.25,1
280,132.35,0.40101,0.96229,-0.070699,4,-56.0,6.0163,921.25,1
281,132.4,0.40101,0.96229,-0.070699,4,-56.0,6.0163,921.25,1
282,132.45,0.40101,0.96229,-0.070699,4,-56.0,6.0163,921.25,1
283,132.47,0.40101,0.96229,-0.070699,4,-56.0,6.0163,921.25,1
284,132.75,0.40101,0.96229,-0.070699,1,-57.5,0.033748,924.25,1
285,132.83,0.40101,0.96229,-0.070699,1,-57.5,0.033748,924.25,1
286,132.88,0.40101,0.96229,-0.070699,1,-57.5,0.033748,924.25,1
287,132.9,0.40101,0.96229,-0.070699,1,-57.5,0.033748,924.25,1
288,132.95,0.40101,0.96229,-0.070699,1,-57.5,0.033748,924.25,1
289,133.0,0.40101,0.96229,-0.070699,1,-57.5,0.033748,924.25,1
290,133.03,0.40101,0.96229,-0.070699,1,-57.5,0.03835,920.75,1
291,133.08,0.40101,0.96229,-0.070699,1,-57.5,0.03835,920.75,1
292,133.13,0.40101,0.96229,-0.070699,1,-57.5,0.03835,920.75,1
293,133.15,0.40101,0.96229,-0.070699,1,-57.5,0.03835,920.75,1
294,133.2,0.40101,0.96229,-0.070699,1,-57.5,0.03835,920.75,1
295,133.25,0.40101,0.96229,-0.070699,1,-57.5,0.03835,920.75,1
296,133.75,0.43618999999999997,0.93932,-0.047893,1,-57.0,0.48167,923.75,1
297,133.83,0.43618999999999997,0.93932,-0.047893,1,-57.0,0.48167,923.75,1
298,133.88,0.43618999999999997,0.93932,-0.047893,1,-57.0,0.48167,923.75,1
299,133.9,0.43618999999999997,0.93932,-0.047893,1,-57.0,0.48167,923.75,1
300,133.95,0.43618999999999997,0.93932,-0.047893,1,-57.0,0.48167,923.75,1
301,133.97,0.43618999999999997,0.93932,-0.047893,1,-57.0,0.48167,923.75,1
302,134.25,0.43618999999999997,0.93932,-0.047893,1,-58.0,0.47553,920.25,1
303,134.33,0.43618999999999997,0.93932,-0.047893,1,-58.0,0.47553,920.25,1
304,134.38,0.43618999999999997,0.93932,-0.047893,1,-58.0,0.47553,920.25,1
305,134.4,0.43618999999999997,0.93932,-0.047893,1,-58.0,0.47553,920.25,1
306,134.45,0.43618999999999997,0.93932,-0.047893,1,-58.0,0.47553,920.25,1
307,134.47,0.43618999999999997,0.93932,-0.047893,1,-58.0,0.47553,920.25,1
308,134.53,0.43618999999999997,0.93932,-0.047893,1,-56.5,4.9118,922.25,1
309,134.58,0.43618999999999997,0.93932,-0.047893,1,-56.5,4.9118,922.25,1
310,134.63,0.43618999999999997,0.93932,-0.047893,1,-56.5,4.9118,922.25,1
311,134.65,0.43618999999999997,0.93932,-0.047893,1,-56.5,4.9118,922.25,1
312,134.7,0.43618999999999997,0.93932,-0.047893,1,-56.5,4.9118,922.25,1
313,134.72,0.43618999999999997,0.93932,-0.047893,1,-56.5,4.9118,922.25,1
314,135.75,0.5534399999999999,0.9048700000000001,-0.0022806,1,-58.0,5.9626,924.75,1
315,135.83,0.5534399999999999,0.9048700000000001,-0.0022806,1,-58.0,5.9626,924.75,1
316,135.88,0.5534399999999999,0.9048700000000001,-0.0022806,1,-58.0,5.9626,924.75,1
317,135.9,0.5534399999999999,0.9048700000000001,-0.0022806,1,-58.0,5.9626,924.75,1
318,135.95,0.5534399999999999,0.9048700000000001,-0.0022806,1,-58.0,5.9626,924.75,1
319,136.0,0.5534399999999999,0.9048700000000001,-0.0022806,1,-58.0,5.9626,924.75,1
320,136.03,0.5534399999999999,0.9048700000000001,-0.0022806,4,-55.5,5.484,921.75,1
321,136.08,0.5534399999999999,0.9048700000000001,-0.0022806,4,-55.5,5.484,921.75,1
322,136.13,0.5534399999999999,0.9048700000000001,-0.0022806,4,-55.5,5.484,921.75,1
323,136.15,0.5534399999999999,0.9048700000000001,-0.0022806,4,-55.5,5.484,921.75,1
324,136.2,0.5534399999999999,0.9048700000000001,-0.0022806,4,-55.5,5.484,921.75,1
325,136.25,0.5534399999999999,0.9048700000000001,-0.0022806,4,-55.5,5.484,921.75,1
326,136.5,0.5534399999999999,0.9048700000000001,-0.0022806,1,-59.0,2.0095,925.75,1
327,136.58,0.5534399999999999,0.9048700000000001,-0.0022806,1,-59.0,2.0095,925.75,1
328,136.63,0.5534399999999999,0.9048700000000001,-0.0022806,1,-59.0,2.0095,925.75,1
329,136.68,0.5534399999999999,0.9048700000000001,-0.0022806,1,-59.0,2.0095,925.75,1
330,136.7,0.5534399999999999,0.9048700000000001,-0.0022806,1,-59.0,2.0095,925.75,1
331,136.75,0.5534399999999999,0.9048700000000001,-0.0022806,1,-59.0,2.0095,925.75,1
332,137.0,0.5534399999999999,0.9048700000000001,-0.0022806,1,-58.5,0.45558999999999994,920.25,1
333,137.08,0.5534399999999999,0.9048700000000001,-0.0022806,1,-58.5,0.45558999999999994,920.25,1
334,137.13,0.5534399999999999,0.9048700000000001,-0.0022806,1,-58.5,0.45558999999999994,920.25,1
335,137.18,0.5534399999999999,0.9048700000000001,-0.0022806,1,-58.5,0.45558999999999994,920.25,1
336,137.2,0.5534399999999999,0.9048700000000001,-0.0022806,1,-58.5,0.45558999999999994,920.25,1
337,137.25,0.5534399999999999,0.9048700000000001,-0.0022806,1,-58.5,0.45558999999999994,920.25,1
338,137.3,0.5534399999999999,0.9048700000000001,-0.0022806,1,-57.0,5.7678,921.25,1
339,137.33,0.5534399999999999,0.9048700000000001,-0.0022806,1,-57.0,5.7678,921.25,1
340,137.38,0.5534399999999999,0.9048700000000001,-0.0022806,1,-57.0,5.7678,921.25,1
341,137.4,0.5534399999999999,0.9048700000000001,-0.0022806,1,-57.0,5.7678,921.25,1
342,137.45,0.5534399999999999,0.9048700000000001,-0.0022806,1,-57.0,5.7678,921.25,1
343,137.5,0.5534399999999999,0.9048700000000001,-0.0022806,1,-57.0,5.7678,921.25,1
344,137.75,0.5534399999999999,0.9048700000000001,-0.0022806,1,-58.0,5.5607,925.25,1
345,137.83,0.5534399999999999,0.9048700000000001,-0.0022806,1,-58.0,5.5607,925.25,1
346,137.88,0.5534399999999999,0.9048700000000001,-0.0022806,1,-58.0,5.5607,925.25,1
347,137.93,0.5534399999999999,0.9048700000000001,-0.0022806,1,-58.0,5.5607,925.25,1
348,137.95,0.5534399999999999,0.9048700000000001,-0.0022806,1,-58.0,5.5607,925.25,1
349,138.0,0.5534399999999999,0.9048700000000001,-0.0022806,1,-58.0,5.5607,925.25,1
350,138.75,0.41273000000000004,0.95081,-0.059296,1,-57.5,0.46633,923.75,1
351,138.83,0.41273000000000004,0.95081,-0.059296,1,-57.5,0.46633,923.75,1
352,138.88,0.41273000000000004,0.95081,-0.059296,1,-57.5,0.46633,923.75,1
353,138.9,0.41273000000000004,0.95081,-0.059296,1,-57.5,0.46633,923.75,1
354,138.95,0.41273000000000004,0.95081,-0.059296,1,-57.5,0.46633,923.75,1
355,139.0,0.41273000000000004,0.95081,-0.059296,1,-57.5,0.46633,923.75,1
356,139.25,0.41273000000000004,0.95081,-0.059296,4,-56.0,0.8851100000000001,920.25,1
357,139.33,0.41273000000000004,0.95081,-0.059296,4,-56.0,0.8851100000000001,920.25,1
358,139.38,0.41273000000000004,0.95081,-0.059296,4,-56.0,0.8851100000000001,920.25,1
359,139.4,0.41273000000000004,0.95081,-0.059296,4,-56.0,0.8851100000000001,920.25,1
360,139.45,0.41273000000000004,0.95081,-0.059296,4,-56.0,0.8851100000000001,920.25,1
361,139.47,0.41273000000000004,0.95081,-0.059296,4,-56.0,0.8851100000000001,920.25,1
362,139.53,0.41273000000000004,0.95081,-0.059296,3,-67.5,1.1167,922.25,1
363,139.58,0.41273000000000004,0.95081,-0.059296,3,-67.5,1.1167,922.25,1
364,139.63,0.41273000000000004,0.95081,-0.059296,3,-67.5,1.1167,922.25,1
365,139.65,0.41273000000000004,0.95081,-0.059296,3,-67.5,1.1167,922.25,1
366,139.7,0.41273000000000004,0.95081,-0.059296,3,-67.5,1.1167,922.25,1
367,139.72,0.41273000000000004,0.95081,-0.059296,3,-67.5,1.1167,922.25,1
368,140.0,0.41273000000000004,0.95081,-0.059296,1,-58.0,0.003068,920.75,1
369,140.08,0.41273000000000004,0.95081,-0.059296,1,-58.0,0.003068,920.75,1
370,140.13,0.41273000000000004,0.95081,-0.059296,1,-58.0,0.003068,920.75,1
371,140.18,0.41273000000000004,0.95081,-0.059296,1,-58.0,0.003068,920.75,1
372,140.2,0.41273000000000004,0.95081,-0.059296,1,-58.0,0.003068,920.75,1
373,140.25,0.41273000000000004,0.95081,-0.059296,1,-58.0,0.003068,920.75,1
374,140.5,0.41273000000000004,0.95081,-0.059296,1,-57.0,4.3841,922.75,1
375,140.55,0.41273000000000004,0.95081,-0.059296,1,-57.0,4.3841,922.75,1
376,140.6,0.41273000000000004,0.95081,-0.059296,1,-57.0,4.3841,922.75,1
377,140.65,0.41273000000000004,0.95081,-0.059296,1,-57.0,4.3841,922.75,1
378,140.68,0.41273000000000004,0.95081,-0.059296,1,-57.0,4.3841,922.75,1
379,140.72,0.41273000000000004,0.95081,-0.059296,1,-57.0,4.3841,922.75,1
380,141.5,0.54171,0.9048700000000001,0.043332,4,-57.0,1.2732,923.25,1
381,141.58,0.54171,0.9048700000000001,0.043332,4,-57.0,1.2732,923.25,1
382,141.6,0.54171,0.9048700000000001,0.043332,4,-57.0,1.2732,923.25,1
383,141.65,0.54171,0.9048700000000001,0.043332,4,-57.0,1.2732,923.25,1
384,141.7,0.54171,0.9048700000000001,0.043332,4,-57.0,1.2732,923.25,1
385,141.75,0.54171,0.9048700000000001,0.043332,4,-57.0,1.2732,923.25,1
386,141.78,0.54171,0.9048700000000001,0.043332,1,-64.5,3.9178,920.25,1
387,141.83,0.54171,0.9048700000000001,0.043332,1,-64.5,3.9178,920.25,1
388,141.85,0.54171,0.9048700000000001,0.043332,1,-64.5,3.9178,920.25,1
389,141.9,0.54171,0.9048700000000001,0.043332,1,-64.5,3.9178,920.25,1
390,141.95,0.54171,0.9048700000000001,0.043332,1,-64.5,3.9178,920.25,1
391,142.0,0.54171,0.9048700000000001,0.043332,1,-64.5,3.9178,920.25,1
392,143.0,0.9990100000000001,0.31923,0.077541,4,-57.5,5.7647,924.75,3
393,143.08,0.9990100000000001,0.31923,0.077541,4,-57.5,5.7647,924.75,3
394,143.13,0.9990100000000001,0.31923,0.077541,4,-57.5,5.7647,924.75,3
395,143.18,0.9990100000000001,0.31923,0.077541,4,-57.5,5.7647,924.75,3
396,143.2,0.9990100000000001,0.31923,0.077541,4,-57.5,5.7647,924.75,3
397,143.25,0.9990100000000001,0.31923,0.077541,4,-57.5,5.7647,924.75,3
398,143.3,0.9990100000000001,0.31923,0.077541,3,-54.5,0.22396,922.75,3
399,143.33,0.9990100000000001,0.31923,0.077541,3,-54.5,0.22396,922.75,3
400,143.38,0.9990100000000001,0.31923,0.077541,3,-54.5,0.22396,922.75,3
401,143.43,0.9990100000000001,0.31923,0.077541,3,-54.5,0.22396,922.75,3
402,143.45,0.9990100000000001,0.31923,0.077541,3,-54.5,0.22396,922.75,3
403,143.5,0.9990100000000001,0.31923,0.077541,3,-54.5,0.22396,922.75,3
404,143.55,0.9990100000000001,0.31923,0.077541,3,-55.0,0.10737999999999999,922.75,3
405,143.58,0.9990100000000001,0.31923,0.077541,3,-55.0,0.10737999999999999,922.75,3
406,143.63,0.9990100000000001,0.31923,0.077541,3,-55.0,0.10737999999999999,922.75,3
407,143.65,0.9990100000000001,0.31923,0.077541,3,-55.0,0.10737999999999999,922.75,3
408,143.7,0.9990100000000001,0.31923,0.077541,3,-55.0,0.10737999999999999,922.75,3
409,143.75,0.9990100000000001,0.31923,0.077541,3,-55.0,0.10737999999999999,922.75,3
410,143.8,1.0342,0.16995,-0.21894,4,-66.5,5.7708,921.75,3
411,143.83,1.0342,0.16995,-0.21894,4,-66.5,5.7708,921.75,3
412,143.88,1.0342,0.16995,-0.21894,4,-66.5,5.7708,921.75,3
413,143.93,1.0342,0.16995,-0.21894,4,-66.5,5.7708,921.75,3
414,143.95,1.0342,0.16995,-0.21894,4,-66.5,5.7708,921.75,3
415,144.0,1.0342,0.16995,-0.21894,4,-66.5,5.7708,921.75,3
416,146.25,1.128,0.032152999999999994,-0.12771,4,-62.5,3.6248,923.25,3
417,146.33,1.128,0.032152999999999994,-0.12771,4,-62.5,3.6248,923.25,3
418,146.38,1.128,0.032152999999999994,-0.12771,4,-62.5,3.6248,923.25,3
419,146.43,1.128,0.032152999999999994,-0.12771,4,-62.5,3.6248,923.25,3
420,146.45,1.128,0.032152999999999994,-0.12771,4,-62.5,3.6248,923.25,3
421,146.5,1.128,0.032152999999999994,-0.12771,4,-62.5,3.6248,923.25,3
422,149.25,1.1514,0.043636,-0.12771,4,-62.5,1.3591,922.25,3
423,149.33,1.1514,0.043636,-0.12771,4,-62.5,1.3591,922.25,3
424,149.38,1.1514,0.043636,-0.12771,4,-62.5,1.3591,922.25,3
425,149.43,1.1514,0.043636,-0.12771,4,-62.5,1.3591,922.25,3
426,149.45,1.1514,0.043636,-0.12771,4,-62.5,1.3591,922.25,3
427,149.5,1.1514,0.043636,-0.12771,4,-62.5,1.3591,922.25,3
428,152.25,1.1045,0.05511900000000001,-0.16192,4,-64.0,5.9181,920.75,3
429,152.33,1.1045,0.05511900000000001,-0.16192,4,-64.0,5.9181,920.75,3
430,152.38,1.1045,0.05511900000000001,-0.16192,4,-64.0,5.9181,920.75,3
431,152.4,1.1045,0.05511900000000001,-0.16192,4,-64.0,5.9181,920.75,3
432,152.45,1.1045,0.05511900000000001,-0.16192,4,-64.0,5.9181,920.75,3
433,152.5,1.1045,0.05511900000000001,-0.16192,4,-64.0,5.9181,920.75,3
434,153.0,1.1045,0.05511900000000001,-0.16192,3,-59.5,1.2548,922.75,3
435,153.08,1.1045,0.05511900000000001,-0.16192,3,-59.5,1.2548,922.75,3
436,153.13,1.1045,0.05511900000000001,-0.16192,3,-59.5,1.2548,922.75,3
437,153.18,1.1045,0.05511900000000001,-0.16192,3,-59.5,1.2548,922.75,3
438,153.22,1.1045,0.05511900000000001,-0.16192,3,-59.5,1.2548,922.75,3
439,153.25,1.1045,0.05511900000000001,-0.16192,3,-59.5,1.2548,922.75,3
440,153.3,1.1045,0.05511900000000001,-0.16192,3,-60.0,0.64887,923.75,3
441,153.33,1.1045,0.05511900000000001,-0.16192,3,-60.0,0.64887,923.75,3
442,153.38,1.1045,0.05511900000000001,-0.16192,3,-60.0,0.64887,923.75,3
443,153.43,1.1045,0.05511900000000001,-0.16192,3,-60.0,0.64887,923.75,3
444,153.47,1.1045,0.05511900000000001,-0.16192,3,-60.0,0.64887,923.75,3
445,153.5,1.1045,0.05511900000000001,-0.16192,3,-60.0,0.64887,923.75,3
446,154.5,1.1163,0.066602,-0.13912,1,-66.5,1.5064,924.25,3
447,154.58,1.1163,0.066602,-0.13912,1,-66.5,1.5064,924.25,3
448,154.63,1.1163,0.066602,-0.13912,1,-66.5,1.5064,924.25,3
449,154.65,1.1163,0.066602,-0.13912,1,-66.5,1.5064,924.25,3
450,154.7,1.1163,0.066602,-0.13912,1,-66.5,1.5064,924.25,3
451,154.75,1.1163,0.066602,-0.13912,1,-66.5,1.5064,924.25,3
452,155.5,1.1163,0.043636,-0.13912,4,-62.5,4.9885,921.75,3
453,155.58,1.1163,0.043636,-0.13912,4,-62.5,4.9885,921.75,3
454,155.63,1.1163,0.043636,-0.13912,4,-62.5,4.9885,921.75,3
455,155.65,1.1163,0.043636,-0.13912,4,-62.5,4.9885,921.75,3
456,155.7,1.1163,0.043636,-0.13912,4,-62.5,4.9885,921.75,3
457,155.75,1.1163,0.043636,-0.13912,4,-62.5,4.9885,921.75,3
458,157.75,1.1163,0.066602,-0.15052000000000001,4,-62.0,3.9776,922.75,3
459,157.83,1.1163,0.066602,-0.15052000000000001,4,-62.0,3.9776,922.75,3
460,157.88,1.1163,0.066602,-0.15052000000000001,4,-62.0,3.9776,922.75,3
461,157.9,1.1163,0.066602,-0.15052000000000001,4,-62.0,3.9776,922.75,3
462,157.95,1.1163,0.066602,-0.15052000000000001,4,-62.0,3.9776,922.75,3
463,158.0,1.1163,0.066602,-0.15052000000000001,4,-62.0,3.9776,922.75,3
464,159.0,1.128,0.05511900000000001,-0.13912,3,-59.0,5.2309,921.25,3
465,159.08,1.128,0.05511900000000001,-0.13912,3,-59.0,5.2309,921.25,3
466,159.13,1.128,0.05511900000000001,-0.13912,3,-59.0,5.2309,921.25,3
467,159.15,1.128,0.05511900000000001,-0.13912,3,-59.0,5.2309,921.25,3
468,159.2,1.128,0.05511900000000001,-0.13912,3,-59.0,5.2309,921.25,3
469,159.25,1.128,0.05511900000000001,-0.13912,3,-59.0,5.2309,921.25,3
470,159.5,1.128,0.05511900000000001,-0.13912,4,-64.0,2.7872,920.75,3
471,159.58,1.128,0.05511900000000001,-0.13912,4,-64.0,2.7872,920.75,3
472,159.63,1.128,0.05511900000000001,-0.13912,4,-64.0,2.7872,920.75,3
473,159.65,1.128,0.05511900000000001,-0.13912,4,-64.0,2.7872,920.75,3
474,159.7,1.128,0.05511900000000001,-0.13912,4,-64.0,2.7872,920.75,3
475,159.75,1.128,0.05511900000000001,-0.13912,4,-64.0,2.7872,920.75,3
476,162.0,1.3273,-0.01378,-0.059296,3,-61.0,5.9825,925.25,3
477,162.08,1.3273,-0.01378,-0.059296,3,-61.0,5.9825,925.25,3
478,162.13,1.3273,-0.01378,-0.059296,3,-61.0,5.9825,925.25,3
479,162.15,1.3273,-0.01378,-0.059296,3,-61.0,5.9825,925.25,3
480,162.2,1.3273,-0.01378,-0.059296,3,-61.0,5.9825,925.25,3
481,162.25,1.3273,-0.01378,-0.059296,3,-61.0,5.9825,925.25,3
482,162.75,1.3273,-0.01378,-0.059296,3,-59.0,1.7948,921.75,3
483,162.83,1.3273,-0.01378,-0.059296,3,-59.0,1.7948,921.75,3
484,162.88,1.3273,-0.01378,-0.059296,3,-59.0,1.7948,921.75,3
485,162.9,1.3273,-0.01378,-0.059296,3,-59.0,1.7948,921.75,3
486,162.95,1.3273,-0.01378,-0.059296,3,-59.0,1.7948,921.75,3
487,162.98,1.3273,-0.01378,-0.059296,3,-59.0,1.7948,921.75,3
488,163.03,1.3273,-0.01378,-0.059296,3,-60.0,0.58905,923.75,3
489,163.08,1.3273,-0.01378,-0.059296,3,-60.0,0.58905,923.75,3
490,163.13,1.3273,-0.01378,-0.059296,3,-60.0,0.58905,923.75,3
491,163.15,1.3273,-0.01378,-0.059296,3,-60.0,0.58905,923.75,3
492,163.2,1.3273,-0.01378,-0.059296,3,-60.0,0.58905,923.75,3
493,163.25,1.3273,-0.01378,-0.059296,3,-60.0,0.58905,923.75,3
494,164.25,1.2452,-0.01378,-0.09350499999999999,3,-60.5,0.28991999999999996,924.25,3
495,164.33,1.2452,-0.01378,-0.09350499999999999,3,-60.5,0.28991999999999996,924.25,3
496,164.38,1.2452,-0.01378,-0.09350499999999999,3,-60.5,0.28991999999999996,924.25,3
497,164.4,1.2452,-0.01378,-0.09350499999999999,3,-60.5,0.28991999999999996,924.25,3
498,164.45,1.2452,-0.01378,-0.09350499999999999,3,-60.5,0.28991999999999996,924.25,3
499,164.5,1.2452,-0.01378,-0.09350499999999999,3,-60.5,0.28991999999999996,924.25,3
500,166.0,1.2921,-0.025263,-0.070699,4,-65.0,0.10278,920.25,3
501,166.08,1.2921,-0.025263,-0.070699,4,-65.0,0.10278,920.25,3
502,166.13,1.2921,-0.025263,-0.070699,4,-65.0,0.10278,920.25,3
503,166.15,1.2921,-0.025263,-0.070699,4,-65.0,0.10278,920.25,3
504,166.2,1.2921,-0.025263,-0.070699,4,-65.0,0.10278,920.25,3
505,166.25,1.2921,-0.025263,-0.070699,4,-65.0,0.10278,920.25,3
506,166.5,1.2921,-0.025263,-0.070699,4,-63.0,5.441,921.25,3
507,166.58,1.2921,-0.025263,-0.070699,4,-63.0,5.441,921.25,3
508,166.63,1.2921,-0.025263,-0.070699,4,-63.0,5.441,921.25,3
509,166.68,1.2921,-0.025263,-0.070699,4,-63.0,5.441,921.25,3
510,166.7,1.2921,-0.025263,-0.070699,4,-63.0,5.441,921.25,3
511,166.75,1.2921,-0.025263,-0.070699,4,-63.0,5.441,921.25,3
512,167.75,1.1749,0.05511900000000001,-0.12771,3,-59.0,4.875,921.75,3
513,167.83,1.1749,0.05511900000000001,-0.12771,3,-59.0,4.875,921.75,3
514,167.85,1.1749,0.05511900000000001,-0.12771,3,-59.0,4.875,921.75,3
515,167.9,1.1749,0.05511900000000001,-0.12771,3,-59.0,4.875,921.75,3
516,167.95,1.1749,0.05511900000000001,-0.12771,3,-59.0,4.875,921.75,3
517,168.0,1.1749,0.05511900000000001,-0.12771,3,-59.0,4.875,921.75,3
518,172.25,1.2570000000000001,-0.0022965999999999998,-0.082102,3,-59.5,4.2614,922.75,3
519,172.33,1.2570000000000001,-0.0022965999999999998,-0.082102,3,-59.5,4.2614,922.75,3
520,172.38,1.2570000000000001,-0.0022965999999999998,-0.082102,3,-59.5,4.2614,922.75,3
521,172.43,1.2570000000000001,-0.0022965999999999998,-0.082102,3,-59.5,4.2614,922.75,3
522,172.48,1.2570000000000001,-0.0022965999999999998,-0.082102,3,-59.5,4.2614,922.75,3
523,172.5,1.2570000000000001,-0.0022965999999999998,-0.082102,3,-59.5,4.2614,922.75,3
524,173.25,1.1749,0.043636,-0.12771,3,-59.5,5.711,920.25,3
525,173.33,1.1749,0.043636,-0.12771,3,-59.5,5.711,920.25,3
526,173.38,1.1749,0.043636,-0.12771,3,-59.5,5.711,920.25,3
527,173.43,1.1749,0.043636,-0.12771,3,-59.5,5.711,920.25,3
528,173.45,1.1749,0.043636,-0.12771,3,-59.5,5.711,920.25,3
529,173.5,1.1749,0.043636,-0.12771,3,-59.5,5.711,920.25,3
530,174.0,1.1749,0.043636,-0.12771,4,-64.5,5.8951,920.75,3
531,174.08,1.1749,0.043636,-0.12771,4,-64.5,5.8951,920.75,3
532,174.13,1.1749,0.043636,-0.12771,4,-64.5,5.8951,920.75,3
533,174.15,1.1749,0.043636,-0.12771,4,-64.5,5.8951,920.75,3
534,174.2,1.1749,0.043636,-0.12771,4,-64.5,5.8951,920.75,3
535,174.25,1.1749,0.043636,-0.12771,4,-64.5,5.8951,920.75,3
536,178.25,1.2452,-0.025263,-0.082102,4,-62.0,1.3177,922.25,3
537,178.33,1.2452,-0.025263,-0.082102,4,-62.0,1.3177,922.25,3
538,178.38,1.2452,-0.025263,-0.082102,4,-62.0,1.3177,922.25,3
539,178.43,1.2452,-0.025263,-0.082102,4,-62.0,1.3177,922.25,3
540,178.45,1.2452,-0.025263,-0.082102,4,-62.0,1.3177,922.25,3
541,178.5,1.2452,-0.025263,-0.082102,4,-62.0,1.3177,922.25,3
542,181.5,1.2804,-0.0022965999999999998,-0.070699,3,-62.5,5.9626,925.25,3
543,181.6,1.2804,-0.0022965999999999998,-0.070699,3,-62.5,5.9626,925.25,3
544,181.65,1.2804,-0.0022965999999999998,-0.070699,3,-62.5,5.9626,925.25,3
545,181.7,1.2804,-0.0022965999999999998,-0.070699,3,-62.5,5.9626,925.25,3
546,181.73,1.2804,-0.0022965999999999998,-0.070699,3,-62.5,5.9626,925.25,3
547,181.78,1.2804,-0.0022965999999999998,-0.070699,3,-62.5,5.9626,925.25,3
548,183.75,1.1632,0.05511900000000001,-0.082102,3,-60.0,5.484,920.75,3
549,183.83,1.1632,0.05511900000000001,-0.082102,3,-60.0,5.484,920.75,3
550,183.88,1.1632,0.05511900000000001,-0.082102,3,-60.0,5.484,920.75,3
551,183.93,1.1632,0.05511900000000001,-0.082102,3,-60.0,5.484,920.75,3
552,183.98,1.1632,0.05511900000000001,-0.082102,3,-60.0,5.484,920.75,3
553,184.0,1.1632,0.05511900000000001,-0.082102,3,-60.0,5.484,920.75,3
554,184.5,1.1632,0.05511900000000001,-0.082102,3,-60.0,1.0293,922.75,3
555,184.58,1.1632,0.05511900000000001,-0.082102,3,-60.0,1.0293,922.75,3
556,184.63,1.1632,0.05511900000000001,-0.082102,3,-60.0,1.0293,922.75,3
557,184.65,1.1632,0.05511900000000001,-0.082102,3,-60.0,1.0293,922.75,3
558,184.7,1.1632,0.05511900000000001,-0.082102,3,-60.0,1.0293,922.75,3
559,184.75,1.1632,0.05511900000000001,-0.082102,3,-60.0,1.0293,922.75,3
560,186.0,1.2101,0.032152999999999994,-0.10490999999999999,3,-59.0,5.013,921.25,3
561,186.08,1.2101,0.032152999999999994,-0.10490999999999999,3,-59.0,5.013,921.25,3
562,186.13,1.2101,0.032152999999999994,-0.10490999999999999,3,-59.0,5.013,921.25,3
563,186.15,1.2101,0.032152999999999994,-0.10490999999999999,3,-59.0,5.013,921.25,3
564,186.2,1.2101,0.032152999999999994,-0.10490999999999999,3,-59.0,5.013,921.25,3
565,186.25,1.2101,0.032152999999999994,-0.10490999999999999,3,-59.0,5.013,921.25,3
566,192.0,1.1866,0.05511900000000001,-0.10490999999999999,4,-62.0,1.6966,921.75,3
567,192.08,1.1866,0.05511900000000001,-0.10490999999999999,4,-62.0,1.6966,921.75,3
568,192.13,1.1866,0.05511900000000001,-0.10490999999999999,4,-62.0,1.6966,921.75,3
569,192.15,1.1866,0.05511900000000001,-0.10490999999999999,4,-62.0,1.6966,921.75,3
570,192.2,1.1866,0.05511900000000001,-0.10490999999999999,4,-62.0,1.6966,921.75,3
571,192.25,1.1866,0.05511900000000001,-0.10490999999999999,4,-62.0,1.6966,921.75,3
572,196.25,1.2335,0.0091865,-0.09350499999999999,3,-59.5,5.257000000000001,920.75,3
573,196.33,1.2335,0.0091865,-0.09350499999999999,3,-59.5,5.257000000000001,920.75,3
574,196.38,1.2335,0.0091865,-0.09350499999999999,3,-59.5,5.257000000000001,920.75,3
575,196.43,1.2335,0.0091865,-0.09350499999999999,3,-59.5,5.257000000000001,920.75,3
576,196.45,1.2335,0.0091865,-0.09350499999999999,3,-59.5,5.257000000000001,920.75,3
577,196.5,1.2335,0.0091865,-0.09350499999999999,3,-59.5,5.257000000000001,920.75,3
578,198.25,1.1866,0.032152999999999994,-0.10490999999999999,4,-62.5,2.1123,921.25,3
579,198.33,1.1866,0.032152999999999994,-0.10490999999999999,4,-62.5,2.1123,921.25,3
580,198.38,1.1866,0.032152999999999994,-0.10490999999999999,4,-62.5,2.1123,921.25,3
581,198.4,1.1866,0.032152999999999994,-0.10490999999999999,4,-62.5,2.1123,921.25,3
582,198.45,1.1866,0.032152999999999994,-0.10490999999999999,4,-62.5,2.1123,921.25,3
583,198.5,1.1866,0.032152999999999994,-0.10490999999999999,4,-62.5,2.1123,921.25,3
584,199.0,1.1866,0.032152999999999994,-0.10490999999999999,4,-61.5,0.65961,922.75,3
585,199.08,1.1866,0.032152999999999994,-0.10490999999999999,4,-61.5,0.65961,922.75,3
586,199.13,1.1866,0.032152999999999994,-0.10490999999999999,4,-61.5,0.65961,922.75,3
587,199.15,1.1866,0.032152999999999994,-0.10490999999999999,4,-61.5,0.65961,922.75,3
588,199.2,1.1866,0.032152999999999994,-0.10490999999999999,4,-61.5,0.65961,922.75,3
589,199.25,1.1866,0.032152999999999994,-0.10490999999999999,4,-61.5,0.65961,922.75,3
590,201.0,1.2218,0.1355,-0.15052000000000001,4,-68.0,4.7691,925.25,3
591,201.08,1.2218,0.1355,-0.15052000000000001,4,-68.0,4.7691,925.25,3
592,201.13,1.2218,0.1355,-0.15052000000000001,4,-68.0,4.7691,925.25,3
593,201.15,1.2218,0.1355,-0.15052000000000001,4,-68.0,4.7691,925.25,3
594,201.2,1.2218,0.1355,-0.15052000000000001,4,-68.0,4.7691,925.25,3
595,201.25,1.2218,0.1355,-0.15052000000000001,4,-68.0,4.7691,925.25,3
596,201.5,0.88175,0.46851000000000004,0.08894400000000001,1,-58.0,4.4961,922.75,1
597,201.58,0.88175,0.46851000000000004,0.08894400000000001,1,-58.0,4.4961,922.75,1
598,201.63,0.88175,0.46851000000000004,0.08894400000000001,1,-58.0,4.4961,922.75,1
599,201.65,0.88175,0.46851000000000004,0.08894400000000001,1,-58.0,4.4961,922.75,1
600,201.7,0.88175,0.46851000000000004,0.08894400000000001,1,-58.0,4.4961,922.75,1
601,201.75,0.88175,0.46851000000000004,0.08894400000000001,1,-58.0,4.4961,922.75,1
602,201.8,0.88175,0.46851000000000004,0.08894400000000001,1,-60.0,1.4880000000000002,921.75,1
603,201.83,0.88175,0.46851000000000004,0.08894400000000001,1,-60.0,1.4880000000000002,921.75,1
604,201.88,0.88175,0.46851000000000004,0.08894400000000001,1,-60.0,1.4880000000000002,921.75,1
605,201.9,0.88175,0.46851000000000004,0.08894400000000001,1,-60.0,1.4880000000000002,921.75,1
606,201.95,0.88175,0.46851000000000004,0.08894400000000001,1,-60.0,1.4880000000000002,921.75,1
607,202.0,0.88175,0.46851000000000004,0.08894400000000001,1,-60.0,1.4880000000000002,921.75,1
608,202.05,0.88175,0.46851000000000004,0.08894400000000001,4,-58.5,1.8745,923.75,1
609,202.08,0.88175,0.46851000000000004,0.08894400000000001,4,-58.5,1.8745,923.75,1
610,202.13,0.88175,0.46851000000000004,0.08894400000000001,4,-58.5,1.8745,923.75,1
611,202.18,0.88175,0.46851000000000004,0.08894400000000001,4,-58.5,1.8745,923.75,1
612,202.2,0.88175,0.46851000000000004,0.08894400000000001,4,-58.5,1.8745,923.75,1
613,202.25,0.88175,0.46851000000000004,0.08894400000000001,4,-58.5,1.8745,923.75,1
614,202.5,0.88175,0.46851000000000004,0.08894400000000001,1,-65.5,5.6328,920.25,1
615,202.58,0.88175,0.46851000000000004,0.08894400000000001,1,-65.5,5.6328,920.25,1
616,202.63,0.88175,0.46851000000000004,0.08894400000000001,1,-65.5,5.6328,920.25,1
617,202.65,0.88175,0.46851000000000004,0.08894400000000001,1,-65.5,5.6328,920.25,1
618,202.7,0.88175,0.46851000000000004,0.08894400000000001,1,-65.5,5.6328,920.25,1
619,202.73,0.88175,0.46851000000000004,0.08894400000000001,1,-65.5,5.6328,920.25,1
620,203.25,0.88175,0.46851000000000004,0.08894400000000001,4,-56.5,0.12272000000000001,920.75,1
621,203.33,0.88175,0.46851000000000004,0.08894400000000001,4,-56.5,0.12272000000000001,920.75,1
622,203.38,0.88175,0.46851000000000004,0.08894400000000001,4,-56.5,0.12272000000000001,920.75,1
623,203.4,0.88175,0.46851000000000004,0.08894400000000001,4,-56.5,0.12272000000000001,920.75,1
624,203.45,0.88175,0.46851000000000004,0.08894400000000001,4,-56.5,0.12272000000000001,920.75,1
625,203.48,0.88175,0.46851000000000004,0.08894400000000001,4,-56.5,0.12272000000000001,920.75,1
626,204.25,0.34238,0.93932,-0.025087,1,-59.5,5.0422,921.75,1
627,204.33,0.34238,0.93932,-0.025087,1,-59.5,5.0422,921.75,1
628,204.35,0.34238,0.93932,-0.025087,1,-59.5,5.0422,921.75,1
629,204.4,0.34238,0.93932,-0.025087,1,-59.5,5.0422,921.75,1
630,204.45,0.34238,0.93932,-0.025087,1,-59.5,5.0422,921.75,1
631,204.48,0.34238,0.93932,-0.025087,1,-59.5,5.0422,921.75,1
632,205.0,0.34238,0.93932,-0.025087,1,-61.0,0.018408,920.25,1
633,205.08,0.34238,0.93932,-0.025087,1,-61.0,0.018408,920.25,1
634,205.13,0.34238,0.93932,-0.025087,1,-61.0,0.018408,920.25,1
635,205.18,0.34238,0.93932,-0.025087,1,-61.0,0.018408,920.25,1
636,205.2,0.34238,0.93932,-0.025087,1,-61.0,0.018408,920.25,1
637,205.25,0.34238,0.93932,-0.025087,1,-61.0,0.018408,920.25,1
638,205.28,0.34238,0.93932,-0.025087,1,-59.5,4.5406,922.25,1
639,205.33,0.34238,0.93932,-0.025087,1,-59.5,4.5406,922.25,1
640,205.38,0.34238,0.93932,-0.025087,1,-59.5,4.5406,922.25,1
641,205.4,0.34238,0.93932,-0.025087,1,-59.5,4.5406,922.25,1
642,205.45,0.34238,0.93932,-0.025087,1,-59.5,4.5406,922.25,1
643,205.5,0.34238,0.93932,-0.025087,1,-59.5,4.5406,922.25,1
644,205.53,0.34238,0.93932,-0.025087,4,-57.0,1.4481,924.25,1
645,205.58,0.34238,0.93932,-0.025087,4,-57.0,1.4481,924.25,1
646,205.63,0.34238,0.93932,-0.025087,4,-57.0,1.4481,924.25,1
647,205.65,0.34238,0.93932,-0.025087,4,-57.0,1.4481,924.25,1
648,205.7,0.34238,0.93932,-0.025087,4,-57.0,1.4481,924.25,1
649,205.75,0.34238,0.93932,-0.025087,4,-57.0,1.4481,924.25,1
650,206.25,0.45963999999999994,0.92784,-0.0022806,4,-58.0,0.7639199999999999,924.75,1
651,206.33,0.45963999999999994,0.92784,-0.0022806,4,-58.0,0.7639199999999999,924.75,1
652,206.38,0.45963999999999994,0.92784,-0.0022806,4,-58.0,0.7639199999999999,924.75,1
653,206.4,0.45963999999999994,0.92784,-0.0022806,4,-58.0,0.7639199999999999,924.75,1
654,206.45,0.45963999999999994,0.92784,-0.0022806,4,-58.0,0.7639199999999999,924.75,1
655,206.5,0.45963999999999994,0.92784,-0.0022806,4,-58.0,0.7639199999999999,924.75,1
656,206.53,0.45963999999999994,0.92784,-0.0022806,1,-60.0,4.7584,921.75,1
657,206.58,0.45963999999999994,0.92784,-0.0022806,1,-60.0,4.7584,921.75,1
658,206.63,0.45963999999999994,0.92784,-0.0022806,1,-60.0,4.7584,921.75,1
659,206.65,0.45963999999999994,0.92784,-0.0022806,1,-60.0,4.7584,921.75,1
660,206.7,0.45963999999999994,0.92784,-0.0022806,1,-60.0,4.7584,921.75,1
661,206.75,0.45963999999999994,0.92784,-0.0022806,1,-60.0,4.7584,921.75,1
662,207.0,0.45963999999999994,0.92784,-0.0022806,3,-61.0,0.51542,925.75,1
663,207.08,0.45963999999999994,0.92784,-0.0022806,3,-61.0,0.51542,925.75,1
664,207.13,0.45963999999999994,0.92784,-0.0022806,3,-61.0,0.51542,925.75,1
665,207.15,0.45963999999999994,0.92784,-0.0022806,3,-61.0,0.51542,925.75,1
666,207.2,0.45963999999999994,0.92784,-0.0022806,3,-61.0,0.51542,925.75,1
667,207.23,0.45963999999999994,0.92784,-0.0022806,3,-61.0,0.51542,925.75,1
668,207.28,0.45963999999999994,0.92784,-0.0022806,4,-56.5,5.2324,923.25,1
669,207.33,0.45963999999999994,0.92784,-0.0022806,4,-56.5,5.2324,923.25,1
670,207.38,0.45963999999999994,0.92784,-0.0022806,4,-56.5,5.2324,923.25,1
671,207.4,0.45963999999999994,0.92784,-0.0022806,4,-56.5,5.2324,923.25,1
672,207.45,0.45963999999999994,0.92784,-0.0022806,4,-56.5,5.2324,923.25,1
673,207.48,0.45963999999999994,0.92784,-0.0022806,4,-56.5,5.2324,923.25,1
674,208.0,0.40101,0.97377,-0.059296,4,-57.0,1.2349,924.25,1
675,208.08,0.40101,0.97377,-0.059296,4,-57.0,1.2349,924.25,1
676,208.13,0.40101,0.97377,-0.059296,4,-57.0,1.2349,924.25,1
677,208.15,0.40101,0.97377,-0.059296,4,-57.0,1.2349,924.25,1
678,208.2,0.40101,0.97377,-0.059296,4,-57.0,1.2349,924.25,1
679,208.25,0.40101,0.97377,-0.059296,4,-57.0,1.2349,924.25,1
680,208.28,0.40101,0.97377,-0.059296,1,-61.0,5.4993,920.75,1
681,208.33,0.40101,0.97377,-0.059296,1,-61.0,5.4993,920.75,1
682,208.38,0.40101,0.97377,-0.059296,1,-61.0,5.4993,920.75,1
683,208.4,0.40101,0.97377,-0.059296,1,-61.0,5.4993,920.75,1
684,208.45,0.40101,0.97377,-0.059296,1,-61.0,5.4993,920.75,1
685,208.5,0.40101,0.97377,-0.059296,1,-61.0,5.4993,920.75,1
686,208.53,0.40101,0.97377,-0.059296,3,-60.5,1.2333,924.75,1
687,208.58,0.40101,0.97377,-0.059296,3,-60.5,1.2333,924.75,1
688,208.63,0.40101,0.97377,-0.059296,3,-60.5,1.2333,924.75,1
689,208.65,0.40101,0.97377,-0.059296,3,-60.5,1.2333,924.75,1
690,208.7,0.40101,0.97377,-0.059296,3,-60.5,1.2333,924.75,1
691,208.75,0.40101,0.97377,-0.059296,3,-60.5,1.2333,924.75,1
692,209.0,0.45963999999999994,0.93932,-0.013684,1,-59.5,4.7262,921.75,1
693,209.08,0.45963999999999994,0.93932,-0.013684,1,-59.5,4.7262,921.75,1
694,209.13,0.45963999999999994,0.93932,-0.013684,1,-59.5,4.7262,921.75,1
695,209.18,0.45963999999999994,0.93932,-0.013684,1,-59.5,4.7262,921.75,1
696,209.23,0.45963999999999994,0.93932,-0.013684,1,-59.5,4.7262,921.75,1
697,209.28,0.45963999999999994,0.93932,-0.013684,1,-59.5,4.7262,921.75,1
698,209.5,0.45963999999999994,0.93932,-0.013684,4,-56.0,5.2815,923.25,1
699,209.58,0.45963999999999994,0.93932,-0.013684,4,-56.0,5.2815,923.25,1
700,209.63,0.45963999999999994,0.93932,-0.013684,4,-56.0,5.2815,923.25,1
701,209.68,0.45963999999999994,0.93932,-0.013684,4,-56.0,5.2815,923.25,1
702,209.73,0.45963999999999994,0.93932,-0.013684,4,-56.0,5.2815,923.25,1
703,209.75,0.45963999999999994,0.93932,-0.013684,4,-56.0,5.2815,923.25,1
704,210.0,0.45963999999999994,0.93932,-0.013684,1,-59.5,4.3412,922.25,1
705,210.08,0.45963999999999994,0.93932,-0.013684,1,-59.5,4.3412,922.25,1
706,210.13,0.45963999999999994,0.93932,-0.013684,1,-59.5,4.3412,922.25,1
707,210.18,0.45963999999999994,0.93932,-0.013684,1,-59.5,4.3412,922.25,1
708,210.2,0.45963999999999994,0.93932,-0.013684,1,-59.5,4.3412,922.25,1
709,210.25,0.45963999999999994,0.93932,-0.013684,1,-59.5,4.3412,922.25,1
710,210.5,0.44791000000000003,0.92784,-0.0022806,1,-60.0,2.5955,924.25,1
711,210.58,0.44791000000000003,0.92784,-0.0022806,1,-60.0,2.5955,924.25,1
712,210.63,0.44791000000000003,0.92784,-0.0022806,1,-60.0,2.5955,924.25,1
713,210.65,0.44791000000000003,0.92784,-0.0022806,1,-60.0,2.5955,924.25,1
714,210.7,0.44791000000000003,0.92784,-0.0022806,1,-60.0,2.5955,924.25,1
715,210.75,0.44791000000000003,0.92784,-0.0022806,1,-60.0,2.5955,924.25,1
716,211.5,0.61207,0.8704200000000001,0.043332,1,-60.5,6.1436,923.75,1
717,211.58,0.61207,0.8704200000000001,0.043332,1,-60.5,6.1436,923.75,1
718,211.6,0.61207,0.8704200000000001,0.043332,1,-60.5,6.1436,923.75,1
719,211.65,0.61207,0.8704200000000001,0.043332,1,-60.5,6.1436,923.75,1
720,211.68,0.61207,0.8704200000000001,0.043332,1,-60.5,6.1436,923.75,1
721,211.73,0.61207,0.8704200000000001,0.043332,1,-60.5,6.1436,923.75,1
722,212.03,0.61207,0.8704200000000001,0.043332,1,-60.0,0.35281999999999997,923.25,1
723,212.08,0.61207,0.8704200000000001,0.043332,1,-60.0,0.35281999999999997,923.25,1
724,212.13,0.61207,0.8704200000000001,0.043332,1,-60.0,0.35281999999999997,923.25,1
725,212.18,0.61207,0.8704200000000001,0.043332,1,-60.0,0.35281999999999997,923.25,1
726,212.2,0.61207,0.8704200000000001,0.043332,1,-60.0,0.35281999999999997,923.25,1
727,212.25,0.61207,0.8704200000000001,0.043332,1,-60.0,0.35281999999999997,923.25,1
728,212.5,0.61207,0.8704200000000001,0.043332,1,-61.0,6.1421,920.25,1
729,212.58,0.61207,0.8704200000000001,0.043332,1,-61.0,6.1421,920.25,1
730,212.63,0.61207,0.8704200000000001,0.043332,1,-61.0,6.1421,920.25,1
731,212.65,0.61207,0.8704200000000001,0.043332,1,-61.0,6.1421,920.25,1
732,212.7,0.61207,0.8704200000000001,0.043332,1,-61.0,6.1421,920.25,1
733,212.75,0.61207,0.8704200000000001,0.043332,1,-61.0,6.1421,920.25,1
734,212.78,0.61207,0.8704200000000001,0.043332,1,-59.5,5.303,921.25,1
735,212.83,0.61207,0.8704200000000001,0.043332,1,-59.5,5.303,921.25,1
736,212.88,0.61207,0.8704200000000001,0.043332,1,-59.5,5.303,921.25,1
737,212.9,0.61207,0.8704200000000001,0.043332,1,-59.5,5.303,921.25,1
738,212.95,0.61207,0.8704200000000001,0.043332,1,-59.5,5.303,921.25,1
739,212.98,0.61207,0.8704200000000001,0.043332,1,-59.5,5.303,921.25,1
740,213.75,0.43618999999999997,0.92784,-0.0022806,1,-59.5,4.0083,922.75,1
741,213.83,0.43618999999999997,0.92784,-0.0022806,1,-59.5,4.0083,922.75,1
742,213.88,0.43618999999999997,0.92784,-0.0022806,1,-59.5,4.0083,922.75,1
743,213.9,0.43618999999999997,0.92784,-0.0022806,1,-59.5,4.0083,922.75,1
744,213.95,0.43618999999999997,0.92784,-0.0022806,1,-59.5,4.0083,922.75,1
745,214.0,0.43618999999999997,0.92784,-0.0022806,1,-59.5,4.0083,922.75,1
746,214.03,0.43618999999999997,0.92784,-0.0022806,4,-56.5,4.8735,923.75,1
747,214.08,0.43618999999999997,0.92784,-0.0022806,4,-56.5,4.8735,923.75,1
748,214.13,0.43618999999999997,0.92784,-0.0022806,4,-56.5,4.8735,923.75,1
749,214.15,0.43618999999999997,0.92784,-0.0022806,4,-56.5,4.8735,923.75,1
750,214.2,0.43618999999999997,0.92784,-0.0022806,4,-56.5,4.8735,923.75,1
751,214.25,0.43618999999999997,0.92784,-0.0022806,4,-56.5,4.8735,923.75,1
752,214.75,0.36583000000000004,0.97377,-0.047893,4,-55.5,5.3521,920.25,1
753,214.83,0.36583000000000004,0.97377,-0.047893,4,-55.5,5.3521,920.25,1
754,214.88,0.36583000000000004,0.97377,-0.047893,4,-55.5,5.3521,920.25,1
755,214.9,0.36583000000000004,0.97377,-0.047893,4,-55.5,5.3521,920.25,1
756,214.95,0.36583000000000004,0.97377,-0.047893,4,-55.5,5.3521,920.25,1
757,215.0,0.36583000000000004,0.97377,-0.047893,4,-55.5,5.3521,920.25,1
758,215.5,0.38928,0.97377,-0.025087,1,-60.5,5.7018,920.75,1
759,215.58,0.38928,0.97377,-0.025087,1,-60.5,5.7018,920.75,1
760,215.6,0.38928,0.97377,-0.025087,1,-60.5,5.7018,920.75,1
761,215.65,0.38928,0.97377,-0.025087,1,-60.5,5.7018,920.75,1
762,215.7,0.38928,0.97377,-0.025087,1,-60.5,5.7018,920.75,1
763,215.75,0.38928,0.97377,-0.025087,1,-60.5,5.7018,920.75,1
764,216.25,0.38928,0.97377,-0.025087,1,-60.0,0.8544299999999999,922.75,1
765,216.33,0.38928,0.97377,-0.025087,1,-60.0,0.8544299999999999,922.75,1
766,216.38,0.38928,0.97377,-0.025087,1,-60.0,0.8544299999999999,922.75,1
767,216.4,0.38928,0.97377,-0.025087,1,-60.0,0.8544299999999999,922.75,1
768,216.45,0.38928,0.97377,-0.025087,1,-60.0,0.8544299999999999,922.75,1
769,216.48,0.38928,0.97377,-0.025087,1,-60.0,0.8544299999999999,922.75,1
770,217.0,0.48308999999999996,0.9163600000000001,0.020525,4,-56.0,5.4426,923.25,1
771,217.08,0.48308999999999996,0.9163600000000001,0.020525,4,-56.0,5.4426,923.25,1
772,217.13,0.48308999999999996,0.9163600000000001,0.020525,4,-56.0,5.4426,923.25,1
773,217.15,0.48308999999999996,0.9163600000000001,0.020525,4,-56.0,5.4426,923.25,1
774,217.2,0.48308999999999996,0.9163600000000001,0.020525,4,-56.0,5.4426,923.25,1
775,217.23,0.48308999999999996,0.9163600000000001,0.020525,4,-56.0,5.4426,923.25,1
776,217.28,0.48308999999999996,0.9163600000000001,0.020525,1,-60.5,6.2617,920.25,1
777,217.33,0.48308999999999996,0.9163600000000001,0.020525,1,-60.5,6.2617,920.25,1
778,217.38,0.48308999999999996,0.9163600000000001,0.020525,1,-60.5,6.2617,920.25,1
779,217.4,0.48308999999999996,0.9163600000000001,0.020525,1,-60.5,6.2617,920.25,1
780,217.45,0.48308999999999996,0.9163600000000001,0.020525,1,-60.5,6.2617,920.25,1
781,217.48,0.48308999999999996,0.9163600000000001,0.020525,1,-60.5,6.2617,920.25,1
782,217.53,0.48308999999999996,0.9163600000000001,0.020525,1,-59.5,5.3766,921.25,1
783,217.58,0.48308999999999996,0.9163600000000001,0.020525,1,-59.5,5.3766,921.25,1
784,217.63,0.48308999999999996,0.9163600000000001,0.020525,1,-59.5,5.3766,921.25,1
785,217.65,0.48308999999999996,0.9163600000000001,0.020525,1,-59.5,5.3766,921.25,1
786,217.7,0.48308999999999996,0.9163600000000001,0.020525,1,-59.5,5.3766,921.25,1
787,217.73,0.48308999999999996,0.9163600000000001,0.020525,1,-59.5,5.3766,921.25,1
788,217.78,0.48308999999999996,0.9163600000000001,0.020525,4,-57.0,4.4577,924.25,1
789,217.83,0.48308999999999996,0.9163600000000001,0.020525,4,-57.0,4.4577,924.25,1
790,217.85,0.48308999999999996,0.9163600000000001,0.020525,4,-57.0,4.4577,924.25,1
791,217.9,0.48308999999999996,0.9163600000000001,0.020525,4,-57.0,4.4577,924.25,1
792,217.95,0.48308999999999996,0.9163600000000001,0.020525,4,-57.0,4.4577,924.25,1
793,217.98,0.48308999999999996,0.9163600000000001,0.020525,4,-57.0,4.4577,924.25,1
794,218.5,0.62379,0.8704200000000001,0.054735,1,-59.5,0.7915300000000001,922.75,1
795,218.58,0.62379,0.8704200000000001,0.054735,1,-59.5,0.7915300000000001,922.75,1
796,218.63,0.62379,0.8704200000000001,0.054735,1,-59.5,0.7915300000000001,922.75,1
797,218.68,0.62379,0.8704200000000001,0.054735,1,-59.5,0.7915300000000001,922.75,1
798,218.7,0.62379,0.8704200000000001,0.054735,1,-59.5,0.7915300000000001,922.75,1
799,218.75,0.62379,0.8704200000000001,0.054735,1,-59.5,0.7915300000000001,922.75,1
800,218.78,0.62379,0.8704200000000001,0.054735,1,-59.5,4.8949,921.75,1
801,218.83,0.62379,0.8704200000000001,0.054735,1,-59.5,4.8949,921.75,1
802,218.88,0.62379,0.8704200000000001,0.054735,1,-59.5,4.8949,921.75,1
803,218.9,0.62379,0.8704200000000001,0.054735,1,-59.5,4.8949,921.75,1
804,218.95,0.62379,0.8704200000000001,0.054735,1,-59.5,4.8949,921.75,1
805,219.0,0.62379,0.8704200000000001,0.054735,1,-59.5,4.8949,921.75,1
806,219.5,0.62379,0.8704200000000001,0.054735,1,-59.5,0.28685,923.25,1
807,219.58,0.62379,0.8704200000000001,0.054735,1,-59.5,0.28685,923.25,1
808,219.6,0.62379,0.8704200000000001,0.054735,1,-59.5,0.28685,923.25,1
809,219.65,0.62379,0.8704200000000001,0.054735,1,-59.5,0.28685,923.25,1
810,219.7,0.62379,0.8704200000000001,0.054735,1,-59.5,0.28685,923.25,1
811,219.75,0.62379,0.8704200000000001,0.054735,1,-59.5,0.28685,923.25,1
812,219.78,0.62379,0.8704200000000001,0.054735,4,-56.0,0.099709,922.25,1
813,219.83,0.62379,0.8704200000000001,0.054735,4,-56.0,0.099709,922.25,1
814,219.85,0.62379,0.8704200000000001,0.054735,4,-56.0,0.099709,922.25,1
815,219.9,0.62379,0.8704200000000001,0.054735,4,-56.0,0.099709,922.25,1
816,219.95,0.62379,0.8704200000000001,0.054735,4,-56.0,0.099709,922.25,1
817,219.98,0.62379,0.8704200000000001,0.054735,4,-56.0,0.099709,922.25,1
818,220.25,0.36583000000000004,0.98526,-0.047893,1,-60.0,5.8521,924.25,1
819,220.33,0.36583000000000004,0.98526,-0.047893,1,-60.0,5.8521,924.25,1
820,220.35,0.36583000000000004,0.98526,-0.047893,1,-60.0,5.8521,924.25,1
821,220.4,0.36583000000000004,0.98526,-0.047893,1,-60.0,5.8521,924.25,1
822,220.45,0.36583000000000004,0.98526,-0.047893,1,-60.0,5.8521,924.25,1
823,220.48,0.36583000000000004,0.98526,-0.047893,1,-60.0,5.8521,924.25,1
824,220.53,0.36583000000000004,0.98526,-0.047893,3,-61.0,0.5353600000000001,925.25,1
825,220.58,0.36583000000000004,0.98526,-0.047893,3,-61.0,0.5353600000000001,925.25,1
826,220.6,0.36583000000000004,0.98526,-0.047893,3,-61.0,0.5353600000000001,925.25,1
827,220.65,0.36583000000000004,0.98526,-0.047893,3,-61.0,0.5353600000000001,925.25,1
828,220.7,0.36583000000000004,0.98526,-0.047893,3,-61.0,0.5353600000000001,925.25,1
829,220.73,0.36583000000000004,0.98526,-0.047893,3,-61.0,0.5353600000000001,925.25,1
830,220.78,0.36583000000000004,0.98526,-0.047893,4,-57.5,0.87284,924.75,1
831,220.83,0.36583000000000004,0.98526,-0.047893,4,-57.5,0.87284,924.75,1
832,220.85,0.36583000000000004,0.98526,-0.047893,4,-57.5,0.87284,924.75,1
833,220.9,0.36583000000000004,0.98526,-0.047893,4,-57.5,0.87284,924.75,1
834,220.95,0.36583000000000004,0.98526,-0.047893,4,-57.5,0.87284,924.75,1
835,220.98,0.36583000000000004,0.98526,-0.047893,4,-57.5,0.87284,924.75,1
836,221.03,0.36583000000000004,0.98526,-0.047893,3,-63.0,5.2631,922.75,1
837,221.05,0.36583000000000004,0.98526,-0.047893,3,-63.0,5.2631,922.75,1
838,221.1,0.36583000000000004,0.98526,-0.047893,3,-63.0,5.2631,922.75,1
839,221.15,0.36583000000000004,0.98526,-0.047893,3,-63.0,5.2631,922.75,1
840,221.2,0.36583000000000004,0.98526,-0.047893,3,-63.0,5.2631,922.75,1
841,221.23,0.36583000000000004,0.98526,-0.047893,3,-63.0,5.2631,922.75,1
842,221.5,0.36583000000000004,0.98526,-0.047893,4,-56.5,4.9701,923.75,1
843,221.58,0.36583000000000004,0.98526,-0.047893,4,-56.5,4.9701,923.75,1
844,221.63,0.36583000000000004,0.98526,-0.047893,4,-56.5,4.9701,923.75,1
845,221.65,0.36583000000000004,0.98526,-0.047893,4,-56.5,4.9701,923.75,1
846,221.7,0.36583000000000004,0.98526,-0.047893,4,-56.5,4.9701,923.75,1
847,221.75,0.36583000000000004,0.98526,-0.047893,4,-56.5,4.9701,923.75,1
848,221.78,0.36583000000000004,0.98526,-0.047893,1,-59.5,3.6447,923.25,1
849,221.83,0.36583000000000004,0.98526,-0.047893,1,-59.5,3.6447,923.25,1
850,221.88,0.36583000000000004,0.98526,-0.047893,1,-59.5,3.6447,923.25,1
851,221.9,0.36583000000000004,0.98526,-0.047893,1,-59.5,3.6447,923.25,1
852,221.95,0.36583000000000004,0.98526,-0.047893,1,-59.5,3.6447,923.25,1
853,222.0,0.36583000000000004,0.98526,-0.047893,1,-59.5,3.6447,923.25,1
854,222.5,0.34238,0.97377,-0.047893,1,-59.5,5.3214,921.25,1
855,222.58,0.34238,0.97377,-0.047893,1,-59.5,5.3214,921.25,1
856,222.63,0.34238,0.97377,-0.047893,1,-59.5,5.3214,921.25,1
857,222.68,0.34238,0.97377,-0.047893,1,-59.5,5.3214,921.25,1
858,222.7,0.34238,0.97377,-0.047893,1,-59.5,5.3214,921.25,1
859,222.75,0.34238,0.97377,-0.047893,1,-59.5,5.3214,921.25,1
860,222.8,0.34238,0.97377,-0.047893,1,-60.5,5.7478,920.75,1
861,222.83,0.34238,0.97377,-0.047893,1,-60.5,5.7478,920.75,1
862,222.88,0.34238,0.97377,-0.047893,1,-60.5,5.7478,920.75,1
863,222.9,0.34238,0.97377,-0.047893,1,-60.5,5.7478,920.75,1
864,222.95,0.34238,0.97377,-0.047893,1,-60.5,5.7478,920.75,1
865,223.0,0.34238,0.97377,-0.047893,1,-60.5,5.7478,920.75,1
866,223.25,0.34238,0.97377,-0.047893,3,-62.5,0.7915300000000001,924.75,1
867,223.33,0.34238,0.97377,-0.047893,3,-62.5,0.7915300000000001,924.75,1
868,223.38,0.34238,0.97377,-0.047893,3,-62.5,0.7915300000000001,924.75,1
869,223.43,0.34238,0.97377,-0.047893,3,-62.5,0.7915300000000001,924.75,1
870,223.45,0.34238,0.97377,-0.047893,3,-62.5,0.7915300000000001,924.75,1
871,223.5,0.34238,0.97377,-0.047893,3,-62.5,0.7915300000000001,924.75,1
872,224.03,0.36583000000000004,0.97377,-0.047893,4,-56.5,4.8704,923.75,1
873,224.1,0.36583000000000004,0.97377,-0.047893,4,-56.5,4.8704,923.75,1
874,224.15,0.36583000000000004,0.97377,-0.047893,4,-56.5,4.8704,923.75,1
875,224.2,0.36583000000000004,0.97377,-0.047893,4,-56.5,4.8704,923.75,1
876,224.25,0.36583000000000004,0.97377,-0.047893,4,-56.5,4.8704,923.75,1
877,224.28,0.36583000000000004,0.97377,-0.047893,4,-56.5,4.8704,923.75,1
878,224.5,0.36583000000000004,0.97377,-0.047893,1,-61.0,6.2111,920.25,1
879,224.58,0.36583000000000004,0.97377,-0.047893,1,-61.0,6.2111,920.25,1
880,224.63,0.36583000000000004,0.97377,-0.047893,1,-61.0,6.2111,920.25,1
881,224.65,0.36583000000000004,0.97377,-0.047893,1,-61.0,6.2111,920.25,1
882,224.7,0.36583000000000004,0.97377,-0.047893,1,-61.0,6.2111,920.25,1
883,224.73,0.36583000000000004,0.97377,-0.047893,1,-61.0,6.2111,920.25,1
884,224.78,0.36583000000000004,0.97377,-0.047893,4,-55.0,1.2548,921.25,1
885,224.83,0.36583000000000004,0.97377,-0.047893,4,-55.0,1.2548,921.25,1
886,224.85,0.36583000000000004,0.97377,-0.047893,4,-55.0,1.2548,921.25,1
887,224.9,0.36583000000000004,0.97377,-0.047893,4,-55.0,1.2548,921.25,1
888,224.95,0.36583000000000004,0.97377,-0.047893,4,-55.0,1.2548,921.25,1
889,224.98,0.36583000000000004,0.97377,-0.047893,4,-55.0,1.2548,921.25,1
890,225.5,0.38928,0.97377,-0.025087,1,-60.0,1.9896,925.25,1
891,225.58,0.38928,0.97377,-0.025087,1,-60.0,1.9896,925.25,1
892,225.6,0.38928,0.97377,-0.025087,1,-60.0,1.9896,925.25,1
893,225.65,0.38928,0.97377,-0.025087,1,-60.0,1.9896,925.25,1
894,225.7,0.38928,0.97377,-0.025087,1,-60.0,1.9896,925.25,1
895,225.75,0.38928,0.97377,-0.025087,1,-60.0,1.9896,925.25,1
896,225.78,0.38928,0.97377,-0.025087,1,-59.0,4.1709,922.75,1
897,225.83,0.38928,0.97377,-0.025087,1,-59.0,4.1709,922.75,1
898,225.85,0.38928,0.97377,-0.025087,1,-59.0,4.1709,922.75,1
899,225.9,0.38928,0.97377,-0.025087,1,-59.0,4.1709,922.75,1
900,225.95,0.38928,0.97377,-0.025087,1,-59.0,4.1709,922.75,1
901,226.0,0.38928,0.97377,-0.025087,1,-59.0,4.1709,922.75,1
902,226.5,0.50654,0.9048700000000001,0.031928,1,-61.0,1.5739,925.75,1
903,226.55,0.50654,0.9048700000000001,0.031928,1,-61.0,1.5739,925.75,1
904,226.58,0.50654,0.9048700000000001,0.031928,1,-61.0,1.5739,925.75,1
905,226.63,0.50654,0.9048700000000001,0.031928,1,-61.0,1.5739,925.75,1
906,226.68,0.50654,0.9048700000000001,0.031928,1,-61.0,1.5739,925.75,1
907,226.73,0.50654,0.9048700000000001,0.031928,1,-61.0,1.5739,925.75,1
908,226.75,0.50654,0.9048700000000001,0.031928,1,-60.5,6.2786,920.25,1
909,226.8,0.50654,0.9048700000000001,0.031928,1,-60.5,6.2786,920.25,1
910,226.85,0.50654,0.9048700000000001,0.031928,1,-60.5,6.2786,920.25,1
911,226.88,0.50654,0.9048700000000001,0.031928,1,-60.5,6.2786,920.25,1
912,226.93,0.50654,0.9048700000000001,0.031928,1,-60.5,6.2786,920.25,1
913,226.98,0.50654,0.9048700000000001,0.031928,1,-60.5,6.2786,920.25,1
914,227.5,0.51826,0.9048700000000001,0.031928,1,-59.5,2.7719,924.25,1
915,227.6,0.51826,0.9048700000000001,0.031928,1,-59.5,2.7719,924.25,1
916,227.63,0.51826,0.9048700000000001,0.031928,1,-59.5,2.7719,924.25,1
917,227.68,0.51826,0.9048700000000001,0.031928,1,-59.5,2.7719,924.25,1
918,227.7,0.51826,0.9048700000000001,0.031928,1,-59.5,2.7719,924.25,1
919,227.75,0.51826,0.9048700000000001,0.031928,1,-59.5,2.7719,924.25,1
920,227.8,0.51826,0.9048700000000001,0.031928,1,-60.5,1.9282,925.25,1
921,227.85,0.51826,0.9048700000000001,0.031928,1,-60.5,1.9282,925.25,1
922,227.88,0.51826,0.9048700000000001,0.031928,1,-60.5,1.9282,925.25,1
923,227.93,0.51826,0.9048700000000001,0.031928,1,-60.5,1.9282,925.25,1
924,227.95,0.51826,0.9048700000000001,0.031928,1,-60.5,1.9282,925.25,1
925,228.0,0.51826,0.9048700000000001,0.031928,1,-60.5,1.9282,925.25,1
926,228.25,0.51826,0.9048700000000001,0.031928,1,-59.5,0.92806,922.75,1
927,228.35,0.51826,0.9048700000000001,0.031928,1,-59.5,0.92806,922.75,1
928,228.38,0.51826,0.9048700000000001,0.031928,1,-59.5,0.92806,922.75,1
929,228.43,0.51826,0.9048700000000001,0.031928,1,-59.5,0.92806,922.75,1
930,228.48,0.51826,0.9048700000000001,0.031928,1,-59.5,0.92806,922.75,1
931,228.5,0.51826,0.9048700000000001,0.031928,1,-59.5,0.92806,922.75,1
932,228.55,0.51826,0.9048700000000001,0.031928,1,-59.0,4.9394,921.75,1
933,228.58,0.51826,0.9048700000000001,0.031928,1,-59.0,4.9394,921.75,1
934,228.63,0.51826,0.9048700000000001,0.031928,1,-59.0,4.9394,921.75,1
935,228.68,0.51826,0.9048700000000001,0.031928,1,-59.0,4.9394,921.75,1
936,228.73,0.51826,0.9048700000000001,0.031928,1,-59.0,4.9394,921.75,1
937,228.75,0.51826,0.9048700000000001,0.031928,1,-59.0,4.9394,921.75,1
938,229.5,0.56517,0.89339,0.043332,1,-60.5,0.061359000000000004,920.25,1
939,229.58,0.56517,0.89339,0.043332,1,-60.5,0.061359000000000004,920.25,1
940,229.63,0.56517,0.89339,0.043332,1,-60.5,0.061359000000000004,920.25,1
941,229.68,0.56517,0.89339,0.043332,1,-60.5,0.061359000000000004,920.25,1
942,229.7,0.56517,0.89339,0.043332,1,-60.5,0.061359000000000004,920.25,1
943,229.75,0.56517,0.89339,0.043332,1,-60.5,0.061359000000000004,920.25,1
944,230.0,0.56517,0.89339,0.043332,4,-56.5,1.4297,924.25,1
945,230.08,0.56517,0.89339,0.043332,4,-56.5,1.4297,924.25,1
946,230.1,0.56517,0.89339,0.043332,4,-56.5,1.4297,924.25,1
947,230.15,0.56517,0.89339,0.043332,4,-56.5,1.4297,924.25,1
948,230.2,0.56517,0.89339,0.043332,4,-56.5,1.4297,924.25,1
949,230.23,0.56517,0.89339,0.043332,4,-56.5,1.4297,924.25,1
950,230.5,0.33066,0.99674,-0.059296,4,-57.5,0.9111799999999999,924.75,1
951,230.58,0.33066,0.99674,-0.059296,4,-57.5,0.9111799999999999,924.75,1
952,230.63,0.33066,0.99674,-0.059296,4,-57.5,0.9111799999999999,924.75,1
953,230.65,0.33066,0.99674,-0.059296,4,-57.5,0.9111799999999999,924.75,1
954,230.7,0.33066,0.99674,-0.059296,4,-57.5,0.9111799999999999,924.75,1
955,230.75,0.33066,0.99674,-0.059296,4,-57.5,0.9111799999999999,924.75,1
956,230.78,0.33066,0.99674,-0.059296,3,-64.0,1.9037,922.75,1
957,230.83,0.33066,0.99674,-0.059296,3,-64.0,1.9037,922.75,1
958,230.88,0.33066,0.99674,-0.059296,3,-64.0,1.9037,922.75,1
959,230.9,0.33066,0.99674,-0.059296,3,-64.0,1.9037,922.75,1
960,230.95,0.33066,0.99674,-0.059296,3,-64.0,1.9037,922.75,1
961,231.0,0.33066,0.99674,-0.059296,3,-64.0,1.9037,922.75,1
962,231.03,0.33066,0.99674,-0.059296,1,-59.0,5.0038,921.75,1
963,231.08,0.33066,0.99674,-0.059296,1,-59.0,5.0038,921.75,1
964,231.13,0.33066,0.99674,-0.059296,1,-59.0,5.0038,921.75,1
965,231.15,0.33066,0.99674,-0.059296,1,-59.0,5.0038,921.75,1
966,231.2,0.33066,0.99674,-0.059296,1,-59.0,5.0038,921.75,1
967,231.23,0.33066,0.99674,-0.059296,1,-59.0,5.0038,921.75,1
968,232.0,0.30721,0.98526,-0.059296,4,-55.0,0.18868,922.25,1
969,232.08,0.30721,0.98526,-0.059296,4,-55.0,0.18868,922.25,1
970,232.13,0.30721,0.98526,-0.059296,4,-55.0,0.18868,922.25,1
971,232.15,0.30721,0.98526,-0.059296,4,-55.0,0.18868,922.25,1
972,232.2,0.30721,0.98526,-0.059296,4,-55.0,0.18868,922.25,1
973,232.23,0.30721,0.98526,-0.059296,4,-55.0,0.18868,922.25,1
974,232.28,0.30721,0.98526,-0.059296,1,-59.5,5.417999999999999,921.25,1
975,232.33,0.30721,0.98526,-0.059296,1,-59.5,5.417999999999999,921.25,1
976,232.38,0.30721,0.98526,-0.059296,1,-59.5,5.417999999999999,921.25,1
977,232.4,0.30721,0.98526,-0.059296,1,-59.5,5.417999999999999,921.25,1
978,232.45,0.30721,0.98526,-0.059296,1,-59.5,5.417999999999999,921.25,1
979,232.48,0.30721,0.98526,-0.059296,1,-59.5,5.417999999999999,921.25,1
980,232.53,0.30721,0.98526,-0.059296,1,-60.0,5.9457,924.25,1
981,232.58,0.30721,0.98526,-0.059296,1,-60.0,5.9457,924.25,1
982,232.63,0.30721,0.98526,-0.059296,1,-60.0,5.9457,924.25,1
983,232.65,0.30721,0.98526,-0.059296,1,-60.0,5.9457,924.25,1
984,232.7,0.30721,0.98526,-0.059296,1,-60.0,5.9457,924.25,1
985,232.73,0.30721,0.98526,-0.059296,1,-60.0,5.9457,924.25,1
986,232.78,0.30721,0.98526,-0.059296,3,-62.0,0.36662,925.25,1
987,232.83,0.30721,0.98526,-0.059296,3,-62.0,0.36662,925.25,1
988,232.88,0.30721,0.98526,-0.059296,3,-62.0,0.36662,925.25,1
989,232.9,0.30721,0.98526,-0.059296,3,-62.0,0.36662,925.25,1
990,232.95,0.30721,0.98526,-0.059296,3,-62.0,0.36662,925.25,1
991,232.98,0.30721,0.98526,-0.059296,3,-62.0,0.36662,925.25,1
992,233.5,0.43618999999999997,0.93932,-0.0022806,3,-64.0,5.5162,921.75,1
993,233.58,0.43618999999999997,0.93932,-0.0022806,3,-64.0,5.5162,921.75,1
994,233.6,0.43618999999999997,0.93932,-0.0022806,3,-64.0,5.5162,921.75,1
995,233.65,0.43618999999999997,0.93932,-0.0022806,3,-64.0,5.5162,921.75,1
996,233.7,0.43618999999999997,0.93932,-0.0022806,3,-64.0,5.5162,921.75,1
997,233.73,0.43618999999999997,0.93932,-0.0022806,3,-64.0,5.5162,921.75,1
998,234.0,0.43618999999999997,0.93932,-0.0022806,1,-59.0,3.7598,923.25,1
999,234.08,0.43618999999999997,0.93932,-0.0022806,1,-59.0,3.7598,923.25,1
1000,234.1,0.43618999999999997,0.93932,-0.0022806,1,-59.0,3.7598,923.25,1
1001,234.15,0.43618999999999997,0.93932,-0.0022806,1,-59.0,3.7598,923.25,1
1002,234.2,0.43618999999999997,0.93932,-0.0022806,1,-59.0,3.7598,923.25,1
1003,234.23,0.43618999999999997,0.93932,-0.0022806,1,-59.0,3.7598,923.25,1
1004,234.28,0.43618999999999997,0.93932,-0.0022806,4,-55.5,5.5085,920.25,1
1005,234.33,0.43618999999999997,0.93932,-0.0022806,4,-55.5,5.5085,920.25,1
1006,234.35,0.43618999999999997,0.93932,-0.0022806,4,-55.5,5.5085,920.25,1
1007,234.4,0.43618999999999997,0.93932,-0.0022806,4,-55.5,5.5085,920.25,1
1008,234.43,0.43618999999999997,0.93932,-0.0022806,4,-55.5,5.5085,920.25,1
1009,234.48,0.43618999999999997,0.93932,-0.0022806,4,-55.5,5.5085,920.25,1
1010,234.53,0.43618999999999997,0.93932,-0.0022806,3,-64.0,5.3045,922.25,1
1011,234.58,0.43618999999999997,0.93932,-0.0022806,3,-64.0,5.3045,922.25,1
1012,234.6,0.43618999999999997,0.93932,-0.0022806,3,-64.0,5.3045,922.25,1
1013,234.65,0.43618999999999997,0.93932,-0.0022806,3,-64.0,5.3045,922.25,1
1014,234.68,0.43618999999999997,0.93932,-0.0022806,3,-64.0,5.3045,922.25,1
1015,234.73,0.43618999999999997,0.93932,-0.0022806,3,-64.0,5.3045,922.25,1
1016,234.78,0.43618999999999997,0.93932,-0.0022806,3,-64.5,5.7724,921.25,1
1017,234.83,0.43618999999999997,0.93932,-0.0022806,3,-64.5,5.7724,921.25,1
1018,234.85,0.43618999999999997,0.93932,-0.0022806,3,-64.5,5.7724,921.25,1
1019,234.9,0.43618999999999997,0.93932,-0.0022806,3,-64.5,5.7724,921.25,1
1020,234.93,0.43618999999999997,0.93932,-0.0022806,3,-64.5,5.7724,921.25,1
1021,234.98,0.43618999999999997,0.93932,-0.0022806,3,-64.5,5.7724,921.25,1
1022,235.5,0.30721,1.0197,-0.070699,1,-59.5,1.0477,922.75,1
1023,235.58,0.30721,1.0197,-0.070699,1,-59.5,1.0477,922.75,1
1024,235.63,0.30721,1.0197,-0.070699,1,-59.5,1.0477,922.75,1
1025,235.68,0.30721,1.0197,-0.070699,1,-59.5,1.0477,922.75,1
1026,235.7,0.30721,1.0197,-0.070699,1,-59.5,1.0477,922.75,1
1027,235.75,0.30721,1.0197,-0.070699,1,-59.5,1.0477,922.75,1
1028,235.78,0.30721,1.0197,-0.070699,1,-59.0,5.0453,921.75,1
1029,235.83,0.30721,1.0197,-0.070699,1,-59.0,5.0453,921.75,1
1030,235.88,0.30721,1.0197,-0.070699,1,-59.0,5.0453,921.75,1
1031,235.93,0.30721,1.0197,-0.070699,1,-59.0,5.0453,921.75,1
1032,235.95,0.30721,1.0197,-0.070699,1,-59.0,5.0453,921.75,1
1033,236.0,0.30721,1.0197,-0.070699,1,-59.0,5.0453,921.75,1
1034,236.5,0.30721,1.0197,-0.070699,1,-59.5,0.62126,923.25,1
1035,236.58,0.30721,1.0197,-0.070699,1,-59.5,0.62126,923.25,1
1036,236.63,0.30721,1.0197,-0.070699,1,-59.5,0.62126,923.25,1
1037,236.65,0.30721,1.0197,-0.070699,1,-59.5,0.62126,923.25,1
1038,236.7,0.30721,1.0197,-0.070699,1,-59.5,0.62126,923.25,1
1039,236.75,0.30721,1.0197,-0.070699,1,-59.5,0.62126,923.25,1
1040,237.0,0.28376,1.0197,-0.09350499999999999,1,-59.0,5.4748,921.25,1
1041,237.08,0.28376,1.0197,-0.09350499999999999,1,-59.0,5.4748,921.25,1
1042,237.13,0.28376,1.0197,-0.09350499999999999,1,-59.0,5.4748,921.25,1
1043,237.18,0.28376,1.0197,-0.09350499999999999,1,-59.0,5.4748,921.25,1
1044,237.2,0.28376,1.0197,-0.09350499999999999,1,-59.0,5.4748,921.25,1
1045,237.25,0.28376,1.0197,-0.09350499999999999,1,-59.0,5.4748,921.25,1
1046,237.5,0.28376,1.0197,-0.09350499999999999,1,-59.5,5.8966,920.75,1
1047,237.58,0.28376,1.0197,-0.09350499999999999,1,-59.5,5.8966,920.75,1
1048,237.63,0.28376,1.0197,-0.09350499999999999,1,-59.5,5.8966,920.75,1
1049,237.68,0.28376,1.0197,-0.09350499999999999,1,-59.5,5.8966,920.75,1
1050,237.73,0.28376,1.0197,-0.09350499999999999,1,-59.5,5.8966,920.75,1
1051,237.75,0.28376,1.0197,-0.09350499999999999,1,-59.5,5.8966,920.75,1
1052,238.0,0.28376,1.0197,-0.09350499999999999,4,-57.0,0.8881700000000001,924.75,1
1053,238.08,0.28376,1.0197,-0.09350499999999999,4,-57.0,0.8881700000000001,924.75,1
1054,238.1,0.28376,1.0197,-0.09350499999999999,4,-57.0,0.8881700000000001,924.75,1
1055,238.15,0.28376,1.0197,-0.09350499999999999,4,-57.0,0.8881700000000001,924.75,1
1056,238.2,0.28376,1.0197,-0.09350499999999999,4,-57.0,0.8881700000000001,924.75,1
1057,238.25,0.28376,1.0197,-0.09350499999999999,4,-57.0,0.8881700000000001,924.75,1
1058,238.5,0.42446000000000006,0.93932,-0.013684,1,-59.5,0.26078,923.75,1
1059,238.58,0.42446000000000006,0.93932,-0.013684,1,-59.5,0.26078,923.75,1
1060,238.63,0.42446000000000006,0.93932,-0.013684,1,-59.5,0.26078,923.75,1
1061,238.65,0.42446000000000006,0.93932,-0.013684,1,-59.5,0.26078,923.75,1
1062,238.7,0.42446000000000006,0.93932,-0.013684,1,-59.5,0.26078,923.75,1
1063,238.75,0.42446000000000006,0.93932,-0.013684,1,-59.5,0.26078,923.75,1
1064,239.0,0.42446000000000006,0.93932,-0.013684,4,-55.5,5.5668,920.25,1
1065,239.08,0.42446000000000006,0.93932,-0.013684,4,-55.5,5.5668,920.25,1
1066,239.1,0.42446000000000006,0.93932,-0.013684,4,-55.5,5.5668,920.25,1
1067,239.15,0.42446000000000006,0.93932,-0.013684,4,-55.5,5.5668,920.25,1
1068,239.2,0.42446000000000006,0.93932,-0.013684,4,-55.5,5.5668,920.25,1
1069,239.23,0.42446000000000006,0.93932,-0.013684,4,-55.5,5.5668,920.25,1
1070,239.28,0.42446000000000006,0.93932,-0.013684,1,-60.0,0.21629,920.25,1
1071,239.33,0.42446000000000006,0.93932,-0.013684,1,-60.0,0.21629,920.25,1
1072,239.35,0.42446000000000006,0.93932,-0.013684,1,-60.0,0.21629,920.25,1
1073,239.4,0.42446000000000006,0.93932,-0.013684,1,-60.0,0.21629,920.25,1
1074,239.45,0.42446000000000006,0.93932,-0.013684,1,-60.0,0.21629,920.25,1
1075,239.48,0.42446000000000006,0.93932,-0.013684,1,-60.0,0.21629,920.25,1
1076,239.75,0.43618999999999997,0.92784,0.0091224,1,-59.5,6.1221,924.25,1
1077,239.85,0.43618999999999997,0.92784,0.0091224,1,-59.5,6.1221,924.25,1
1078,239.88,0.43618999999999997,0.92784,0.0091224,1,-59.5,6.1221,924.25,1
1079,239.93,0.43618999999999997,0.92784,0.0091224,1,-59.5,6.1221,924.25,1
1080,239.98,0.43618999999999997,0.92784,0.0091224,1,-59.5,6.1221,924.25,1
1081,240.0,0.43618999999999997,0.92784,0.0091224,1,-59.5,6.1221,924.25,1
1082,240.05,0.43618999999999997,0.92784,0.0091224,1,-60.0,2.1399,925.25,1
1083,240.1,0.43618999999999997,0.92784,0.0091224,1,-60.0,2.1399,925.25,1
1084,240.13,0.43618999999999997,0.92784,0.0091224,1,-60.0,2.1399,925.25,1
1085,240.18,0.43618999999999997,0.92784,0.0091224,1,-60.0,2.1399,925.25,1
1086,240.23,0.43618999999999997,0.92784,0.0091224,1,-60.0,2.1399,925.25,1
1087,240.25,0.43618999999999997,0.92784,0.0091224,1,-60.0,2.1399,925.25,1
1088,240.5,0.43618999999999997,0.92784,0.0091224,4,-56.0,6.0209,922.75,1
1089,240.58,0.43618999999999997,0.92784,0.0091224,4,-56.0,6.0209,922.75,1
1090,240.63,0.43618999999999997,0.92784,0.0091224,4,-56.0,6.0209,922.75,1
1091,240.65,0.43618999999999997,0.92784,0.0091224,4,-56.0,6.0209,922.75,1
1092,240.7,0.43618999999999997,0.92784,0.0091224,4,-56.0,6.0209,922.75,1
1093,240.75,0.43618999999999997,0.92784,0.0091224,4,-56.0,6.0209,922.75,1
1094,240.78,0.43618999999999997,0.92784,0.0091224,3,-65.5,5.1649,921.75,1
1095,240.83,0.43618999999999997,0.92784,0.0091224,3,-65.5,5.1649,921.75,1
1096,240.85,0.43618999999999997,0.92784,0.0091224,3,-65.5,5.1649,921.75,1
1097,240.9,0.43618999999999997,0.92784,0.0091224,3,-65.5,5.1649,921.75,1
1098,240.95,0.43618999999999997,0.92784,0.0091224,3,-65.5,5.1649,921.75,1
1099,241.0,0.43618999999999997,0.92784,0.0091224,3,-65.5,5.1649,921.75,1
1100,241.25,0.43618999999999997,0.92784,0.0091224,4,-56.0,5.5085,923.25,1
1101,241.33,0.43618999999999997,0.92784,0.0091224,4,-56.0,5.5085,923.25,1
1102,241.35,0.43618999999999997,0.92784,0.0091224,4,-56.0,5.5085,923.25,1
1103,241.4,0.43618999999999997,0.92784,0.0091224,4,-56.0,5.5085,923.25,1
1104,241.45,0.43618999999999997,0.92784,0.0091224,4,-56.0,5.5085,923.25,1
1105,241.48,0.43618999999999997,0.92784,0.0091224,4,-56.0,5.5085,923.25,1
1106,241.53,0.43618999999999997,0.92784,0.0091224,1,-60.0,0.21169000000000002,920.25,1
1107,241.58,0.43618999999999997,0.92784,0.0091224,1,-60.0,0.21169000000000002,920.25,1
1108,241.6,0.43618999999999997,0.92784,0.0091224,1,-60.0,0.21169000000000002,920.25,1
1109,241.65,0.43618999999999997,0.92784,0.0091224,1,-60.0,0.21169000000000002,920.25,1
1110,241.7,0.43618999999999997,0.92784,0.0091224,1,-60.0,0.21169000000000002,920.25,1
1111,241.75,0.43618999999999997,0.92784,0.0091224,1,-60.0,0.21169000000000002,920.25,1
1112,242.25,0.34238,0.98526,-0.036489999999999995,1,-59.5,6.0454,920.75,1
1113,242.33,0.34238,0.98526,-0.036489999999999995,1,-59.5,6.0454,920.75,1
1114,242.38,0.34238,0.98526,-0.036489999999999995,1,-59.5,6.0454,920.75,1
1115,242.4,0.34238,0.98526,-0.036489999999999995,1,-59.5,6.0454,920.75,1
1116,242.45,0.34238,0.98526,-0.036489999999999995,1,-59.5,6.0454,920.75,1
1117,242.5,0.34238,0.98526,-0.036489999999999995,1,-59.5,6.0454,920.75,1
1118,242.75,0.34238,0.98526,-0.036489999999999995,1,-58.5,4.3381,922.75,1
1119,242.85,0.34238,0.98526,-0.036489999999999995,1,-58.5,4.3381,922.75,1
1120,242.88,0.34238,0.98526,-0.036489999999999995,1,-58.5,4.3381,922.75,1
1121,242.93,0.34238,0.98526,-0.036489999999999995,1,-58.5,4.3381,922.75,1
1122,242.95,0.34238,0.98526,-0.036489999999999995,1,-58.5,4.3381,922.75,1
1123,243.0,0.34238,0.98526,-0.036489999999999995,1,-58.5,4.3381,922.75,1
1124,243.5,0.50654,0.9048700000000001,0.043332,1,-60.0,1.8055,925.75,1
1125,243.6,0.50654,0.9048700000000001,0.043332,1,-60.0,1.8055,925.75,1
1126,243.63,0.50654,0.9048700000000001,0.043332,1,-60.0,1.8055,925.75,1
1127,243.68,0.50654,0.9048700000000001,0.043332,1,-60.0,1.8055,925.75,1
1128,243.7,0.50654,0.9048700000000001,0.043332,1,-60.0,1.8055,925.75,1
1129,243.75,0.50654,0.9048700000000001,0.043332,1,-60.0,1.8055,925.75,1
1130,244.0,0.50654,0.9048700000000001,0.043332,1,-58.0,4.7385,922.25,1
1131,244.08,0.50654,0.9048700000000001,0.043332,1,-58.0,4.7385,922.25,1
1132,244.13,0.50654,0.9048700000000001,0.043332,1,-58.0,4.7385,922.25,1
1133,244.15,0.50654,0.9048700000000001,0.043332,1,-58.0,4.7385,922.25,1
1134,244.2,0.50654,0.9048700000000001,0.043332,1,-58.0,4.7385,922.25,1
1135,244.25,0.50654,0.9048700000000001,0.043332,1,-58.0,4.7385,922.25,1
1136,244.5,0.43618999999999997,0.93932,0.020525,3,-65.5,0.72864,924.25,1
1137,244.58,0.43618999999999997,0.93932,0.020525,3,-65.5,0.72864,924.25,1
1138,244.63,0.43618999999999997,0.93932,0.020525,3,-65.5,0.72864,924.25,1
1139,244.68,0.43618999999999997,0.93932,0.020525,3,-65.5,0.72864,924.25,1
1140,244.7,0.43618999999999997,0.93932,0.020525,3,-65.5,0.72864,924.25,1
1141,244.75,0.43618999999999997,0.93932,0.020525,3,-65.5,0.72864,924.25,1
1142,245.0,0.43618999999999997,0.93932,0.020525,1,-59.5,2.5341,924.75,1
1143,245.08,0.43618999999999997,0.93932,0.020525,1,-59.5,2.5341,924.75,1
1144,245.1,0.43618999999999997,0.93932,0.020525,1,-59.5,2.5341,924.75,1
1145,245.15,0.43618999999999997,0.93932,0.020525,1,-59.5,2.5341,924.75,1
1146,245.2,0.43618999999999997,0.93932,0.020525,1,-59.5,2.5341,924.75,1
1147,245.25,0.43618999999999997,0.93932,0.020525,1,-59.5,2.5341,924.75,1
1148,245.5,0.43618999999999997,0.93932,0.020525,1,-58.5,4.2737,922.75,1
1149,245.58,0.43618999999999997,0.93932,0.020525,1,-58.5,4.2737,922.75,1
1150,245.6,0.43618999999999997,0.93932,0.020525,1,-58.5,4.2737,922.75,1
1151,245.65,0.43618999999999997,0.93932,0.020525,1,-58.5,4.2737,922.75,1
1152,245.7,0.43618999999999997,0.93932,0.020525,1,-58.5,4.2737,922.75,1
1153,245.73,0.43618999999999997,0.93932,0.020525,1,-58.5,4.2737,922.75,1
1154,245.78,0.43618999999999997,0.93932,0.020525,4,-55.0,0.85903,921.75,1
1155,245.83,0.43618999999999997,0.93932,0.020525,4,-55.0,0.85903,921.75,1
1156,245.85,0.43618999999999997,0.93932,0.020525,4,-55.0,0.85903,921.75,1
1157,245.9,0.43618999999999997,0.93932,0.020525,4,-55.0,0.85903,921.75,1
1158,245.95,0.43618999999999997,0.93932,0.020525,4,-55.0,0.85903,921.75,1
1159,245.98,0.43618999999999997,0.93932,0.020525,4,-55.0,0.85903,921.75,1
1160,246.03,0.43618999999999997,0.93932,0.020525,1,-59.0,3.3886,923.75,1
1161,246.08,0.43618999999999997,0.93932,0.020525,1,-59.0,3.3886,923.75,1
1162,246.1,0.43618999999999997,0.93932,0.020525,1,-59.0,3.3886,923.75,1
1163,246.15,0.43618999999999997,0.93932,0.020525,1,-59.0,3.3886,923.75,1
1164,246.2,0.43618999999999997,0.93932,0.020525,1,-59.0,3.3886,923.75,1
1165,246.23,0.43618999999999997,0.93932,0.020525,1,-59.0,3.3886,923.75,1
1166,246.28,0.43618999999999997,0.93932,0.020525,1,-59.0,0.65654,923.25,1
1167,246.33,0.43618999999999997,0.93932,0.020525,1,-59.0,0.65654,923.25,1
1168,246.35,0.43618999999999997,0.93932,0.020525,1,-59.0,0.65654,923.25,1
1169,246.4,0.43618999999999997,0.93932,0.020525,1,-59.0,0.65654,923.25,1
1170,246.45,0.43618999999999997,0.93932,0.020525,1,-59.0,0.65654,923.25,1
1171,246.48,0.43618999999999997,0.93932,0.020525,1,-59.0,0.65654,923.25,1
1172,246.53,0.43618999999999997,0.93932,0.020525,4,-55.5,5.5193,920.25,1
1173,246.58,0.43618999999999997,0.93932,0.020525,4,-55.5,5.5193,920.25,1
1174,246.6,0.43618999999999997,0.93932,0.020525,4,-55.5,5.5193,920.25,1
1175,246.65,0.43618999999999997,0.93932,0.020525,4,-55.5,5.5193,920.25,1
1176,246.7,0.43618999999999997,0.93932,0.020525,4,-55.5,5.5193,920.25,1
1177,246.73,0.43618999999999997,0.93932,0.020525,4,-55.5,5.5193,920.25,1
1178,246.78,0.34238,0.99674,-0.036489999999999995,1,-59.0,5.6021,921.25,1
1179,246.83,0.34238,0.99674,-0.036489999999999995,1,-59.0,5.6021,921.25,1
1180,246.85,0.34238,0.99674,-0.036489999999999995,1,-59.0,5.6021,921.25,1
1181,246.9,0.34238,0.99674,-0.036489999999999995,1,-59.0,5.6021,921.25,1
1182,246.95,0.34238,0.99674,-0.036489999999999995,1,-59.0,5.6021,921.25,1
1183,246.98,0.34238,0.99674,-0.036489999999999995,1,-59.0,5.6021,921.25,1
1184,247.25,0.34238,0.99674,-0.036489999999999995,1,-59.5,6.0608,920.75,1
1185,247.33,0.34238,0.99674,-0.036489999999999995,1,-59.5,6.0608,920.75,1
1186,247.38,0.34238,0.99674,-0.036489999999999995,1,-59.5,6.0608,920.75,1
1187,247.4,0.34238,0.99674,-0.036489999999999995,1,-59.5,6.0608,920.75,1
1188,247.45,0.34238,0.99674,-0.036489999999999995,1,-59.5,6.0608,920.75,1
1189,247.5,0.34238,0.99674,-0.036489999999999995,1,-59.5,6.0608,920.75,1
1190,247.75,0.34238,0.99674,-0.036489999999999995,1,-58.5,4.3304,922.75,1
1191,247.83,0.34238,0.99674,-0.036489999999999995,1,-58.5,4.3304,922.75,1
1192,247.88,0.34238,0.99674,-0.036489999999999995,1,-58.5,4.3304,922.75,1
1193,247.9,0.34238,0.99674,-0.036489999999999995,1,-58.5,4.3304,922.75,1
1194,247.95,0.34238,0.99674,-0.036489999999999995,1,-58.5,4.3304,922.75,1
1195,248.0,0.34238,0.99674,-0.036489999999999995,1,-58.5,4.3304,922.75,1
1196,248.03,0.34238,0.99674,-0.036489999999999995,4,-55.5,0.8667,921.75,1
1197,248.08,0.34238,0.99674,-0.036489999999999995,4,-55.5,0.8667,921.75,1
1198,248.13,0.34238,0.99674,-0.036489999999999995,4,-55.5,0.8667,921.75,1
1199,248.15,0.34238,0.99674,-0.036489999999999995,4,-55.5,0.8667,921.75,1
1200,248.2,0.34238,0.99674,-0.036489999999999995,4,-55.5,0.8667,921.75,1
1201,248.25,0.34238,0.99674,-0.036489999999999995,4,-55.5,0.8667,921.75,1
1202,248.75,0.51826,0.89339,0.043332,4,-55.5,5.507000000000001,923.25,1
1203,248.83,0.51826,0.89339,0.043332,4,-55.5,5.507000000000001,923.25,1
1204,248.88,0.51826,0.89339,0.043332,4,-55.5,5.507000000000001,923.25,1
1205,248.93,0.51826,0.89339,0.043332,4,-55.5,5.507000000000001,923.25,1
1206,248.95,0.51826,0.89339,0.043332,4,-55.5,5.507000000000001,923.25,1
1207,249.0,0.51826,0.89339,0.043332,4,-55.5,5.507000000000001,923.25,1
1208,249.05,0.51826,0.89339,0.043332,3,-66.0,5.9472,920.25,1
1209,249.08,0.51826,0.89339,0.043332,3,-66.0,5.9472,920.25,1
1210,249.13,0.51826,0.89339,0.043332,3,-66.0,5.9472,920.25,1
1211,249.18,0.51826,0.89339,0.043332,3,-66.0,5.9472,920.25,1
1212,249.2,0.51826,0.89339,0.043332,3,-66.0,5.9472,920.25,1
1213,249.25,0.51826,0.89339,0.043332,3,-66.0,5.9472,920.25,1
1214,249.3,0.51826,0.89339,0.043332,3,-65.5,1.8592,922.25,1
1215,249.33,0.51826,0.89339,0.043332,3,-65.5,1.8592,922.25,1
1216,249.38,0.51826,0.89339,0.043332,3,-65.5,1.8592,922.25,1
1217,249.45,0.51826,0.89339,0.043332,3,-65.5,1.8592,922.25,1
1218,249.5,0.51826,0.89339,0.043332,3,-65.5,1.8592,922.25,1
1219,250.0,0.58862,0.8819100000000001,0.043332,1,-58.5,4.2399,922.75,1
1220,250.08,0.58862,0.8819100000000001,0.043332,1,-58.5,4.2399,922.75,1
1221,250.13,0.58862,0.8819100000000001,0.043332,1,-58.5,4.2399,922.75,1
1222,250.15,0.58862,0.8819100000000001,0.043332,1,-58.5,4.2399,922.75,1
1223,250.2,0.58862,0.8819100000000001,0.043332,1,-58.5,4.2399,922.75,1
1224,250.5,0.58862,0.8819100000000001,0.043332,1,-58.5,5.1097,921.75,1
1225,250.58,0.58862,0.8819100000000001,0.043332,1,-58.5,5.1097,921.75,1
1226,250.63,0.58862,0.8819100000000001,0.043332,1,-58.5,5.1097,921.75,1
1227,250.65,0.58862,0.8819100000000001,0.043332,1,-58.5,5.1097,921.75,1
1228,250.7,0.58862,0.8819100000000001,0.043332,1,-58.5,5.1097,921.75,1
1229,250.75,0.58862,0.8819100000000001,0.043332,1,-58.5,5.1097,921.75,1
1230,250.78,0.58862,0.8819100000000001,0.043332,3,-64.5,6.1068,925.75,1
1231,250.83,0.58862,0.8819100000000001,0.043332,3,-64.5,6.1068,925.75,1
1232,250.88,0.58862,0.8819100000000001,0.043332,3,-64.5,6.1068,925.75,1
1233,250.93,0.58862,0.8819100000000001,0.043332,3,-64.5,6.1068,925.75,1
1234,250.95,0.58862,0.8819100000000001,0.043332,3,-64.5,6.1068,925.75,1
1235,251.0,0.58862,0.8819100000000001,0.043332,3,-64.5,6.1068,925.75,1
1236,251.5,0.33066,0.98526,-0.047893,1,-59.0,5.5545,921.25,1
1237,251.58,0.33066,0.98526,-0.047893,1,-59.0,5.5545,921.25,1
1238,251.63,0.33066,0.98526,-0.047893,1,-59.0,5.5545,921.25,1
1239,251.68,0.33066,0.98526,-0.047893,1,-59.0,5.5545,921.25,1
1240,251.7,0.33066,0.98526,-0.047893,1,-59.0,5.5545,921.25,1
1241,251.75,0.33066,0.98526,-0.047893,1,-59.0,5.5545,921.25,1
1242,252.0,0.33066,0.98526,-0.047893,1,-59.5,6.0868,924.25,1
1243,252.08,0.33066,0.98526,-0.047893,1,-59.5,6.0868,924.25,1
1244,252.13,0.33066,0.98526,-0.047893,1,-59.5,6.0868,924.25,1
1245,252.2,0.33066,0.98526,-0.047893,1,-59.5,6.0868,924.25,1
1246,252.25,0.33066,0.98526,-0.047893,1,-59.5,6.0868,924.25,1
1247,252.3,0.33066,0.98526,-0.047893,1,-59.5,2.1215,925.25,1
1248,252.33,0.33066,0.98526,-0.047893,1,-59.5,2.1215,925.25,1
1249,252.38,0.33066,0.98526,-0.047893,1,-59.5,2.1215,925.25,1
1250,252.4,0.33066,0.98526,-0.047893,1,-59.5,2.1215,925.25,1
1251,252.45,0.33066,0.98526,-0.047893,1,-59.5,2.1215,925.25,1
1252,252.5,0.33066,0.98526,-0.047893,1,-59.5,2.1215,925.25,1
1253,252.55,0.33066,0.98526,-0.047893,1,-58.5,4.2737,922.75,1
1254,252.63,0.33066,0.98526,-0.047893,1,-58.5,4.2737,922.75,1
1255,252.68,0.33066,0.98526,-0.047893,1,-58.5,4.2737,922.75,1
1256,252.7,0.33066,0.98526,-0.047893,1,-58.5,4.2737,922.75,1
1257,252.75,0.33066,0.98526,-0.047893,1,-58.5,4.2737,922.75,1
1258,252.8,0.33066,0.98526,-0.047893,1,-58.0,5.1204,921.75,1
1259,252.83,0.33066,0.98526,-0.047893,1,-58.0,5.1204,921.75,1
1260,252.88,0.33066,0.98526,-0.047893,1,-58.0,5.1204,921.75,1
1261,252.93,0.33066,0.98526,-0.047893,1,-58.0,5.1204,921.75,1
1262,252.95,0.33066,0.98526,-0.047893,1,-58.0,5.1204,921.75,1
1263,253.0,0.33066,0.98526,-0.047893,1,-58.0,5.1204,921.75,1
1264,253.05,0.33066,0.98526,-0.047893,1,-59.0,0.22396,923.75,1
1265,253.08,0.33066,0.98526,-0.047893,1,-59.0,0.22396,923.75,1
1266,253.13,0.33066,0.98526,-0.047893,1,-59.0,0.22396,923.75,1
1267,253.18,0.33066,0.98526,-0.047893,1,-59.0,0.22396,923.75,1
1268,253.2,0.33066,0.98526,-0.047893,1,-59.0,0.22396,923.75,1
1269,253.25,0.33066,0.98526,-0.047893,1,-59.0,0.22396,923.75,1
1270,253.75,0.37756,0.96229,-0.036489999999999995,1,-60.5,0.158,920.25,1
1271,253.83,0.37756,0.96229,-0.036489999999999995,1,-60.5,0.158,920.25,1
1272,253.88,0.37756,0.96229,-0.036489999999999995,1,-60.5,0.158,920.25,1
1273,253.93,0.37756,0.96229,-0.036489999999999995,1,-60.5,0.158,920.25,1
1274,253.95,0.37756,0.96229,-0.036489999999999995,1,-60.5,0.158,920.25,1
1275,254.0,0.37756,0.96229,-0.036489999999999995,1,-60.5,0.158,920.25,1
1276,254.03,0.37756,0.96229,-0.036489999999999995,1,-59.5,5.7217,921.25,1
1277,254.08,0.37756,0.96229,-0.036489999999999995,1,-59.5,5.7217,921.25,1
1278,254.13,0.37756,0.96229,-0.036489999999999995,1,-59.5,5.7217,921.25,1
1279,254.18,0.37756,0.96229,-0.036489999999999995,1,-59.5,5.7217,921.25,1
1280,254.2,0.37756,0.96229,-0.036489999999999995,1,-59.5,5.7217,921.25,1
1281,254.25,0.37756,0.96229,-0.036489999999999995,1,-59.5,5.7217,921.25,1
1282,254.5,0.20168,1.0427,-0.09350499999999999,1,-63.0,0.16874,920.75,1
1283,254.58,0.20168,1.0427,-0.09350499999999999,1,-63.0,0.16874,920.75,1
1284,254.63,0.20168,1.0427,-0.09350499999999999,1,-63.0,0.16874,920.75,1
1285,254.65,0.20168,1.0427,-0.09350499999999999,1,-63.0,0.16874,920.75,1
1286,254.7,0.20168,1.0427,-0.09350499999999999,1,-63.0,0.16874,920.75,1
1287,254.75,0.20168,1.0427,-0.09350499999999999,1,-63.0,0.16874,920.75,1
1288,256.25,0.63552,0.8819100000000001,0.08894400000000001,4,-56.5,4.6848,922.25,4
1289,256.32,0.63552,0.8819100000000001,0.08894400000000001,4,-56.5,4.6848,922.25,4
1290,256.38,0.63552,0.8819100000000001,0.08894400000000001,4,-56.5,4.6848,922.25,4
1291,256.43,0.63552,0.8819100000000001,0.08894400000000001,4,-56.5,4.6848,922.25,4
1292,256.45,0.63552,0.8819100000000001,0.08894400000000001,4,-56.5,4.6848,922.25,4
1293,256.5,0.63552,0.8819100000000001,0.08894400000000001,4,-56.5,4.6848,922.25,4
1294,265.0,0.084423,1.0771,0.066138,1,-55.0,5.78,921.75,1
1295,265.1,0.084423,1.0771,0.066138,1,-55.0,5.78,921.75,1
1296,265.13,0.084423,1.0771,0.066138,1,-55.0,5.78,921.75,1
1297,265.18,0.084423,1.0771,0.066138,1,-55.0,5.78,921.75,1
1298,265.23,0.084423,1.0771,0.066138,1,-55.0,5.78,921.75,1
1299,265.25,0.084423,1.0771,0.066138,1,-55.0,5.78,921.75,1
1300,265.5,0.084423,1.0771,0.066138,4,-57.0,5.9396,923.25,1
1301,265.55,0.084423,1.0771,0.066138,4,-57.0,5.9396,923.25,1
1302,265.6,0.084423,1.0771,0.066138,4,-57.0,5.9396,923.25,1
1303,265.65,0.084423,1.0771,0.066138,4,-57.0,5.9396,923.25,1
1304,265.68,0.084423,1.0771,0.066138,4,-57.0,5.9396,923.25,1
1305,265.73,0.084423,1.0771,0.066138,4,-57.0,5.9396,923.25,1
1306,265.78,0.084423,1.0771,0.066138,3,-61.0,5.0851,923.25,1
1307,265.8,0.084423,1.0771,0.066138,3,-61.0,5.0851,923.25,1
1308,265.85,0.084423,1.0771,0.066138,3,-61.0,5.0851,923.25,1
1309,265.9,0.084423,1.0771,0.066138,3,-61.0,5.0851,923.25,1
1310,265.95,0.084423,1.0771,0.066138,3,-61.0,5.0851,923.25,1
1311,265.98,0.084423,1.0771,0.066138,3,-61.0,5.0851,923.25,1
1312,266.25,1.1045,0.31923,0.33981,1,-59.0,1.379,924.25,3
1313,266.32,1.1045,0.31923,0.33981,1,-59.0,1.379,924.25,3
1314,266.38,1.1045,0.31923,0.33981,1,-59.0,1.379,924.25,3
1315,266.4,1.1045,0.31923,0.33981,1,-59.0,1.379,924.25,3
1316,266.45,1.1045,0.31923,0.33981,1,-59.0,1.379,924.25,3
1317,266.5,1.1045,0.31923,0.33981,1,-59.0,1.379,924.25,3
1318,266.53,1.1045,0.31923,0.33981,3,-54.0,6.162000000000001,924.25,3
