,time,frontal,vertical,lateral,id,rssi,phase,freq,label
0,0.0,1.1983,0.21588000000000002,-0.036489999999999995,4,-64.5,1.0094,920.25,3
1,0.75,1.0342,0.078086,-0.09350499999999999,1,-57.5,1.0584,922.25,3
2,1.25,1.3156,-0.025263,0.031928,4,-64.5,3.5328,923.75,3
3,1.5,1.0342,0.11254000000000002,-0.10490999999999999,4,-64.5,6.0577,921.25,3
4,2.0,0.96383,0.12402,-0.047893,4,-64.0,0.34820999999999996,920.75,3
5,2.5,1.1983,-0.0022965999999999998,-0.059296,1,-59.5,2.5387,920.25,3
6,2.75,0.96383,0.14698,-0.11631,4,-64.0,5.2953,921.75,3
7,3.25,0.9403799999999999,0.11254000000000002,-0.12771,4,-66.0,2.2381,924.75,3
8,3.5,0.9403799999999999,0.11254000000000002,-0.12771,4,-64.5,4.7584,922.25,3
9,4.0,1.1866,0.020669999999999997,-0.013684,3,-51.0,1.0416,921.25,3
10,5.0,1.2101,0.032152999999999994,-0.013684,4,-65.5,0.51388,920.25,3
11,5.5,0.92865,0.11254000000000002,-0.13912,1,-59.0,4.9502,924.75,3
12,5.75,0.9990100000000001,0.12402,-0.11631,4,-67.5,1.2379,925.75,3
13,6.5,1.0459,0.08956900000000001,-0.09350499999999999,1,-59.0,0.39423,922.75,3
14,6.575,1.0459,0.08956900000000001,-0.09350499999999999,4,-64.5,5.7156,921.25,3
15,7.0,0.9872799999999999,0.12402,-0.11631,4,-65.5,6.2234,920.75,3
16,7.25,1.2335,0.0091865,-0.0022806,4,-66.0,0.44332,920.25,3
17,7.75,1.0928,0.078086,-0.059296,4,-64.5,3.6294,923.25,3
18,8.0,1.0928,0.078086,-0.059296,4,-65.5,2.0877,924.75,3
19,8.25,0.92865,0.1355,-0.12771,3,-53.0,1.379,925.75,3
20,8.35,0.92865,0.1355,-0.12771,4,-67.0,1.1551,925.75,3
21,8.75,0.9872799999999999,0.1355,-0.11631,4,-64.0,4.1279,922.75,3
22,9.25,0.97555,0.12402,-0.13912,3,-50.5,4.4976,920.75,3
23,9.75,1.1045,0.078086,-0.059296,4,-66.0,0.41878000000000004,920.25,3
24,10.0,0.97555,0.1355,-0.11631,4,-64.0,5.2002,921.75,3
25,10.25,0.97555,0.1355,-0.11631,3,-51.0,5.9749,923.25,3
26,10.75,0.9169299999999999,0.12402,-0.12771,4,-64.0,4.6878,922.25,3
27,11.0,0.9169299999999999,0.12402,-0.12771,4,-67.0,1.172,925.75,3
28,11.1,0.9169299999999999,0.12402,-0.12771,4,-64.5,6.2433,923.75,3
29,11.5,0.9052,0.1355,-0.13912,4,-66.0,4.7262,925.25,3
30,11.75,0.9052,0.1355,-0.13912,4,-65.0,6.1421,920.75,3
31,12.25,1.1983,0.032152999999999994,-0.013684,4,-65.5,0.38503000000000004,920.25,3
32,12.75,0.92865,0.1355,-0.13912,4,-65.5,2.0126,924.75,3
33,13.0,0.9403799999999999,0.14698,-0.11631,4,-64.5,1.4834,922.25,3
34,13.5,0.9403799999999999,0.14698,-0.11631,4,-65.5,6.1543,923.75,3
35,14.0,0.9521,0.12402,-0.12771,4,-64.5,5.4917,921.25,3
36,14.25,0.9521,0.12402,-0.12771,4,-65.0,6.0285,920.75,3
37,14.75,1.2218,0.020669999999999997,-0.0022806,4,-64.0,5.0821,921.75,3
38,15.25,1.1632,0.043636,-0.025087,4,-65.5,5.171,924.75,3
39,15.75,0.9169299999999999,0.12402,-0.13912,4,-67.0,1.1198,925.75,3
40,16.25,1.3625,-0.036746,0.043332,4,-64.5,5.5776,921.25,3
41,16.75,1.0928,0.078086,-0.070699,4,-65.5,6.0853,920.75,3
42,17.0,1.0928,0.078086,-0.070699,4,-65.5,5.6236,924.25,3
43,17.25,1.0928,0.078086,-0.070699,4,-65.5,0.33441,920.25,3
44,17.75,0.92865,0.12402,-0.12771,4,-65.5,2.0049,924.75,3
45,18.0,0.92865,0.12402,-0.12771,4,-64.0,4.5667,922.25,3
46,18.25,1.3625,-0.025263,0.054735,1,-58.5,5.7754,923.75,3
47,18.5,1.3625,-0.025263,0.054735,4,-64.0,4.0298,922.75,3
48,19.0,1.128,0.05511900000000001,-0.047893,1,-58.5,2.097,920.75,3
49,19.5,1.2218,0.020669999999999997,-0.013684,4,-66.0,0.25464000000000003,920.25,3
50,20.0,1.1397,0.05511900000000001,-0.036489999999999995,4,-64.5,3.4929,923.25,3
51,20.075,1.1397,0.05511900000000001,-0.036489999999999995,4,-65.0,1.9635,924.75,3
52,20.25,1.1397,0.05511900000000001,-0.036489999999999995,1,-59.0,0.8022699999999999,922.25,3
53,21.5,1.2921,-0.01378,0.0091224,4,-66.0,1.4803,925.25,3
54,22.0,1.3273,-0.01378,0.043332,3,-51.5,4.852,920.25,3
55,22.1,1.3273,-0.01378,0.043332,4,-65.5,0.3206,920.25,3
56,22.25,1.3273,-0.01378,0.043332,4,-64.0,5.0621,921.75,3
57,22.35,1.3273,-0.01378,0.043332,4,-64.5,3.5665,923.25,3
58,22.75,1.2452,-0.0022965999999999998,0.0091224,3,-51.5,0.40957,922.25,3
59,22.825,1.2452,-0.0022965999999999998,0.0091224,3,-51.0,0.40957,922.25,3
60,23.0,0.9403799999999999,0.1355,-0.12771,4,-65.0,6.1421,923.75,3
61,24.25,1.128,0.05511900000000001,-0.047893,1,-59.5,2.5387,920.25,3
62,24.75,1.2921,-0.01378,0.0091224,4,-64.5,1.8623,921.75,3
63,25.0,0.97555,0.14698,-0.11631,4,-65.0,1.9159,924.75,3
64,25.5,1.1749,0.032152999999999994,-0.013684,3,-51.5,5.5791,923.75,3
65,26.25,0.9872799999999999,0.14698,-0.11631,4,-65.5,5.9779,920.75,3
66,26.75,0.9872799999999999,0.14698,-0.11631,3,-52.0,2.1292,924.25,3
67,27.0,1.339,-0.01378,0.020525,3,-51.0,4.7952,920.25,3
68,27.1,1.339,-0.01378,0.020525,4,-64.5,1.8623,921.75,3
69,27.25,1.339,-0.01378,0.020525,1,-58.5,6.1881,923.25,3
70,27.325,1.339,-0.01378,0.020525,4,-64.5,3.4653,923.25,3
71,27.75,0.9872799999999999,0.1355,-0.10490999999999999,1,-58.5,0.8145399999999999,922.25,3
72,28.0,1.1632,0.043636,-0.025087,4,-65.0,6.0838,923.75,3
73,29.0,1.2804,-0.0022965999999999998,0.020525,4,-65.0,5.5285,924.25,3
74,29.5,1.0342,0.10105,-0.09350499999999999,4,-64.0,4.99,921.75,3
75,30.5,0.9521,0.14698,-0.12771,4,-65.0,6.0086,923.75,3
76,30.75,0.9521,0.14698,-0.12771,4,-64.0,3.9745,922.75,3
77,31.5,1.3039,-0.0022965999999999998,0.020525,4,-65.0,5.5039,924.25,3
78,31.75,0.92865,0.14698,-0.13912,4,-64.0,4.9594,921.75,3
79,32.0,0.92865,0.14698,-0.13912,4,-64.5,3.4192,923.25,3
80,32.25,0.92865,0.14698,-0.13912,4,-65.0,5.0253,924.75,3
81,32.5,0.92865,0.14698,-0.13912,4,-64.5,1.3330000000000002,922.25,3
82,33.0,0.9990100000000001,0.14698,-0.12771,1,-58.5,0.33134,922.75,3
83,33.25,0.9990100000000001,0.14698,-0.12771,4,-64.5,0.79614,922.75,3
84,33.5,0.9990100000000001,0.14698,-0.12771,3,-51.0,1.0032,921.25,3
85,34.0,1.3625,-0.025263,0.043332,3,-52.0,2.1062,924.25,3
86,34.075,1.3625,-0.025263,0.043332,1,-59.5,2.5096,920.25,3
87,34.25,0.9169299999999999,0.14698,-0.13912,4,-64.5,1.8147,921.75,3
88,35.75,1.2452,0.0091865,-0.013684,4,-64.5,0.8467600000000001,922.75,3
89,36.0,1.2101,0.032152999999999994,-0.013684,4,-66.0,4.5866,925.25,3
90,36.25,1.2101,0.032152999999999994,-0.013684,4,-64.5,2.4114,924.25,3
91,36.75,0.92865,0.14698,-0.13912,3,-51.0,0.7179,921.75,3
92,36.85,0.92865,0.14698,-0.13912,1,-58.5,1.2395,921.75,3
93,37.0,0.96383,0.14698,-0.13912,4,-64.5,3.4653,923.25,3
94,37.25,0.96383,0.14698,-0.13912,3,-51.0,0.33134,922.25,3
95,37.325,0.96383,0.14698,-0.13912,4,-64.5,1.3545,922.25,3
96,37.75,1.1632,0.078086,-0.025087,4,-64.5,6.004,923.75,3
97,39.0,0.92865,0.15847,-0.13912,4,-66.0,0.17027,920.25,3
98,39.25,0.92865,0.15847,-0.13912,4,-64.5,4.9762,921.75,3
99,39.75,0.9052,0.14698,-0.13912,4,-66.0,1.8715,924.75,3
100,40.0,0.9052,0.14698,-0.13912,4,-64.5,1.2977,922.25,3
101,40.25,1.3039,0.0091865,0.020525,4,-65.0,6.07,923.75,3
102,40.5,1.3039,0.0091865,0.020525,4,-64.5,0.91579,922.75,3
103,41.0,0.9169299999999999,0.14698,-0.13912,4,-65.5,5.9902,920.75,3
104,41.5,1.0342,0.14698,-0.10490999999999999,4,-66.0,0.21783000000000002,920.25,3
105,42.75,1.3156,0.0091865,0.031928,1,-58.5,5.78,923.75,3
106,43.0,0.96383,0.16995,-0.11631,4,-64.5,5.441,921.25,3
107,43.25,0.96383,0.16995,-0.11631,4,-66.0,1.3821,925.25,3
108,43.75,1.0225,0.15847,-0.11631,4,-65.0,5.4763,924.25,3
109,44.0,1.3742,-0.01378,0.031928,4,-64.0,4.9778,921.75,3
110,44.5,1.0694,0.11254000000000002,-0.070699,4,-65.0,1.8684,924.75,3
111,44.75,1.0694,0.11254000000000002,-0.070699,3,-51.0,0.3973,922.25,3
112,44.825,0.92865,0.14698,-0.13912,4,-66.5,0.9602700000000001,925.75,3
113,45.0,0.92865,0.14698,-0.13912,4,-64.5,2.9192,923.75,3
114,45.25,0.92865,0.14698,-0.13912,4,-64.0,4.0175,922.75,3
115,45.5,0.92865,0.14698,-0.13912,4,-64.5,5.507000000000001,921.25,3
116,46.0,1.1632,0.08956900000000001,-0.047893,4,-65.0,5.5116,924.25,3
117,47.5,1.1983,0.30775,-0.13912,4,-67.5,2.0187,923.75,3
118,47.75,1.1983,0.30775,-0.13912,1,-58.5,6.254,921.25,3
119,49.0,0.58862,0.84746,0.27139,1,-58.0,4.3918,921.75,1
120,49.5,0.58862,0.84746,0.27139,1,-57.5,1.9497,924.75,1
121,50.0,0.58862,0.84746,0.27139,1,-60.5,2.7612,923.75,1
122,50.25,0.58862,0.84746,0.27139,4,-58.0,1.3284,921.25,1
123,50.75,0.58862,0.84746,0.27139,3,-61.0,0.28991999999999996,925.25,1
124,51.0,0.58862,0.84746,0.27139,4,-59.5,5.0023,924.25,1
125,51.75,0.49481,0.9048700000000001,-0.0022806,1,-60.5,1.8408,924.75,1
126,52.25,0.49481,0.9048700000000001,-0.0022806,4,-59.0,5.9856,923.75,1
127,52.75,0.49481,0.9048700000000001,-0.0022806,4,-59.0,5.7984,921.25,1
128,53.25,0.49481,0.9048700000000001,-0.0022806,4,-59.5,2.4989,924.25,1
129,53.75,0.49481,0.9048700000000001,-0.0022806,1,-59.0,3.7813,921.75,1
130,54.25,0.49481,0.9048700000000001,-0.0022806,3,-63.0,0.5108199999999999,924.75,1
131,55.0,0.33066,0.95081,0.020525,1,-58.5,6.0331,922.75,1
132,55.25,0.33066,0.95081,0.020525,3,-64.0,0.10737999999999999,925.25,1
133,55.75,0.33066,0.95081,0.020525,1,-58.5,1.6751,924.25,1
134,56.25,0.33066,0.95081,0.020525,1,-58.5,0.74551,921.75,1
135,56.5,0.33066,0.95081,0.020525,4,-58.5,0.48473999999999995,923.25,1
136,56.75,0.33066,0.95081,0.020525,4,-58.0,4.6679,922.25,1
137,57.5,0.36583000000000004,0.95081,0.054735,4,-58.5,4.1080000000000005,922.75,1
138,58.0,0.36583000000000004,0.95081,0.054735,1,-59.5,0.7946,925.25,1
139,58.25,0.36583000000000004,0.95081,0.054735,4,-59.5,5.6404,924.25,1
140,58.75,0.36583000000000004,0.95081,0.054735,1,-59.0,3.8165,921.75,1
141,59.0,0.36583000000000004,0.95081,0.054735,1,-59.5,1.1520000000000001,924.75,1
142,59.5,0.36583000000000004,0.95081,0.054735,1,-59.0,1.9926,923.75,1
143,60.0,0.36583000000000004,0.95081,0.054735,1,-59.0,6.0009,922.75,1
144,60.75,0.27203,0.97377,-0.0022806,3,-61.5,0.58445,920.25,1
145,61.25,0.27203,0.97377,-0.0022806,4,-59.0,0.33748,923.25,1
146,61.75,0.27203,0.97377,-0.0022806,1,-59.0,0.19328,922.25,1
147,62.0,0.27203,0.97377,-0.0022806,4,-60.0,6.0009,923.75,1
148,62.5,0.27203,0.97377,-0.0022806,4,-59.5,5.4104,921.25,1
149,63.0,0.27203,0.97377,-0.0022806,1,-59.5,4.5191,920.75,1
150,63.5,0.27203,0.97377,-0.0022806,1,-59.5,3.6555,921.75,1
151,64.75,0.28376,0.96229,0.020525,4,-59.5,5.9426,923.75,1
152,65.0,0.28376,0.96229,0.020525,1,-59.5,4.1080000000000005,921.25,1
153,65.5,0.28376,0.96229,0.020525,3,-60.0,0.05215499999999999,920.75,1
154,66.0,0.28376,0.96229,0.020525,4,-59.0,4.9287,921.75,1
155,66.75,0.41273000000000004,0.9048700000000001,0.054735,1,-59.0,3.252,922.25,1
156,67.0,0.41273000000000004,0.9048700000000001,0.054735,4,-59.0,2.9115,923.75,1
157,67.25,0.41273000000000004,0.9048700000000001,0.054735,1,-59.0,3.8472,921.25,1
158,67.75,0.41273000000000004,0.9048700000000001,0.054735,3,-58.5,4.3565,920.75,1
159,68.0,0.41273000000000004,0.9048700000000001,0.054735,1,-57.5,0.54303,924.25,1
160,68.25,0.41273000000000004,0.9048700000000001,0.054735,1,-58.0,3.8012,920.25,1
161,68.75,0.49481,0.9048700000000001,0.031928,1,-57.5,1.0707,923.25,1
162,69.0,0.49481,0.9048700000000001,0.031928,1,-58.5,5.8997,924.75,1
163,69.125,0.49481,0.9048700000000001,0.031928,1,-57.5,1.8377,922.25,1
164,69.5,0.49481,0.9048700000000001,0.031928,4,-59.5,2.6047,923.75,1
165,69.75,0.49481,0.9048700000000001,0.031928,3,-58.0,0.053689,922.75,1
166,70.0,0.49481,0.9048700000000001,0.031928,4,-61.5,0.92806,925.25,1
167,70.25,0.49481,0.9048700000000001,0.031928,1,-58.5,0.2393,924.25,1
168,70.75,0.49481,0.9048700000000001,0.031928,3,-58.5,0.5875100000000001,920.25,1
169,71.5,0.37756,0.96229,-0.070699,1,-60.0,5.3689,922.25,1
170,72.0,0.37756,0.96229,-0.070699,4,-59.5,2.62,923.75,1
171,72.5,0.37756,0.96229,-0.070699,4,-60.0,1.3376,925.25,1
172,73.25,0.37756,0.96229,-0.070699,4,-59.0,5.0008,921.75,1
173,73.5,0.37756,0.96229,-0.070699,4,-59.0,1.9144,924.75,1
174,74.5,0.38928,0.95081,0.0091224,4,-59.0,6.0868,923.75,1
175,74.75,0.38928,0.95081,0.0091224,1,-60.5,1.4527,925.25,1
176,76.25,0.38928,0.95081,0.0091224,4,-56.5,4.6602,924.75,4
177,76.5,0.38928,0.95081,0.0091224,4,-55.5,4.7737,922.25,4
178,76.625,0.38928,0.95081,0.0091224,1,-57.0,5.7739,925.75,4
179,77.5,0.24858000000000002,1.0312,0.031928,1,-50.0,0.57831,920.75,4
180,78.25,0.42446000000000006,0.92784,-0.013684,2,-65.5,1.0094,921.75,4
181,80.75,0.30721,1.1001,-0.013684,2,-55.5,1.1045,923.25,4
182,82.0,0.1665,0.97377,-0.059296,2,-49.5,4.7461,921.25,4
183,82.075,0.1665,0.97377,-0.059296,2,-49.5,4.5007,921.25,4
184,84.0,-0.15009,0.98526,-0.12771,2,-56.5,6.1957,923.75,2
185,84.5,-0.15009,0.98526,-0.12771,2,-55.5,1.2272,921.25,2
186,85.0,-0.15009,0.98526,-0.12771,2,-57.5,1.2441,920.75,2
187,85.5,-0.15009,0.98526,-0.12771,2,-57.5,5.5116,923.25,2
188,89.0,-0.15009,0.98526,-0.12771,2,-57.0,5.0391,923.75,2
189,101.25,-0.15009,0.98526,-0.12771,2,-58.0,4.9456,923.75,2
190,112.5,0.60034,0.8819100000000001,0.077541,2,-57.0,5.1388,923.25,2
191,113.5,0.60034,0.8819100000000001,0.077541,2,-56.5,1.7211,922.75,2
192,114.0,0.60034,0.8819100000000001,0.077541,2,-57.5,0.34208,925.25,2
193,115.0,0.60034,0.8819100000000001,0.077541,2,-57.5,0.85903,924.75,2
194,115.75,0.60034,0.8819100000000001,0.077541,2,-57.0,4.3764,923.75,2
195,117.5,0.60034,0.8819100000000001,0.077541,2,-58.5,3.9561,924.75,2
196,123.75,0.54171,0.9048700000000001,0.031928,2,-59.5,0.28531999999999996,925.25,2
197,127.5,0.54171,0.9048700000000001,0.031928,2,-58.5,5.2125,922.25,2
198,130.5,0.54171,0.9048700000000001,0.031928,2,-58.5,4.2783,923.75,2
199,133.25,0.54171,0.9048700000000001,0.031928,2,-58.5,5.622000000000001,921.25,2
200,135.25,0.54171,0.9048700000000001,0.031928,2,-58.0,4.289,923.75,2
201,136.25,0.54171,0.9048700000000001,0.031928,2,-56.5,0.83909,924.25,2
202,137.5,0.54171,0.9048700000000001,-0.013684,2,-56.5,4.154,923.75,2
203,138.0,0.54171,0.9048700000000001,-0.013684,2,-57.0,5.6404,921.25,2
204,138.5,0.54171,0.9048700000000001,-0.013684,2,-56.5,0.7992,924.25,2
205,139.25,0.54171,0.9048700000000001,-0.013684,2,-56.5,5.372000000000001,921.75,2
206,139.5,0.54171,0.9048700000000001,-0.013684,2,-57.0,0.51235,924.75,2
207,140.0,0.54171,0.9048700000000001,-0.013684,2,-56.5,1.1781,923.75,2
208,141.25,0.52999,0.9048700000000001,-0.047893,2,-58.0,6.2234,920.25,2
209,142.0,0.52999,0.9048700000000001,-0.047893,2,-57.5,0.60592,924.75,2
210,142.5,0.52999,0.9048700000000001,-0.047893,2,-56.5,4.3519,923.75,2
211,143.5,0.52999,0.9048700000000001,-0.047893,2,-57.0,4.0773,924.25,2
212,144.25,0.52999,0.9048700000000001,-0.047893,2,-57.0,4.625,923.25,2
213,146.25,0.57689,0.9048700000000001,0.031928,2,-57.0,5.438,921.75,2
214,146.75,0.57689,0.9048700000000001,0.031928,2,-57.0,0.71023,924.75,2
215,147.5,0.57689,0.9048700000000001,0.031928,2,-56.0,4.2767,923.75,2
216,147.75,0.57689,0.9048700000000001,0.031928,2,-56.0,4.8274,922.75,2
217,148.25,0.57689,0.9048700000000001,0.031928,2,-57.0,5.9258,920.75,2
218,149.5,0.58862,0.8819100000000001,0.020525,2,-56.0,5.1051,922.25,2
219,150.0,0.58862,0.8819100000000001,0.020525,2,-55.5,4.9103,922.75,2
220,150.25,0.58862,0.8819100000000001,0.020525,2,-56.5,5.711,921.25,2
221,150.75,0.58862,0.8819100000000001,0.020525,2,-56.5,4.0451,924.25,2
222,151.75,0.58862,0.8819100000000001,0.020525,2,-57.5,0.59825,924.75,2
223,152.25,0.58862,0.8819100000000001,0.020525,2,-56.5,4.3013,923.75,2
224,153.75,0.57689,0.8819100000000001,-0.013684,2,-57.0,1.3683,923.25,2
225,154.5,0.57689,0.8819100000000001,-0.013684,2,-58.0,6.1896,925.75,2
226,155.0,0.57689,0.8819100000000001,-0.013684,2,-56.0,4.7431,922.75,2
227,155.5,0.57689,0.8819100000000001,-0.013684,2,-57.5,5.8736,920.75,2
228,156.25,0.57689,0.8819100000000001,-0.013684,2,-56.5,5.4809,921.75,2
229,157.25,0.52999,0.89339,-0.013684,2,-56.5,4.8366,922.75,2
230,158.0,0.52999,0.89339,-0.013684,2,-58.0,0.7255699999999999,924.25,2
231,159.0,0.52999,0.89339,-0.013684,2,-57.5,0.36049000000000003,924.75,2
232,160.0,0.52999,0.89339,-0.013684,2,-58.5,5.6205,921.25,2
233,163.25,0.54171,0.9048700000000001,0.031928,2,-57.0,5.0744,921.75,2
234,164.0,0.54171,0.9048700000000001,0.031928,2,-56.5,4.7891,922.25,2
235,164.5,0.54171,0.9048700000000001,0.031928,2,-56.5,0.70103,923.75,2
236,165.0,0.54171,0.9048700000000001,0.031928,2,-56.5,6.0746,925.25,2
237,165.5,0.54171,0.9048700000000001,0.031928,2,-58.0,4.0252,924.25,2
238,166.5,0.54171,0.9048700000000001,0.031928,2,-57.0,5.1327,922.25,2
239,168.25,0.54171,0.9048700000000001,0.020525,2,-57.0,5.441,921.75,2
240,169.25,0.54171,0.9048700000000001,0.020525,2,-57.5,1.1674,923.75,2
241,170.0,0.54171,0.9048700000000001,0.020525,2,-57.5,5.869,920.75,2
242,170.75,0.54171,0.9048700000000001,0.020525,2,-57.0,5.26,921.75,2
243,173.25,0.65897,0.8359700000000001,0.043332,2,-57.0,4.6909,923.25,2
244,174.5,0.65897,0.8359700000000001,0.043332,2,-58.0,5.0944,922.75,2
245,176.25,0.65897,0.8359700000000001,0.043332,2,-56.5,4.9624,922.25,2
246,178.0,0.65897,0.8359700000000001,0.043332,2,-57.0,5.2002,921.75,2
247,178.5,0.65897,0.8359700000000001,0.043332,2,-56.5,0.48473999999999995,924.75,2
248,179.0,0.65897,0.8359700000000001,0.043332,2,-58.0,5.9334,925.75,2
249,180.5,0.60034,0.89339,-0.0022806,2,-56.5,5.1235,921.75,2
250,181.5,0.60034,0.89339,-0.0022806,2,-56.0,0.91885,923.75,2
251,182.25,0.60034,0.89339,-0.0022806,2,-57.0,6.1175,925.25,2
252,183.0,0.60034,0.89339,-0.0022806,2,-56.5,5.1388,921.75,2
253,185.0,0.58862,0.8819100000000001,0.0091224,2,-57.5,0.42798,924.25,2
254,185.75,0.58862,0.8819100000000001,0.0091224,2,-57.0,0.092039,924.75,2
255,186.25,0.58862,0.8819100000000001,0.0091224,2,-56.5,0.76085,923.75,2
256,186.75,0.58862,0.8819100000000001,0.0091224,2,-57.0,5.4303,921.25,2
257,188.0,0.58862,0.8819100000000001,0.0091224,2,-57.5,0.28225,924.75,2
258,190.25,0.56517,0.89339,-0.013684,2,-56.5,5.0652,921.75,2
259,190.75,0.56517,0.89339,-0.013684,2,-56.5,4.809,922.25,2
260,191.5,0.56517,0.89339,-0.013684,2,-59.0,5.6144,921.25,2
261,193.0,0.56517,0.89339,-0.013684,2,-57.5,0.075165,924.75,2
262,193.75,0.56517,0.89339,-0.013684,2,-57.5,1.5294,922.75,2
263,196.0,0.57689,0.89339,0.0091224,2,-56.5,0.72864,923.75,2
264,196.5,0.57689,0.89339,0.0091224,2,-57.0,6.0178,925.25,2
265,197.25,0.57689,0.89339,0.0091224,2,-56.5,0.38043000000000005,924.25,2
266,197.75,0.57689,0.89339,0.0091224,2,-56.5,0.9970899999999999,923.25,2
267,199.5,0.52999,0.9163600000000001,-0.0022806,2,-56.5,0.34208,924.25,2
268,200.25,0.52999,0.9163600000000001,-0.0022806,2,-56.0,0.83909,923.25,2
269,200.5,0.52999,0.9163600000000001,-0.0022806,2,-54.5,1.1029,922.25,2
270,202.5,0.52999,0.92784,-0.13912,2,-57.0,4.1678,923.25,2
271,203.5,0.52999,0.92784,-0.13912,2,-57.5,0.78847,923.75,2
272,205.0,0.52999,0.92784,-0.13912,2,-57.5,4.5789,923.25,2
273,206.0,0.52999,0.92784,-0.13912,2,-57.5,4.9302,922.75,2
274,207.5,0.52999,0.92784,-0.13912,2,-57.5,4.6019,923.25,2
275,212.5,0.49481,0.92784,0.031928,2,-57.0,1.2164,923.25,2
276,213.0,0.49481,0.92784,0.031928,2,-56.5,4.0252,923.75,2
277,214.0,0.49481,0.92784,0.031928,2,-57.5,0.53383,924.25,2
278,215.0,0.49481,0.92784,0.031928,2,-58.0,0.055223,924.75,2
279,216.25,0.49481,0.92784,0.031928,2,-57.5,6.1957,925.25,2
280,218.0,0.54171,0.89339,0.043332,2,-57.5,0.83142,923.75,2
281,218.75,0.54171,0.89339,0.043332,2,-58.0,5.6282,920.75,2
282,219.75,0.54171,0.89339,0.043332,2,-57.0,4.2399,923.25,2
283,220.5,0.54171,0.89339,0.043332,2,-57.5,0.8452200000000001,923.75,2
284,221.75,0.54171,0.89339,0.043332,2,-57.5,5.237,921.75,2
285,222.75,0.54171,0.89339,0.043332,2,-57.5,4.1249,923.75,2
286,224.0,0.54171,0.89339,0.043332,2,-58.0,0.66115,924.25,2
287,225.0,0.54171,0.89339,0.043332,2,-57.5,4.9762,922.25,2
288,227.75,0.57689,0.89339,0.054735,2,-58.5,0.8667,923.75,2
289,229.75,0.57689,0.89339,0.054735,2,-58.0,5.1174,922.25,2
290,230.75,0.57689,0.89339,0.054735,2,-56.0,4.9425,921.25,2
291,231.0,0.57689,0.89339,0.054735,2,-56.0,1.7165,920.75,2
292,232.0,0.56517,0.89339,-0.059296,2,-56.5,5.7954,924.75,2
293,232.5,0.56517,0.89339,-0.059296,2,-57.0,0.41263999999999995,923.75,2
294,242.5,0.63552,0.8704200000000001,0.054735,2,-56.0,0.73017,922.75,2
295,243.0,0.63552,0.8704200000000001,0.054735,2,-58.0,5.7402,925.25,2
296,243.5,0.63552,0.8704200000000001,0.054735,2,-57.0,5.4732,920.25,2
297,244.25,0.63552,0.8704200000000001,0.054735,2,-57.0,4.7998,922.25,2
298,246.25,0.52999,0.9048700000000001,-0.013684,2,-57.5,4.1739999999999995,923.25,2
299,247.25,0.52999,0.9048700000000001,-0.013684,2,-58.0,0.7225,923.75,2
300,248.0,0.52999,0.9048700000000001,-0.013684,2,-57.5,5.4932,920.75,2
301,248.75,0.52999,0.9048700000000001,-0.013684,2,-57.0,4.0957,923.25,2
302,249.5,0.52999,0.9048700000000001,-0.013684,2,-59.5,5.8675,925.75,2
303,250.25,0.52999,0.9048700000000001,-0.013684,2,-59.0,6.1405,925.25,2
304,252.25,0.61207,0.8589399999999999,0.031928,2,-57.0,1.2164,922.75,2
305,253.0,0.61207,0.8589399999999999,0.031928,2,-57.0,5.4104,920.75,2
306,253.75,0.61207,0.8589399999999999,0.031928,2,-57.0,0.9127200000000001,923.25,2
307,254.25,0.61207,0.8589399999999999,0.031928,2,-59.0,5.8598,925.75,2
308,255.0,0.61207,0.8589399999999999,0.031928,2,-57.0,5.1388,921.25,2
309,256.5,0.58862,0.8819100000000001,0.031928,2,-57.0,4.6173,922.25,2
310,257.25,0.58862,0.8819100000000001,0.031928,2,-57.0,5.1787,921.25,2
311,258.25,0.58862,0.8819100000000001,0.031928,2,-57.0,4.852,921.75,2
312,259.0,0.58862,0.8819100000000001,0.031928,2,-57.0,4.582,922.25,2
313,260.0,0.58862,0.8819100000000001,0.031928,2,-59.5,6.0746,925.25,2
314,261.5,0.58862,0.8819100000000001,0.031928,2,-58.0,4.4808,922.25,2
315,263.5,0.62379,0.8589399999999999,0.066138,2,-58.5,6.274,924.75,2
316,264.5,0.62379,0.8589399999999999,0.066138,2,-57.0,4.332,922.75,2
317,265.25,0.62379,0.8589399999999999,0.066138,2,-58.0,0.36202,924.25,2
318,266.25,0.62379,0.8589399999999999,0.066138,2,-56.5,4.6173,922.25,2
319,267.0,0.62379,0.8589399999999999,0.066138,2,-57.0,4.309,922.75,2
320,267.5,0.62379,0.8589399999999999,0.066138,2,-57.0,5.3873,920.75,2
321,268.75,0.56517,0.89339,0.0091224,2,-56.5,4.3995,922.25,2
322,269.5,0.56517,0.89339,0.0091224,2,-56.5,5.0054,921.25,2
323,270.25,0.56517,0.89339,0.0091224,2,-57.5,0.31753000000000003,924.25,2
324,270.75,0.56517,0.89339,0.0091224,2,-57.0,0.8544299999999999,923.25,2
325,272.5,0.74105,0.82449,0.08894400000000001,2,-57.0,5.2554,920.75,2
326,273.0,0.74105,0.82449,0.08894400000000001,2,-57.0,0.7133,923.25,2
327,273.75,0.74105,0.82449,0.08894400000000001,2,-57.0,4.4025,922.25,2
328,274.25,0.74105,0.82449,0.08894400000000001,2,-57.0,1.0523,922.75,2
329,275.0,0.74105,0.82449,0.08894400000000001,2,-57.5,0.21015999999999999,924.25,2
330,276.5,0.61207,0.8819100000000001,0.031928,2,-57.5,0.45252,923.75,2
331,277.0,0.61207,0.8819100000000001,0.031928,2,-58.0,5.9104,925.25,2
332,278.0,0.61207,0.8819100000000001,0.031928,2,-56.5,4.7078,921.75,2
333,278.5,0.61207,0.8819100000000001,0.031928,2,-56.5,1.2977,922.25,2
334,279.0,0.61207,0.8819100000000001,0.031928,2,-57.0,1.1045,922.75,2
335,279.75,0.61207,0.8819100000000001,0.031928,2,-57.0,5.3321,920.75,2
336,280.25,0.61207,0.8819100000000001,0.031928,2,-57.0,1.6598,921.75,2
337,281.75,0.5534399999999999,0.9048700000000001,0.0091224,2,-56.5,4.9885,921.25,2
338,282.25,0.5534399999999999,0.9048700000000001,0.0091224,2,-57.5,0.27612,924.25,2
339,283.0,0.5534399999999999,0.9048700000000001,0.0091224,2,-58.5,0.016874,924.75,2
340,283.75,0.5534399999999999,0.9048700000000001,0.0091224,2,-57.0,0.66728,923.75,2
341,284.25,0.5534399999999999,0.9048700000000001,0.0091224,2,-58.5,6.0117,925.25,2
342,285.25,0.5534399999999999,0.9048700000000001,0.0091224,2,-57.0,1.6736,921.75,2
343,286.75,0.56517,0.89339,-0.0022806,2,-56.5,5.0652,921.25,2
344,287.28,0.56517,0.89339,-0.0022806,2,-57.5,0.19328,924.25,2
345,287.75,0.56517,0.89339,-0.0022806,2,-57.0,0.7531800000000001,923.25,2
346,288.25,0.56517,0.89339,-0.0022806,2,-58.0,5.6435,925.75,2
347,288.75,0.56517,0.89339,-0.0022806,2,-56.5,1.0170000000000001,922.75,2
348,289.5,0.56517,0.89339,-0.0022806,2,-57.5,0.13652,924.25,2
349,290.25,0.56517,0.89339,-0.0022806,2,-56.5,0.75625,923.25,2
350,290.5,0.56517,0.89339,-0.0022806,2,-56.5,4.4884,922.25,2
351,291.75,0.56517,0.8819100000000001,-0.013684,2,-57.0,5.237,920.75,2
352,292.5,0.56517,0.8819100000000001,-0.013684,2,-56.5,4.7109,921.75,2
353,293.0,0.56517,0.8819100000000001,-0.013684,2,-56.5,1.2855,922.25,2
354,293.75,0.56517,0.8819100000000001,-0.013684,2,-56.5,1.0109,922.75,2
355,294.25,0.56517,0.8819100000000001,-0.013684,2,-57.0,5.2401,920.75,2
356,295.5,0.5534399999999999,0.89339,-0.013684,2,-56.5,4.5697,922.25,2
357,296.5,0.5534399999999999,0.89339,-0.013684,2,-58.0,5.912000000000001,925.25,2
358,297.25,0.5534399999999999,0.89339,-0.013684,2,-56.5,4.8274,921.75,2
359,297.75,0.5534399999999999,0.89339,-0.013684,2,-57.5,6.2341,924.75,2
360,299.25,0.51826,0.9048700000000001,-0.025087,2,-57.0,5.415,920.75,2
361,299.75,0.51826,0.9048700000000001,-0.025087,2,-56.0,4.8673,921.75,2
362,300.25,0.51826,0.9048700000000001,-0.025087,2,-57.5,6.2586,924.75,2
363,300.75,0.51826,0.9048700000000001,-0.025087,2,-57.5,0.50621,923.75,2
364,301.5,0.51826,0.9048700000000001,-0.025087,2,-58.0,5.7954,925.25,2
365,302.5,0.65897,0.8704200000000001,0.031928,2,-56.5,5.8537,924.75,2
366,303.0,0.65897,0.8704200000000001,0.031928,2,-57.0,5.438,925.75,2
367,303.5,0.65897,0.8704200000000001,0.031928,2,-55.0,5.5745,921.25,2
368,304.0,0.65897,0.8704200000000001,0.031928,2,-57.5,2.6737,920.75,2
369,305.5,0.0023451,0.9048700000000001,-0.29875999999999997,2,-50.5,0.7915300000000001,923.75,4
370,311.5,0.63552,0.80152,-0.12771,4,-56.0,6.0562,920.75,4
371,311.75,0.63552,0.80152,-0.12771,4,-57.5,5.8229999999999995,920.25,4
372,312.25,0.63552,0.80152,-0.12771,1,-60.5,2.4682,923.25,4
373,313.0,0.63552,0.80152,-0.12771,4,-58.0,5.8844,922.75,4
374,314.0,0.63552,0.80152,-0.12771,4,-56.5,5.0361,924.25,4
375,314.25,0.63552,0.80152,-0.12771,4,-57.0,0.5476300000000001,920.25,4
376,315.0,1.1163,0.1355,0.21438000000000001,1,-56.0,4.4179,922.25,3
377,315.75,0.8231200000000001,0.45703,0.0091224,3,-52.0,5.0667,921.25,3
378,316.0,0.92865,0.35368,0.3056,4,-65.5,0.49241,925.25,3
379,316.75,0.9403799999999999,0.15847,-0.070699,4,-65.5,1.2257,920.25,3
380,317.25,1.1045,0.08956900000000001,0.066138,4,-66.0,2.255,924.75,3
381,317.75,0.9990100000000001,0.16995,0.020525,4,-65.0,2.752,923.75,3
382,319.0,1.3156,-0.025263,0.020525,4,-64.5,0.22396,920.25,3
383,319.5,1.1983,0.0091865,-0.047893,4,-63.5,0.15033,923.25,3
384,320.0,0.92865,0.11254000000000002,-0.13912,4,-63.0,4.4317,922.25,3
385,320.25,0.92865,0.11254000000000002,-0.13912,4,-64.0,5.9534,923.75,3
386,320.75,1.2452,-0.01378,0.0091224,4,-66.5,4.5007,925.25,3
387,321.5,1.2218,-0.01378,-0.0022806,4,-65.0,0.28225,920.25,3
388,322.0,1.339,-0.048229,0.031928,4,-63.5,3.2996,923.25,3
389,322.25,1.339,-0.048229,0.031928,4,-63.0,4.3580000000000005,922.25,3
390,322.75,1.3742,-0.048229,0.031928,4,-63.5,0.71177,922.75,3
391,323.0,1.3742,-0.048229,0.031928,4,-63.0,5.4502,921.25,3
392,323.25,1.3742,-0.048229,0.031928,4,-65.5,1.2916,925.25,3
393,323.75,1.0225,0.11254000000000002,-0.10490999999999999,4,-64.0,2.2611,924.25,3
394,324.5,1.1514,0.043636,-0.047893,4,-63.5,0.11965,923.25,3
395,325.0,1.3859,-0.036746,0.043332,4,-64.0,5.8721,923.75,3
396,325.5,0.9521,0.12402,-0.11631,4,-63.5,5.4073,921.25,3
397,325.75,0.9521,0.12402,-0.11631,4,-65.5,1.2885,925.25,3
398,326.0,0.9521,0.12402,-0.11631,4,-64.5,5.9534,920.75,3
399,326.5,0.92865,0.12402,-0.11631,4,-63.0,1.7763,921.75,3
400,326.75,1.1866,0.032152999999999994,-0.036489999999999995,4,-63.5,0.13192,923.25,3
401,327.75,0.97555,0.12402,-0.12771,4,-63.5,0.68262,922.75,3
402,328.25,1.1514,0.05511900000000001,-0.047893,4,-64.5,5.8966,920.75,3
403,328.75,0.92865,0.1355,-0.12771,4,-65.0,0.1626,920.25,3
404,329.75,0.97555,0.14698,-0.12771,4,-66.5,0.66882,925.75,3
