,time,frontal,vertical,lateral,id,rssi,phase,freq,label
0,0.0,0.18995,1.2494,-0.13912,2,-68.0,5.5668,925.25,4
1,0.25,0.18995,1.2494,-0.13912,1,-47.5,4.4056,925.25,4
2,0.75,0.30721,0.97377,0.043332,2,-57.0,0.20709,920.25,4
3,2.0,0.30721,0.97377,0.043332,2,-56.5,5.7264,923.75,4
4,2.25,0.30721,0.97377,0.043332,2,-56.0,0.36049000000000003,921.25,4
5,3.5,0.18995,0.97377,-0.070699,2,-56.0,5.122000000000001,923.25,4
6,4.75,0.18995,0.97377,-0.070699,2,-56.0,1.5033,921.25,2
7,6.25,0.43618999999999997,0.95081,-0.047893,2,-57.5,5.2662,924.75,2
8,7.75,0.43618999999999997,0.95081,-0.047893,2,-57.0,0.44025,924.25,2
9,9.25,0.79967,0.81301,0.08894400000000001,2,-56.5,5.7202,923.75,2
10,9.75,0.79967,0.81301,0.08894400000000001,2,-56.0,0.65808,921.25,2
11,10.0,0.79967,0.81301,0.08894400000000001,2,-56.0,1.1351,920.75,2
12,10.5,0.79967,0.81301,0.08894400000000001,2,-57.0,4.6296,920.25,2
13,11.0,0.79967,0.81301,0.08894400000000001,2,-57.5,5.2754,924.75,2
14,12.75,0.79967,0.81301,0.08894400000000001,2,-58.0,6.2234,924.25,2
15,15.0,0.41273000000000004,0.92784,0.020525,2,-58.0,5.9181,920.75,2
16,18.0,0.41273000000000004,0.92784,0.020525,2,-57.5,1.8807,921.75,2
17,19.25,0.41273000000000004,0.92784,0.020525,2,-55.5,1.7641,922.75,2
18,19.75,0.41273000000000004,0.92784,0.020525,2,-57.5,2.6967,920.75,2
19,21.0,0.57689,0.8704200000000001,0.054735,2,-56.0,0.35895,924.75,2
20,21.25,0.57689,0.8704200000000001,0.054735,2,-55.5,5.0177,922.25,2
21,21.5,0.57689,0.8704200000000001,0.054735,2,-58.0,1.4956,922.75,2
22,24.25,0.45963999999999994,0.9163600000000001,-0.0022806,2,-57.0,1.8623,921.25,2
23,25.25,0.45963999999999994,0.9163600000000001,-0.0022806,2,-57.0,1.6782,921.75,2
24,31.25,0.45963999999999994,0.9163600000000001,-0.0022806,2,-57.5,0.013806,923.75,2
25,32.0,0.45963999999999994,0.9163600000000001,-0.0022806,2,-57.0,1.4097,920.75,2
26,32.75,0.45963999999999994,0.9163600000000001,-0.0022806,2,-57.0,6.1482,923.25,2
27,33.5,0.45963999999999994,0.9163600000000001,-0.0022806,2,-59.0,4.829,925.75,2
28,35.25,0.49481,0.9163600000000001,-0.059296,2,-57.0,5.9733,923.25,2
29,36.25,0.49481,0.9163600000000001,-0.059296,2,-58.0,5.8077,923.75,2
30,37.0,0.49481,0.9163600000000001,-0.059296,2,-58.0,5.4579,924.25,2
31,37.75,0.49481,0.9163600000000001,-0.059296,2,-57.0,4.9133,924.75,2
32,42.75,0.42446000000000006,0.95081,-0.059296,2,-58.5,5.6665,924.75,2
33,43.5,0.42446000000000006,0.95081,-0.059296,2,-56.5,0.17027,922.75,2
34,45.0,0.42446000000000006,0.95081,-0.059296,2,-58.0,0.28531999999999996,923.25,2
35,47.25,0.42446000000000006,0.95081,-0.059296,2,-58.0,1.1244,921.75,2
36,51.5,0.48308999999999996,0.92784,-0.025087,2,-58.0,1.4404,920.75,2
37,52.5,0.48308999999999996,0.92784,-0.025087,2,-59.0,5.461,924.75,2
38,54.25,0.48308999999999996,0.92784,-0.025087,2,-58.5,5.7448,924.25,2
39,57.5,0.48308999999999996,0.92784,-0.025087,2,-58.5,0.76085,922.25,2
40,65.25,0.48308999999999996,0.92784,-0.025087,2,-59.5,4.8873,925.75,2
41,66.75,0.68242,0.8359700000000001,0.16876,2,-57.0,0.55837,921.75,2
42,67.5,0.68242,0.8359700000000001,0.16876,2,-59.5,5.2217,925.75,2
43,70.25,0.68242,0.8359700000000001,0.16876,2,-57.5,4.8781,922.75,2
44,71.75,0.68242,0.8359700000000001,0.16876,2,-58.0,5.4917,921.75,2
45,72.75,0.68242,0.8359700000000001,0.16876,2,-57.5,4.8781,922.75,2
46,77.75,0.68242,0.8819100000000001,0.020525,2,-59.0,0.15492999999999998,921.25,2
47,90.0,0.68242,0.8819100000000001,0.020525,2,-58.5,5.711,922.75,2
48,93.5,0.68242,0.8819100000000001,0.020525,2,-57.5,0.076699,921.75,2
49,101.25,0.7645,0.82449,0.15736,2,-59.0,4.8597,924.75,2
50,103.25,0.7645,0.82449,0.15736,2,-57.5,0.2393,921.75,2
51,104.25,0.7645,0.82449,0.15736,2,-57.0,5.3735,923.75,2
52,107.25,0.7645,0.82449,0.15736,2,-59.0,0.37122,921.25,2
53,112.25,0.62379,0.8359700000000001,0.08894400000000001,2,-59.0,4.7845,925.25,2
54,114.0,0.62379,0.8359700000000001,0.08894400000000001,2,-57.5,5.3398,923.75,2
55,116.0,0.62379,0.8359700000000001,0.08894400000000001,2,-58.0,5.4686,922.25,2
56,120.0,0.62379,0.8359700000000001,0.08894400000000001,2,-58.5,0.5614399999999999,920.25,2
57,123.25,0.62379,0.8359700000000001,0.08894400000000001,2,-58.5,4.6664,924.75,2
58,135.25,0.58862,0.8819100000000001,0.054735,2,-60.5,0.81915,924.75,2
59,138.5,0.58862,0.8819100000000001,0.054735,2,-58.0,4.9931,922.75,2
60,140.75,0.58862,0.8819100000000001,0.054735,2,-57.5,4.4317,923.75,2
61,148.25,0.58862,0.8819100000000001,0.054735,2,-58.0,4.7078,923.75,2
62,152.75,0.58862,0.8819100000000001,0.054735,2,-58.5,5.7647,922.25,2
63,156.5,0.58862,0.8819100000000001,0.054735,2,-59.0,4.7109,924.25,2
64,158.5,0.58862,0.8819100000000001,0.054735,2,-59.0,0.40804,920.75,2
65,161.75,0.58862,0.8819100000000001,0.054735,2,-58.0,5.1204,923.25,2
66,165.0,0.63552,0.8589399999999999,0.043332,2,-58.0,4.5697,923.75,2
67,167.25,0.63552,0.8589399999999999,0.043332,2,-57.5,5.3613,922.25,2
68,169.0,0.63552,0.8589399999999999,0.043332,2,-57.5,4.8121,923.25,2
69,170.75,0.63552,0.8589399999999999,0.043332,2,-58.5,6.274,920.75,2
70,172.0,0.63552,0.8589399999999999,0.043332,2,-57.0,5.3106,922.25,2
71,175.25,0.63552,0.8589399999999999,0.043332,2,-58.5,0.5353600000000001,922.75,2
72,181.5,0.52999,0.9163600000000001,0.11175,2,-58.0,5.4732,923.25,2
73,185.5,0.52999,0.9163600000000001,0.11175,2,-58.5,5.0315,924.25,2
74,191.5,0.52999,0.9163600000000001,0.11175,2,-58.5,5.9012,922.25,2
75,198.75,0.47136000000000006,0.92784,-0.059296,4,-58.5,6.1129,922.25,4
76,200.0,-0.021106,1.0771,-0.036489999999999995,1,-62.0,0.6872199999999999,920.75,4
77,200.75,0.20168,0.98526,0.020525,4,-56.0,5.0805,923.25,4
78,201.0,0.20168,0.98526,0.020525,4,-58.5,0.52155,924.75,4
79,201.75,0.20168,0.98526,0.020525,4,-58.0,1.5539,923.75,4
80,202.25,0.20168,0.98526,0.020525,1,-61.0,2.235,921.25,4
81,203.0,0.20168,0.98526,0.020525,4,-56.5,5.6159,920.25,4
82,203.08,0.20168,0.98526,0.020525,4,-56.0,0.61666,921.75,4
83,204.0,0.54171,0.8819100000000001,-0.025087,1,-67.5,0.5997899999999999,925.75,1
84,204.5,0.54171,0.8819100000000001,-0.025087,1,-61.5,6.185,922.75,1
85,204.75,0.54171,0.8819100000000001,-0.025087,1,-61.5,4.6372,920.75,1
86,205.75,0.62379,0.8704200000000001,0.043332,1,-62.0,5.4456,923.25,1
87,206.25,0.62379,0.8704200000000001,0.043332,4,-56.5,5.3904,922.25,1
88,206.5,0.62379,0.8704200000000001,0.043332,4,-57.0,4.0911,923.75,1
89,206.75,0.62379,0.8704200000000001,0.043332,1,-62.0,5.8184,922.75,1
90,207.5,0.45963999999999994,0.82449,0.18017,1,-62.0,0.96181,924.25,1
91,208.25,0.45963999999999994,0.82449,0.18017,3,-68.5,1.1229,923.25,1
92,208.75,0.45963999999999994,0.82449,0.18017,4,-56.5,5.8307,922.25,1
93,209.0,0.45963999999999994,0.82449,0.18017,4,-57.0,1.0492,923.75,1
94,209.25,0.45963999999999994,0.82449,0.18017,1,-63.0,6.1114,922.75,1
95,211.5,0.56517,0.8819100000000001,0.043332,1,-65.0,6.2065,922.75,1
96,213.0,0.56517,0.8819100000000001,0.043332,1,-63.5,6.0761,923.25,1
97,214.0,0.56517,0.8819100000000001,0.043332,1,-63.5,0.17334000000000002,922.75,1
98,215.25,0.56517,0.8819100000000001,0.043332,1,-64.5,1.1735,921.75,1
99,216.5,0.56517,0.8819100000000001,0.043332,1,-65.0,0.6933600000000001,922.75,1
100,218.75,0.58862,0.8704200000000001,0.0091224,1,-65.0,5.4656,923.75,1
101,219.75,0.58862,0.8704200000000001,0.0091224,1,-64.0,5.0238,924.25,1
102,221.0,0.58862,0.8704200000000001,0.0091224,1,-66.5,0.61052,925.75,1
103,222.75,0.58862,0.8704200000000001,0.0091224,4,-57.5,5.0269,923.25,1
104,224.0,0.58862,0.8704200000000001,0.0091224,1,-64.5,4.5559,921.25,1
105,225.25,0.58862,0.8704200000000001,0.0091224,4,-57.5,1.8730000000000002,923.25,1
106,225.75,0.58862,0.8704200000000001,0.0091224,4,-57.5,6.0868,922.25,1
107,226.25,0.58862,0.8704200000000001,0.0091224,1,-62.5,3.5159,922.75,1
108,228.5,0.65897,0.8589399999999999,0.031928,4,-58.0,1.2164,923.75,1
109,229.5,0.65897,0.8589399999999999,0.031928,4,-59.0,0.70103,924.25,1
110,230.5,0.65897,0.8589399999999999,0.031928,1,-65.5,4.582,924.75,1
111,232.75,0.65897,0.8589399999999999,0.031928,1,-66.5,1.399,924.75,1
112,236.0,0.57689,0.8819100000000001,-0.0022806,1,-64.0,0.28225,922.75,1
113,237.5,0.57689,0.8819100000000001,-0.0022806,1,-66.0,1.4742,924.75,1
114,239.0,0.57689,0.8819100000000001,-0.0022806,1,-65.0,3.9561,920.75,1
115,239.75,0.57689,0.8819100000000001,-0.0022806,1,-66.0,1.3591,921.75,1
116,240.25,0.57689,0.8819100000000001,-0.0022806,3,-58.0,2.2304,922.25,1
117,240.75,0.57689,0.8819100000000001,-0.0022806,4,-58.5,0.6412,922.75,1
118,242.75,0.51826,0.9048700000000001,0.020525,4,-57.5,0.28991999999999996,922.25,1
119,243.25,0.51826,0.9048700000000001,0.020525,4,-57.5,5.9979,922.75,1
120,244.0,0.51826,0.9048700000000001,0.020525,4,-57.0,1.2993,924.25,1
121,244.75,0.51826,0.9048700000000001,0.020525,4,-57.0,5.4104,923.25,1
122,245.75,0.51826,0.9048700000000001,0.020525,4,-58.0,4.4317,921.25,1
123,246.75,0.51826,0.9048700000000001,0.020525,1,-64.5,2.2964,924.25,1
124,248.5,0.54171,0.89339,0.0091224,1,-63.5,5.1066,921.25,1
125,249.75,0.54171,0.89339,0.0091224,4,-57.0,2.258,923.25,1
126,250.25,0.54171,0.89339,0.0091224,1,-64.0,5.8951,923.75,1
127,251.5,0.54171,0.89339,0.0091224,1,-64.5,2.2872,924.25,1
128,253.25,0.70587,0.84746,0.077541,1,-63.5,5.0698,921.25,1
129,254.5,0.70587,0.84746,0.077541,1,-65.5,5.0192,924.75,1
130,255.5,0.70587,0.84746,0.077541,4,-57.5,5.8844,922.75,1
131,256.5,0.70587,0.84746,0.077541,4,-57.5,1.2209999999999999,924.25,1
132,257.25,0.70587,0.84746,0.077541,1,-65.5,1.9113,924.75,1
133,258.0,0.70587,0.84746,0.077541,1,-64.0,5.1281,921.25,1
134,259.25,0.70587,0.84746,0.077541,4,-57.0,5.3797,923.25,1
135,260.5,0.65897,0.84746,0.054735,1,-64.5,5.1036,921.25,1
136,261.75,0.65897,0.84746,0.054735,1,-63.5,6.1405,923.25,1
137,262.5,0.65897,0.84746,0.054735,1,-62.5,5.2708,923.75,1
138,263.25,0.65897,0.84746,0.054735,4,-58.0,6.1252,920.75,1
139,264.0,0.65897,0.84746,0.054735,1,-64.0,0.15033,921.75,1
140,265.28,0.58862,0.9163600000000001,-0.047893,1,-63.0,6.2402,922.75,1
141,266.5,0.58862,0.9163600000000001,-0.047893,4,-57.5,3.8119,921.75,1
142,267.0,0.58862,0.9163600000000001,-0.047893,4,-58.0,0.11198,922.25,1
143,267.75,0.58862,0.9163600000000001,-0.047893,4,-57.5,5.9258,922.75,1
144,269.0,0.58862,0.9163600000000001,-0.047893,4,-57.0,2.1598,923.25,1
145,270.5,0.56517,0.9048700000000001,-0.0022806,1,-66.5,1.4327,925.25,1
146,271.5,0.56517,0.9048700000000001,-0.0022806,1,-64.5,0.070563,923.25,1
147,272.5,0.56517,0.9048700000000001,-0.0022806,1,-64.0,0.56297,922.75,1
148,274.0,0.56517,0.9048700000000001,-0.0022806,1,-64.0,0.049087,923.25,1
149,274.75,0.56517,0.9048700000000001,-0.0022806,4,-57.5,1.7257,923.75,1
150,275.75,0.56517,0.9048700000000001,-0.0022806,4,-57.5,1.2026,924.25,1
151,277.25,0.67069,0.8359700000000001,0.043332,4,-58.0,0.80381,923.75,1
152,277.5,0.67069,0.8359700000000001,0.043332,1,-64.5,0.75012,921.25,1
153,278.25,0.67069,0.8359700000000001,0.043332,4,-57.0,4.3412,924.25,1
154,278.5,0.67069,0.8359700000000001,0.043332,1,-60.0,0.86056,920.25,1
155,278.75,0.67069,0.8359700000000001,0.043332,3,-63.0,5.3613,923.25,1
156,279.75,1.0342,0.3422,0.20297,3,-58.5,0.030680000000000002,923.75,3
157,280.0,1.0342,0.3422,0.20297,3,-57.0,1.5585,921.25,3
158,280.07,1.0342,0.3422,0.20297,1,-56.5,0.42338000000000003,921.25,3
159,280.5,0.87003,0.37665,-0.070699,4,-61.0,0.7915300000000001,920.75,3
160,280.6,0.87003,0.37665,-0.070699,4,-64.5,4.223,924.25,3
161,281.0,1.1163,-0.025263,-0.082102,4,-66.5,4.7814,921.75,3
162,281.25,1.1163,-0.025263,-0.082102,4,-66.0,0.48627,923.25,3
163,283.25,1.0694,0.08956900000000001,-0.16192,4,-65.0,6.2326,920.25,3
164,283.5,1.0694,0.08956900000000001,-0.16192,3,-53.5,5.5729999999999995,923.25,3
165,284.0,1.1397,0.043636,-0.11631,4,-63.5,4.0697,922.25,3
166,284.5,1.1397,0.043636,-0.11631,4,-63.5,5.5545,923.75,3
167,285.5,1.128,0.05511900000000001,-0.10490999999999999,4,-64.5,5.0054,924.25,3
168,286.25,1.1045,0.066602,-0.12771,4,-63.5,5.9948,923.25,3
169,287.75,1.0459,0.10105,-0.17332999999999998,4,-66.0,0.90045,925.25,3
170,288.75,0.9403799999999999,0.1355,-0.19613,4,-65.0,4.516,924.75,3
171,289.0,0.9403799999999999,0.1355,-0.19613,4,-63.5,0.8881700000000001,922.25,3
172,290.25,1.0928,0.066602,-0.13912,4,-64.5,5.5868,920.75,3
173,290.75,1.0225,0.1355,-0.18473,4,-63.0,1.4358,921.75,3
174,291.25,1.0225,0.1355,-0.18473,4,-65.0,1.3514,924.75,3
175,291.5,1.0225,0.1355,-0.18473,4,-63.0,4.0819,922.25,3
176,292.75,1.1866,0.032152999999999994,-0.082102,4,-64.5,5.5852,920.75,3
177,293.0,1.1866,0.032152999999999994,-0.082102,4,-65.0,6.0853,920.25,3
178,293.75,1.339,-0.025263,-0.047893,4,-63.0,3.9607,922.25,3
179,294.0,1.339,-0.025263,-0.047893,3,-56.5,1.063,925.75,3
180,294.75,1.1514,0.05511900000000001,-0.10490999999999999,4,-65.5,0.81608,925.25,3
181,296.5,1.0811,0.08956900000000001,-0.15052000000000001,4,-66.5,0.26078,925.75,3
182,297.0,0.9990100000000001,0.14698,-0.19613,4,-63.5,1.9205,921.25,3
183,297.5,0.9990100000000001,0.14698,-0.19613,4,-64.0,5.5499,920.75,3
184,297.75,0.9990100000000001,0.14698,-0.19613,4,-64.0,1.7856,924.25,3
185,301.0,1.3273,-0.025263,-0.059296,4,-64.5,1.2425,924.75,3
186,302.25,1.2687,0.0091865,-0.12771,4,-65.5,5.9334,920.75,3
187,303.0,0.9521,0.21588000000000002,-0.13912,4,-63.0,4.8336,921.75,3
188,303.5,1.1632,0.1355,-0.013684,4,-63.0,1.1919,922.25,3
189,304.75,1.0342,0.16995,-0.13912,4,-65.0,0.6089899999999999,925.25,3
190,305.0,1.0342,0.16995,-0.13912,4,-63.5,4.8673,924.25,3
191,305.75,1.0459,0.14698,-0.18473,4,-63.5,5.9963,923.25,3
192,306.5,0.97555,0.18143,-0.20754,4,-63.0,5.3797,923.75,3
193,306.75,0.97555,0.18143,-0.20754,4,-63.0,1.8423,921.25,3
194,307.5,1.339,0.0091865,-0.047893,4,-63.5,4.8735,924.25,3
195,308.75,1.2452,0.05511900000000001,-0.082102,4,-66.5,0.19021,925.75,3
196,309.0,1.2452,0.05511900000000001,-0.082102,4,-63.0,0.19635,922.75,3
197,309.25,1.2452,0.05511900000000001,-0.082102,4,-63.0,4.99,921.25,3
198,309.5,1.2452,0.05511900000000001,-0.082102,4,-64.0,5.5055,920.75,3
199,310.75,1.1749,0.078086,-0.10490999999999999,4,-63.5,0.7808,922.25,3
200,311.25,1.1749,0.078086,-0.10490999999999999,4,-63.5,5.3521,923.75,3
201,311.75,1.1749,0.066602,-0.11631,4,-65.5,0.65501,925.25,3
202,312.25,1.1749,0.066602,-0.11631,4,-63.0,1.6782,924.25,3
203,313.0,1.3859,-0.0022965999999999998,-0.036489999999999995,4,-63.0,5.8613,923.25,3
204,313.75,1.1632,0.08956900000000001,-0.10490999999999999,4,-63.0,5.3567,923.75,3
205,314.0,1.1632,0.08956900000000001,-0.10490999999999999,4,-63.0,4.9425,921.25,3
206,314.75,1.1749,0.078086,-0.10490999999999999,4,-63.5,4.8597,924.25,3
207,315.0,1.1749,0.078086,-0.10490999999999999,4,-63.0,1.3514,921.75,3
208,315.5,1.1749,0.078086,-0.10490999999999999,4,-64.0,4.3596,924.75,3
209,315.75,1.1749,0.078086,-0.10490999999999999,4,-63.0,0.77313,922.25,3
210,317.25,1.3156,0.020669999999999997,-0.059296,4,-63.5,1.6843,924.25,3
211,317.75,1.1045,0.12402,-0.15052000000000001,4,-63.0,5.8613,923.25,3
212,318.25,1.1045,0.12402,-0.15052000000000001,4,-63.0,0.7133,922.25,3
213,318.5,1.1045,0.12402,-0.15052000000000001,4,-63.0,5.3413,923.75,3
214,319.0,0.9872799999999999,0.18143,-0.19613,4,-63.5,1.8178,921.25,3
215,319.75,0.9872799999999999,0.15847,-0.19613,4,-64.5,5.9979,920.25,3
216,320.75,1.2218,0.032152999999999994,-0.10490999999999999,4,-63.0,0.73017,922.25,3
217,322.0,0.9872799999999999,0.16995,-0.19613,4,-63.5,5.4334,920.75,3
218,322.75,1.2335,0.043636,-0.09350499999999999,4,-62.5,5.8491,923.25,3
219,323.5,1.1632,0.078086,-0.11631,4,-63.0,2.1721,923.75,3
220,323.75,1.1632,0.078086,-0.11631,4,-63.5,4.967,921.25,3
221,324.5,1.339,-0.01378,-0.070699,4,-65.0,5.9917,920.25,3
222,325.0,1.339,-0.01378,-0.070699,4,-63.0,1.3116,921.75,3
223,325.5,1.2218,0.043636,-0.09350499999999999,4,-63.0,0.7761899999999999,922.25,3
224,326.0,1.2218,0.043636,-0.09350499999999999,4,-63.0,5.3321,923.75,3
225,326.75,1.0459,0.1355,-0.17332999999999998,4,-63.5,5.4303,920.75,3
226,327.5,1.1163,0.11254000000000002,-0.13912,4,-63.0,1.3008,921.75,3
227,327.75,1.1163,0.11254000000000002,-0.13912,4,-64.0,1.1505,924.75,3
228,328.0,1.1163,0.11254000000000002,-0.13912,4,-66.0,0.09664099999999999,925.75,3
229,328.5,1.1163,0.11254000000000002,-0.13912,4,-63.0,0.11657999999999999,922.75,3
230,330.78,1.1983,0.08956900000000001,-0.11631,4,-62.5,5.2754,923.75,3
231,331.0,1.1983,0.08956900000000001,-0.11631,4,-62.5,4.9149,921.25,3
232,332.5,1.0811,0.1355,-0.16192,4,-62.5,5.8383,923.25,3
233,333.0,1.0576,0.1355,-0.16192,3,-56.5,1.0861,925.75,3
234,333.25,1.0576,0.1355,-0.16192,4,-63.5,5.3873,923.75,3
235,333.5,1.0576,0.1355,-0.16192,4,-63.5,4.9977,921.25,3
236,334.75,0.9990100000000001,0.16995,-0.20754,4,-62.5,5.915,923.25,3
237,335.25,0.9990100000000001,0.16995,-0.20754,4,-63.0,0.7761899999999999,922.25,3
238,335.75,0.9990100000000001,0.16995,-0.20754,4,-62.5,2.2166,923.75,3
239,336.75,1.2335,0.078086,-0.09350499999999999,4,-65.0,5.9273,920.25,3
240,337.25,1.2335,0.078086,-0.09350499999999999,4,-63.0,5.8046,923.25,3
241,338.0,0.97555,0.19292,-0.24174,4,-62.5,2.1875,923.75,3
242,338.5,0.97555,0.19292,-0.24174,4,-63.0,1.7257,921.25,3
243,339.0,0.97555,0.19292,-0.24174,4,-63.5,5.3643,920.75,3
244,339.75,1.0576,0.14698,-0.18473,3,-54.5,5.5484,923.25,3
245,340.25,1.3742,0.020669999999999997,-0.059296,3,-56.5,1.0462,925.75,3
246,340.75,1.3742,0.020669999999999997,-0.059296,4,-63.0,0.056757,922.75,3
247,341.25,1.1163,0.11254000000000002,-0.16192,4,-64.0,5.3505,920.75,3
248,341.75,1.1163,0.11254000000000002,-0.16192,4,-64.5,5.8751,920.25,3
249,342.5,1.3742,0.0091865,-0.059296,4,-63.0,0.6872199999999999,922.25,3
250,343.0,1.3742,0.0091865,-0.059296,4,-62.5,5.2646,923.75,3
251,343.5,1.3742,0.0091865,-0.059296,4,-63.5,1.7380000000000002,921.25,3
252,344.25,1.3742,0.0091865,-0.059296,4,-64.5,5.8659,920.25,3
253,344.5,1.3742,0.0091865,-0.059296,4,-62.5,5.78,923.25,3
254,344.75,1.3742,0.0091865,-0.059296,4,-63.5,4.2323,924.75,3
255,345.75,1.0459,0.14698,-0.18473,4,-62.5,0.07976699999999999,922.75,3
256,346.0,1.0459,0.14698,-0.18473,3,-56.5,1.2548,925.25,3
257,346.25,1.0459,0.14698,-0.18473,4,-64.0,5.3827,920.75,3
258,347.0,1.128,0.11254000000000002,-0.15052000000000001,4,-62.5,5.8061,923.25,3
259,348.0,1.1163,0.11254000000000002,-0.15052000000000001,4,-62.5,0.084369,922.75,3
260,348.75,1.1632,0.078086,-0.13912,4,-63.0,4.7415,924.25,3
261,349.0,1.1632,0.078086,-0.13912,4,-65.5,5.915,920.25,3
262,349.5,1.1397,0.21588000000000002,-0.12771,4,-65.5,1.2134,924.75,3
263,349.75,1.1397,0.21588000000000002,-0.12771,1,-57.0,0.76085,922.25,3
264,350.25,1.1397,0.21588000000000002,-0.12771,3,-57.0,1.0922,923.75,3
265,350.75,0.8934799999999999,0.56038,-0.32156999999999997,4,-60.0,5.3214,921.25,1
266,351.25,0.58862,0.82449,0.031928,4,-57.5,5.6006,920.25,1
267,352.25,0.58862,0.82449,0.031928,3,-68.0,5.8629,922.25,1
268,355.0,0.58862,0.82449,0.031928,1,-62.0,6.2157,923.75,1
269,355.75,0.62379,0.8589399999999999,-0.0022806,4,-58.5,1.399,920.75,1
270,356.25,0.62379,0.8589399999999999,-0.0022806,4,-59.5,4.2813,924.25,1
271,356.5,0.62379,0.8589399999999999,-0.0022806,1,-59.5,0.97101,921.75,1
272,367.5,0.62379,0.8589399999999999,-0.0022806,1,-61.0,0.57217,922.75,1
273,368.25,0.62379,0.8589399999999999,-0.0022806,1,-60.0,1.8592,920.75,1
274,370.75,0.62379,0.8589399999999999,-0.0022806,4,-58.5,4.4025,924.25,1
275,371.25,0.62379,0.8589399999999999,-0.0022806,1,-60.0,6.2004,923.25,1
276,382.25,0.62379,0.8589399999999999,-0.0022806,4,-57.5,0.87744,922.75,1
277,383.5,0.54171,0.9163600000000001,0.066138,3,-64.5,0.158,923.25,1
278,384.0,0.54171,0.9163600000000001,0.066138,4,-60.0,1.557,925.75,1
279,384.75,0.54171,0.9163600000000001,0.066138,1,-60.0,2.7213,921.25,1
280,400.5,0.54171,0.9163600000000001,0.066138,4,-59.0,5.6849,923.25,1
281,401.25,0.54171,0.9163600000000001,0.066138,4,-58.5,4.5360000000000005,923.75,1
282,419.25,0.54171,0.9163600000000001,0.066138,1,-61.0,0.039883999999999996,920.75,1
283,420.25,0.60034,0.8819100000000001,0.08894400000000001,1,-63.5,3.4269,924.75,1
284,420.75,0.60034,0.8819100000000001,0.08894400000000001,1,-61.0,1.0170000000000001,923.75,1
285,421.25,0.60034,0.8819100000000001,0.08894400000000001,4,-58.5,0.12272000000000001,922.75,1
286,421.5,0.60034,0.8819100000000001,0.08894400000000001,1,-62.5,5.8491,925.25,1
287,422.0,0.60034,0.8819100000000001,0.08894400000000001,4,-58.5,2.6308,920.25,1
288,423.25,0.45963999999999994,0.97377,-0.013684,4,-59.0,5.5085,923.75,1
289,425.25,0.45963999999999994,0.97377,-0.013684,1,-63.5,3.8932,924.75,1
290,428.5,-0.0093803,0.8704200000000001,0.0091224,4,-49.0,1.4926,921.25,4
291,449.25,1.3977,-0.14009000000000002,0.12315,1,-59.5,6.1068,923.25,3
292,449.5,1.3977,-0.14009000000000002,0.12315,1,-57.5,5.0422,924.75,3
293,449.75,0.9990100000000001,0.066602,-0.036489999999999995,4,-63.5,1.8975,922.25,3
294,450.0,0.9990100000000001,0.066602,-0.036489999999999995,3,-52.0,5.5791,923.75,3
295,450.25,1.0694,0.05511900000000001,-0.047893,4,-62.5,4.4439,922.75,3
296,450.75,1.1983,0.032152999999999994,0.077541,4,-66.0,1.8929,925.25,3
297,451.5,1.3039,-0.036746,0.066138,4,-64.5,0.61359,920.25,3
298,451.6,1.3039,-0.036746,0.066138,4,-63.5,2.0939,921.75,3
299,451.75,1.3039,-0.036746,0.066138,4,-64.0,3.792,923.25,3
300,452.0,1.3039,-0.036746,0.066138,4,-63.0,1.6674,922.25,3
301,452.5,1.3508,-0.07119600000000001,0.08894400000000001,1,-59.0,5.5193,923.75,3
302,452.75,1.3508,-0.07119600000000001,0.08894400000000001,3,-51.5,6.1773,922.75,3
303,453.0,0.92865,0.11254000000000002,-0.11631,3,-51.0,0.91732,921.25,3
304,453.1,0.92865,0.11254000000000002,-0.11631,4,-63.5,5.7954,921.25,3
305,453.75,1.2335,-0.0022965999999999998,0.020525,3,-51.0,4.6725,920.25,3
306,454.25,1.1983,0.020669999999999997,0.020525,4,-65.0,2.1430000000000002,924.75,3
307,455.0,1.0225,0.11254000000000002,-0.059296,4,-64.5,6.2402,923.75,3
308,455.25,1.2335,0.020669999999999997,0.11175,1,-58.0,0.53996,922.75,3
309,455.5,1.2335,0.020669999999999997,0.11175,3,-50.5,0.97408,921.25,3
310,455.58,1.2335,0.020669999999999997,0.11175,1,-59.0,1.8853,921.25,3
311,455.75,1.0225,0.14698,0.043332,3,-50.5,4.4455,920.75,3
312,456.0,0.9403799999999999,0.1355,0.0091224,4,-64.5,0.001534,924.25,3
313,456.25,0.9403799999999999,0.1355,0.0091224,4,-64.0,1.014,920.25,3
314,456.5,0.9990100000000001,0.15847,-0.0022806,4,-63.5,0.7133,923.25,3
315,457.0,1.0107,0.11254000000000002,-0.025087,4,-62.5,1.6245,922.25,3
316,457.25,1.0107,0.11254000000000002,-0.025087,4,-67.0,1.1382,925.75,3
317,457.75,0.9403799999999999,0.12402,-0.082102,4,-62.5,2.5771,921.25,3
318,458.25,1.2687,0.0091865,0.054735,4,-64.0,0.024544,920.75,3
319,458.5,1.2687,0.0091865,0.054735,3,-51.5,1.5693,920.25,3
320,458.75,1.2687,0.0091865,0.054735,4,-65.0,0.4065,920.25,3
321,459.25,1.0576,0.12402,-0.036489999999999995,1,-61.0,6.207999999999999,923.25,3
322,460.0,1.0459,0.11254000000000002,-0.047893,4,-62.5,1.037,922.75,3
323,460.25,1.0459,0.11254000000000002,-0.047893,4,-63.0,5.7494,921.25,3
324,460.5,1.0459,0.11254000000000002,-0.047893,4,-64.5,1.985,925.25,3
325,460.75,0.9403799999999999,0.14698,0.15736,3,-50.0,1.063,920.75,3
326,460.85,0.9403799999999999,0.14698,0.15736,4,-61.0,4.3949,920.75,3
327,461.25,1.1866,0.032152999999999994,0.23718000000000003,4,-61.5,0.076699,921.75,3
328,461.5,0.9872799999999999,0.15847,0.077541,4,-62.5,1.5693,923.25,3
329,462.0,0.9403799999999999,0.14698,0.08894400000000001,3,-51.0,0.39576999999999996,922.25,3
330,462.5,0.9872799999999999,0.14698,0.10035,3,-50.5,6.07,922.75,3
331,462.6,0.9872799999999999,0.14698,0.10035,4,-61.5,1.7089,922.75,3
332,462.75,0.9052,0.1355,0.020525,3,-50.5,0.7915300000000001,921.25,3
333,463.0,1.0576,0.11254000000000002,0.031928,3,-50.5,1.2209999999999999,920.75,3
334,463.1,1.0576,0.11254000000000002,0.031928,4,-61.5,3.4576,920.75,3
335,463.5,0.9990100000000001,0.14698,0.043332,3,-50.5,4.6909,920.25,3
336,463.6,0.9990100000000001,0.14698,0.043332,3,-50.5,4.6756,920.25,3
337,463.75,0.9521,0.14698,-0.013684,4,-62.0,5.596,921.75,3
338,464.0,0.97555,0.15847,0.0091224,4,-62.0,0.83295,923.25,3
339,464.25,0.97555,0.15847,0.0091224,4,-64.0,5.4855,924.75,3
340,464.5,0.97555,0.15847,0.0091224,4,-62.0,1.8899,922.25,3
341,464.75,0.97555,0.15847,0.0091224,4,-63.5,0.25156999999999996,923.75,3
342,465.25,1.1983,0.043636,0.10035,4,-65.0,1.9405,925.25,3
343,465.5,1.1983,0.043636,0.10035,4,-62.5,0.37276,920.75,3
344,466.5,1.3156,-0.01378,0.12315,4,-65.0,5.4717,924.75,3
345,467.0,0.9169299999999999,0.14698,-0.036489999999999995,4,-66.0,1.3852,925.75,3
346,467.5,0.92865,0.1355,-0.047893,4,-62.0,5.8859,921.25,3
347,468.0,1.3156,-0.025263,0.11175,3,-50.5,1.1305,920.75,3
348,468.1,1.3156,-0.025263,0.11175,4,-62.0,0.13039,920.75,3
349,468.5,0.9990100000000001,0.1355,-0.036489999999999995,1,-60.0,2.4973,920.25,3
350,468.75,1.2218,0.0091865,0.08894400000000001,1,-59.0,6.254,923.25,3
351,469.25,1.1397,0.05511900000000001,0.054735,1,-59.0,0.8621,922.25,3
352,469.35,1.1397,0.05511900000000001,0.054735,4,-62.5,1.557,922.25,3
353,470.0,1.0107,0.12402,-0.025087,4,-62.0,1.172,922.75,3
354,470.08,1.0107,0.12402,-0.025087,3,-50.5,0.7531800000000001,921.25,3
355,470.13,1.0107,0.12402,-0.025087,4,-61.5,2.6937,921.25,3
356,470.78,1.2687,0.020669999999999997,0.08894400000000001,4,-64.0,0.66268,920.25,3
357,471.0,1.2687,0.020669999999999997,0.08894400000000001,4,-63.0,2.1414,921.75,3
358,471.25,1.2687,0.020669999999999997,0.08894400000000001,4,-63.5,0.60132,923.25,3
359,471.75,1.339,-0.01378,0.14595999999999998,4,-62.5,4.8228,922.25,3
360,472.5,1.1163,0.10105,0.020525,1,-59.0,1.5999,921.25,3
361,472.6,1.1163,0.10105,0.020525,4,-63.0,5.8767,921.25,3
362,474.0,1.1866,0.043636,0.077541,4,-64.5,2.3086,924.75,3
363,474.5,0.92865,0.12402,-0.047893,4,-64.0,0.13499,923.75,3
364,474.75,0.92865,0.12402,-0.047893,4,-63.0,1.1812,922.75,3
365,475.0,0.92865,0.12402,-0.047893,4,-63.0,5.8506,921.25,3
366,475.25,0.9403799999999999,0.14698,-0.025087,3,-50.0,4.2123,920.75,3
367,475.5,0.9403799999999999,0.14698,-0.025087,4,-61.5,6.2817,920.75,3
368,475.75,1.0576,0.11254000000000002,0.020525,4,-63.0,0.48781,920.25,3
369,476.0,1.1749,0.043636,0.066138,1,-59.0,6.2264,923.25,3
370,476.25,1.1749,0.043636,0.066138,4,-63.5,0.5230899999999999,923.25,3
371,476.5,0.92865,0.1355,-0.047893,3,-50.5,0.001534,922.25,3
372,476.6,0.92865,0.1355,-0.047893,4,-62.5,4.7032,922.25,3
373,477.0,0.92865,0.14698,-0.059296,1,-59.0,0.39116999999999996,922.75,3
374,477.25,0.9169299999999999,0.14698,-0.036489999999999995,3,-50.5,0.7025600000000001,921.25,3
375,477.35,0.9169299999999999,0.14698,-0.036489999999999995,3,-50.5,0.69796,921.25,3
376,477.5,0.9521,0.14698,-0.036489999999999995,4,-66.0,4.8643,925.25,3
377,478.0,1.3625,-0.025263,0.12315,4,-64.0,2.7243,924.25,3
378,478.1,1.3625,-0.025263,0.12315,4,-63.5,0.60132,920.25,3
379,478.25,1.3625,-0.025263,0.12315,4,-62.0,2.2273,921.75,3
380,478.75,1.2452,0.0091865,0.08894400000000001,3,-51.0,2.5955,923.25,3
381,478.85,1.2452,0.0091865,0.08894400000000001,3,-52.0,1.7257,924.75,3
382,479.0,1.1866,0.043636,0.043332,4,-62.0,1.6644,922.25,3
383,479.25,0.9403799999999999,0.14698,-0.059296,4,-63.5,0.069029,923.75,3
384,479.5,0.9403799999999999,0.14698,-0.059296,4,-62.0,1.1582,922.75,3
385,480.0,0.9521,0.12402,-0.070699,3,-52.5,4.516,925.25,3
386,480.25,1.1514,0.043636,0.054735,4,-63.5,0.38656,920.75,3
387,480.5,1.2218,0.066602,0.19157000000000002,3,-50.0,4.6265,920.25,3
388,480.75,1.2218,0.066602,0.19157000000000002,3,-50.0,4.6372,920.25,3
389,480.88,1.1163,0.16995,0.11175,4,-65.5,5.5085,921.75,3
390,481.25,0.92865,0.14698,0.020525,4,-61.5,1.8454,922.25,3
391,481.75,1.0107,0.16995,0.031928,3,-51.0,2.2166,923.75,3
392,482.0,0.9990100000000001,0.16995,0.0091224,3,-51.0,6.0071,922.75,3
393,482.1,0.9990100000000001,0.16995,0.0091224,1,-59.0,0.35128000000000004,922.75,3
394,482.25,0.96383,0.14698,-0.036489999999999995,4,-66.0,4.9839,925.25,3
395,483.0,0.9403799999999999,0.15847,-0.047893,4,-64.0,0.6412,920.25,3
396,483.25,0.9403799999999999,0.15847,-0.047893,1,-59.0,1.1858,921.75,3
397,483.5,0.9872799999999999,0.16995,-0.025087,4,-63.5,0.6381399999999999,923.25,3
