,time,frontal,vertical,lateral,id,rssi,phase,freq,label
0,0.0,0.56517,0.8704200000000001,-0.11631,3,-58.0,4.2951,921.75,1
1,0.25,0.56517,0.8704200000000001,-0.11631,1,-60.5,2.0264,923.25,1
2,0.5,0.56517,0.8704200000000001,-0.11631,3,-59.5,5.2355,924.75,1
3,0.75,0.56517,0.8704200000000001,-0.11631,4,-57.0,0.19942000000000001,925.75,1
4,1.0,0.56517,0.8704200000000001,-0.11631,4,-56.5,5.3843,923.75,1
5,1.25,0.56517,0.8704200000000001,-0.11631,1,-60.5,2.2089,922.75,1
6,1.5,0.56517,0.8704200000000001,-0.11631,4,-57.5,4.2583,925.25,1
7,2.0,0.56517,0.8704200000000001,-0.11631,4,-57.0,5.3889,924.25,1
8,2.75,0.58862,0.8819100000000001,-0.047893,4,-57.0,0.16567,923.25,1
9,3.0,0.58862,0.8819100000000001,-0.047893,4,-57.0,1.1367,922.25,1
10,3.5,0.58862,0.8819100000000001,-0.047893,4,-57.0,5.7908,923.75,1
11,4.0,0.58862,0.8819100000000001,-0.047893,4,-57.0,1.2057,925.25,1
12,4.5,0.58862,0.8819100000000001,-0.047893,4,-56.5,5.3321,924.25,1
13,4.75,0.58862,0.8819100000000001,-0.047893,4,-56.5,1.6214,921.75,1
14,5.5,0.54171,0.9048700000000001,-0.070699,1,-61.0,5.9074,922.25,1
15,6.0,0.54171,0.9048700000000001,-0.070699,4,-57.0,0.48627,922.75,1
16,6.25,0.54171,0.9048700000000001,-0.070699,4,-56.5,1.7886,921.25,1
17,6.5,0.54171,0.9048700000000001,-0.070699,4,-57.5,0.58291,925.25,1
18,6.75,0.54171,0.9048700000000001,-0.070699,4,-56.5,1.8132,920.75,1
19,7.0,0.54171,0.9048700000000001,-0.070699,1,-61.0,4.1617,924.25,1
20,7.25,0.54171,0.9048700000000001,-0.070699,4,-57.0,1.0661,921.75,1
21,7.5,0.54171,0.9048700000000001,-0.070699,4,-57.0,5.7739,923.25,1
22,8.25,0.61207,0.8819100000000001,-0.082102,4,-58.5,0.10737999999999999,925.75,1
23,8.5,0.61207,0.8819100000000001,-0.082102,4,-56.5,4.9333,923.75,1
24,8.75,0.61207,0.8819100000000001,-0.082102,1,-59.5,5.415,922.75,1
25,9.0,0.61207,0.8819100000000001,-0.082102,1,-63.0,0.34820999999999996,925.25,1
26,9.5,0.61207,0.8819100000000001,-0.082102,3,-60.0,2.2918,924.25,1
27,9.75,0.61207,0.8819100000000001,-0.082102,4,-57.0,0.9434,921.75,1
28,10.0,0.61207,0.8819100000000001,-0.082102,4,-56.5,5.6006,923.25,1
29,10.5,0.50654,0.9048700000000001,-0.12771,4,-57.0,0.44178999999999996,922.25,1
30,10.75,0.50654,0.9048700000000001,-0.12771,4,-57.0,5.1557,923.75,1
31,11.0,0.50654,0.9048700000000001,-0.12771,4,-57.0,6.1957,922.75,1
32,11.25,0.50654,0.9048700000000001,-0.12771,4,-57.0,1.534,921.25,1
33,11.5,0.50654,0.9048700000000001,-0.12771,4,-57.0,1.9512,920.75,1
34,11.75,0.50654,0.9048700000000001,-0.12771,4,-57.0,4.7063,924.25,1
35,12.25,0.50654,0.9048700000000001,-0.12771,1,-61.0,0.003068,921.75,1
36,12.5,0.50654,0.9048700000000001,-0.12771,4,-57.5,5.8659,923.25,1
37,12.75,0.50654,0.9048700000000001,-0.12771,4,-57.5,0.6089899999999999,922.25,1
38,13.75,0.60034,0.8819100000000001,-0.082102,3,-61.0,4.1954,921.25,1
39,14.5,0.60034,0.8819100000000001,-0.082102,4,-58.0,2.62,920.25,1
40,15.25,0.52999,0.9048700000000001,-0.10490999999999999,4,-57.5,0.76085,922.25,1
41,15.75,0.52999,0.9048700000000001,-0.10490999999999999,1,-63.5,1.3591,923.75,1
42,16.25,0.52999,0.9048700000000001,-0.10490999999999999,4,-57.0,1.7395,921.25,1
43,16.5,0.52999,0.9048700000000001,-0.10490999999999999,4,-57.5,2.2028,920.75,1
44,17.0,0.52999,0.9048700000000001,-0.10490999999999999,4,-57.5,2.6615,920.25,1
45,17.25,0.52999,0.9048700000000001,-0.10490999999999999,4,-57.5,5.9273,923.25,1
46,17.75,0.52999,0.9048700000000001,-0.10490999999999999,1,-61.5,5.7417,922.25,1
47,18.5,0.56517,0.89339,-0.082102,4,-57.0,1.6582,921.25,1
48,19.0,0.56517,0.89339,-0.082102,4,-57.5,4.8827,924.25,1
49,19.5,0.56517,0.89339,-0.082102,4,-57.0,1.1796,921.75,1
50,19.75,0.56517,0.89339,-0.082102,4,-57.5,5.8567,923.25,1
51,20.0,0.56517,0.89339,-0.082102,1,-61.5,5.6404,922.25,1
52,20.75,0.56517,0.89339,-0.082102,4,-57.5,0.070563,922.75,1
53,21.0,0.56517,0.89339,-0.082102,1,-62.0,3.5036,921.25,1
54,22.25,0.5534399999999999,0.89339,-0.10490999999999999,1,-63.0,1.6904,923.25,1
55,22.75,0.5534399999999999,0.89339,-0.10490999999999999,1,-61.5,5.6757,922.25,1
56,23.25,0.5534399999999999,0.89339,-0.10490999999999999,1,-61.5,5.2401,922.75,1
57,23.75,0.5534399999999999,0.89339,-0.10490999999999999,4,-58.0,3.9377,925.25,1
58,24.0,0.5534399999999999,0.89339,-0.10490999999999999,4,-57.5,4.8704,924.25,1
59,24.5,0.5534399999999999,0.89339,-0.10490999999999999,4,-57.5,1.1443,921.75,1
60,25.25,0.58862,0.89339,-0.082102,4,-59.0,0.27765,925.75,1
61,25.75,0.58862,0.89339,-0.082102,1,-61.5,5.2017,922.75,1
62,26.25,0.58862,0.89339,-0.082102,1,-62.5,0.7808,920.75,1
63,26.75,0.58862,0.89339,-0.082102,4,-57.0,1.1996,921.75,1
64,27.0,0.58862,0.89339,-0.082102,4,-57.5,5.8705,923.25,1
65,28.0,0.62379,0.8704200000000001,-0.059296,1,-63.0,4.4087,923.75,1
66,28.25,0.62379,0.8704200000000001,-0.059296,4,-57.0,1.6751,921.25,1
67,28.75,0.62379,0.8704200000000001,-0.059296,1,-64.0,0.8575,924.25,1
68,29.25,0.62379,0.8704200000000001,-0.059296,1,-62.0,6.1144,921.75,1
69,29.75,0.62379,0.8704200000000001,-0.059296,4,-57.5,0.6412,922.25,1
70,30.25,0.62379,0.8704200000000001,-0.059296,4,-57.5,5.3183,923.75,1
71,31.0,0.57689,0.8819100000000001,-0.09350499999999999,4,-57.5,2.1031,920.75,1
72,31.5,0.57689,0.8819100000000001,-0.09350499999999999,1,-62.5,1.2164,920.25,1
73,32.0,0.57689,0.8819100000000001,-0.09350499999999999,4,-57.0,5.7984,923.25,1
74,32.25,0.57689,0.8819100000000001,-0.09350499999999999,4,-57.5,0.62126,922.25,1
75,32.75,0.57689,0.8819100000000001,-0.09350499999999999,4,-57.0,5.329,923.75,1
76,33.0,0.57689,0.8819100000000001,-0.09350499999999999,1,-62.0,1.9880000000000002,922.75,1
77,33.75,0.57689,0.8819100000000001,-0.09350499999999999,4,-58.0,1.1643,924.25,1
78,34.0,0.57689,0.8819100000000001,-0.09350499999999999,4,-56.0,1.1505,921.75,1
79,34.75,0.49481,0.69818,0.57927,3,-66.0,5.9319,922.25,1
80,35.5,0.49481,0.69818,0.57927,3,-57.0,1.7763,922.75,1
81,35.6,0.49481,0.69818,0.57927,1,-59.0,6.0009,921.25,1
82,35.75,0.49481,0.69818,0.57927,4,-62.0,0.5706399999999999,925.25,1
83,36.0,1.1163,0.2733,0.0091224,4,-62.5,3.4192,920.75,3
84,36.25,1.0459,0.21588000000000002,0.031928,4,-65.0,0.8851100000000001,920.25,3
85,36.75,0.9403799999999999,0.19292,-0.09350499999999999,4,-66.0,6.2817,923.25,3
86,37.5,0.9521,0.11254000000000002,-0.025087,4,-67.5,1.0784,925.75,3
87,37.75,0.9521,0.11254000000000002,-0.025087,4,-63.5,3.6601,922.75,3
88,38.5,1.4094,-0.07119600000000001,0.15736,4,-64.0,5.7586,920.75,3
89,38.75,1.4094,-0.07119600000000001,0.15736,4,-64.0,2.031,924.25,3
90,39.5,1.0928,0.05511900000000001,-0.10490999999999999,4,-63.5,0.9434,922.25,3
91,40.0,1.0928,0.05511900000000001,-0.10490999999999999,4,-63.5,2.3777,923.75,3
92,41.0,1.2218,-0.0022965999999999998,-0.013684,4,-64.0,1.8638,924.25,3
93,42.25,1.3273,-0.059712,-0.0022806,3,-56.0,1.2195,925.75,3
94,42.75,1.1514,0.032152999999999994,-0.059296,4,-63.0,0.34515,922.75,3
95,43.0,1.1514,0.032152999999999994,-0.059296,3,-55.5,1.4496,925.25,3
96,43.5,1.3508,-0.059712,0.020525,4,-64.5,6.0255,920.25,3
97,44.0,1.3508,-0.059712,0.020525,4,-62.5,4.4854,921.75,3
98,44.5,1.128,0.05511900000000001,-0.059296,4,-64.5,1.3177,924.75,3
99,45.25,1.0107,0.11254000000000002,-0.13912,4,-63.0,0.22855999999999999,922.75,3
100,46.0,1.0459,0.10105,-0.11631,4,-63.5,1.8684,924.25,3
101,48.25,0.9521,0.1355,-0.16192,4,-63.5,2.3547,920.75,3
102,48.75,0.92865,0.12402,-0.16192,4,-63.0,1.3254,921.75,3
103,49.0,0.92865,0.12402,-0.16192,4,-63.0,5.938,923.25,3
104,50.0,1.0694,0.10105,-0.11631,4,-63.0,0.23163000000000003,922.75,3
105,50.25,1.128,0.05511900000000001,-0.070699,4,-65.5,0.7761899999999999,925.25,3
106,52.0,1.0928,0.066602,-0.09350499999999999,4,-66.5,0.26845,925.75,3
107,52.5,1.0576,0.10105,-0.11631,4,-63.0,1.781,921.25,3
108,52.75,1.0576,0.10105,-0.11631,4,-65.5,0.75625,925.25,3
109,53.75,1.0107,0.1355,-0.12771,4,-63.0,5.9043,923.25,3
110,54.0,1.0107,0.1355,-0.12771,4,-64.5,1.287,924.75,3
111,55.0,1.0459,0.08956900000000001,-0.11631,4,-63.0,0.19328,922.75,3
112,55.5,1.1163,0.066602,-0.082102,3,-53.0,0.8575,920.75,3
113,56.75,1.128,0.043636,-0.082102,4,-66.5,0.26078,925.75,3
114,57.5,1.339,-0.025263,0.0091224,4,-63.0,1.7763,921.25,3
115,58.0,1.2452,0.0091865,-0.036489999999999995,4,-63.5,4.8474,924.25,3
116,58.25,1.2452,0.0091865,-0.036489999999999995,4,-64.0,5.9227,920.25,3
117,58.75,1.2452,0.0091865,-0.036489999999999995,4,-63.0,5.8844,923.25,3
118,59.75,1.1397,0.05511900000000001,-0.070699,4,-63.0,0.18715,922.75,3
119,60.0,1.1397,0.05511900000000001,-0.070699,4,-65.5,0.75165,925.25,3
120,61.0,1.0225,0.12402,-0.13912,4,-63.0,2.7366,923.25,3
121,62.0,1.339,-0.025263,-0.0022806,4,-63.5,5.3398,923.75,3
122,62.75,1.1045,0.066602,-0.09350499999999999,4,-65.5,0.70717,925.25,3
123,64.75,1.3273,-0.036746,-0.0022806,4,-63.0,1.784,921.25,3
124,65.5,0.9521,0.11254000000000002,-0.15052000000000001,4,-63.5,4.8627,924.25,3
125,66.5,1.0107,0.12402,-0.13912,3,-56.0,1.0922,925.75,3
126,67.25,1.0225,0.11254000000000002,-0.13912,4,-63.0,1.7411,921.25,3
127,67.5,1.0225,0.11254000000000002,-0.13912,4,-63.5,5.3766,920.75,3
128,68.0,1.0225,0.11254000000000002,-0.13912,4,-63.5,1.7104,924.25,3
129,68.5,1.0459,0.10105,-0.11631,1,-63.0,4.7262,923.25,3
130,69.25,1.3508,-0.025263,0.0091224,4,-63.0,5.3106,923.75,3
131,69.5,1.3508,-0.025263,0.0091224,4,-63.0,0.12732000000000002,922.75,3
132,70.0,1.0107,0.12402,-0.15052000000000001,4,-63.5,5.3674,920.75,3
133,70.75,1.0576,0.08956900000000001,-0.12771,4,-63.0,1.2195,921.75,3
134,71.0,1.0576,0.08956900000000001,-0.12771,3,-54.5,4.7446,924.75,3
135,71.5,0.9521,0.12402,-0.16192,3,-56.5,1.1183,925.75,3
136,73.75,1.3742,-0.036746,0.020525,4,-66.0,0.17027,925.75,3
137,74.75,1.2804,-0.025263,-0.025087,4,-65.5,0.69029,925.25,3
138,77.75,1.3273,-0.036746,-0.0022806,4,-64.0,5.8613,920.25,3
139,78.25,0.9872799999999999,0.12402,-0.15052000000000001,4,-62.5,2.7044,923.25,3
140,80.5,1.1045,0.078086,-0.09350499999999999,4,-63.0,5.8229999999999995,923.25,3
141,81.25,1.0459,0.11254000000000002,-0.11631,4,-66.0,0.15953,925.75,3
142,82.75,1.0459,0.08956900000000001,-0.11631,4,-64.0,5.846,920.25,3
143,83.75,1.1397,0.05511900000000001,-0.070699,4,-63.0,5.3536,923.75,3
144,84.5,1.1514,0.05511900000000001,-0.082102,4,-65.0,0.7255699999999999,925.25,3
145,85.75,1.1045,0.078086,-0.09350499999999999,4,-62.5,3.8411,922.25,3
146,86.25,1.1045,0.078086,-0.09350499999999999,4,-63.0,5.3229,923.75,3
147,86.75,1.0928,0.14698,-0.11631,1,-58.0,4.3964,925.25,3
148,87.25,1.0107,0.31923,-0.059296,1,-56.5,5.8736,924.25,3
149,87.75,1.0459,0.46851000000000004,-0.11631,3,-58.0,0.30219,921.75,1
150,88.0,1.0459,0.46851000000000004,-0.11631,1,-58.0,2.4636,923.25,1
151,88.25,1.0459,0.46851000000000004,-0.11631,1,-58.5,1.85,924.75,1
152,88.325,1.0459,0.46851000000000004,-0.11631,4,-59.5,6.0792,922.25,1
153,90.5,0.56517,0.79004,0.43103,4,-60.5,2.0402,923.25,1
154,91.0,0.56517,0.79004,0.43103,3,-60.0,2.5173,923.75,1
155,91.5,0.56517,0.79004,0.43103,3,-59.5,0.033748,922.75,1
156,91.75,0.56517,0.79004,0.43103,1,-57.5,4.9808,925.25,1
157,92.25,0.40101,0.96229,-0.09350499999999999,3,-60.0,4.6986,920.25,1
158,92.5,0.40101,0.96229,-0.09350499999999999,3,-60.0,0.44332,921.75,1
159,92.75,0.40101,0.96229,-0.09350499999999999,4,-60.5,0.98635,923.25,1
160,93.25,0.40101,0.96229,-0.09350499999999999,1,-56.0,1.0048,922.25,1
161,93.5,0.40101,0.96229,-0.09350499999999999,1,-57.0,5.9411,923.75,1
162,93.75,0.40101,0.96229,-0.09350499999999999,3,-60.5,6.1635,922.75,1
163,94.0,0.40101,0.96229,-0.09350499999999999,1,-55.5,1.8346,921.25,1
164,94.25,0.40101,0.96229,-0.09350499999999999,1,-57.5,4.6648,925.25,1
165,95.0,0.44791000000000003,0.95081,-0.059296,1,-56.5,5.8445,920.25,1
166,95.1,0.44791000000000003,0.95081,-0.059296,3,-60.0,0.62893,921.75,1
167,95.25,0.44791000000000003,0.95081,-0.059296,1,-57.5,5.0499,924.75,1
168,95.75,0.44791000000000003,0.95081,-0.059296,1,-56.5,1.0170000000000001,922.25,1
169,96.0,0.44791000000000003,0.95081,-0.059296,4,-61.0,0.35588000000000003,923.75,1
170,96.75,0.44791000000000003,0.93932,-0.013684,1,-56.5,5.6558,920.75,1
171,97.25,0.44791000000000003,0.93932,-0.013684,3,-61.0,4.3596,920.25,1
172,97.5,0.44791000000000003,0.93932,-0.013684,1,-56.0,1.6444,921.75,1
173,97.75,0.44791000000000003,0.93932,-0.013684,1,-57.5,0.19482,923.25,1
174,98.75,0.44791000000000003,0.93932,-0.013684,1,-62.0,5.7954,922.75,1
175,104.25,0.70587,0.8359700000000001,0.08894400000000001,1,-61.0,2.7949,924.25,1
176,106.0,0.70587,0.8359700000000001,0.08894400000000001,1,-60.0,1.1106,922.75,1
177,107.75,0.70587,0.8359700000000001,0.08894400000000001,3,-65.0,6.2648,922.25,1
178,109.75,0.70587,0.8359700000000001,0.08894400000000001,1,-60.5,0.72097,923.25,1
179,111.75,0.70587,0.8359700000000001,0.08894400000000001,1,-61.0,6.1022,924.25,1
180,113.25,0.70587,0.8359700000000001,0.08894400000000001,1,-60.0,1.195,922.75,1
181,117.0,0.70587,0.84746,0.13455999999999999,1,-60.5,0.77313,921.75,1
182,119.5,0.70587,0.84746,0.13455999999999999,1,-60.0,0.55684,923.25,1
183,121.0,0.70587,0.84746,0.13455999999999999,3,-66.0,0.90505,925.25,1
184,122.75,0.70587,0.84746,0.13455999999999999,1,-60.5,0.11045,923.75,1
185,124.5,0.70587,0.84746,0.13455999999999999,1,-60.0,0.38503000000000004,923.25,1
186,125.0,0.70587,0.84746,0.13455999999999999,1,-60.5,1.2241,925.75,1
187,125.75,0.70587,0.84746,0.13455999999999999,3,-61.0,4.1049,921.25,1
188,126.75,0.50654,0.9048700000000001,-0.059296,1,-59.0,0.4065,923.25,1
189,127.25,0.50654,0.9048700000000001,-0.059296,4,-60.0,2.8609,922.25,1
190,127.75,0.50654,0.9048700000000001,-0.059296,4,-59.5,2.2718,922.75,1
191,128.5,0.50654,0.9048700000000001,-0.059296,1,-59.0,2.5495,920.75,1
192,129.0,0.50654,0.9048700000000001,-0.059296,1,-58.0,1.6904,921.75,1
193,129.5,0.50654,0.9048700000000001,-0.059296,3,-62.5,1.2134,924.75,1
194,130.25,0.50654,0.9048700000000001,-0.059296,1,-59.0,0.7761899999999999,922.75,1
195,131.0,0.50654,0.9048700000000001,-0.059296,4,-61.0,0.8820399999999999,924.25,1
196,132.75,0.60034,0.8704200000000001,0.0091224,1,-60.5,6.0669,922.75,1
197,134.5,0.60034,0.8704200000000001,0.0091224,4,-58.5,0.14573,922.25,1
198,137.5,0.60034,0.8704200000000001,0.0091224,3,-64.0,6.0362,923.75,1
199,138.5,0.60034,0.8704200000000001,0.0091224,1,-60.5,1.0538,924.25,1
200,140.5,0.37756,0.95081,-0.0022806,1,-61.5,0.52462,925.25,1
201,141.5,0.37756,0.95081,-0.0022806,1,-60.0,5.3260000000000005,923.25,1
202,142.25,0.37756,0.95081,-0.0022806,1,-60.0,1.8208,923.75,1
203,143.25,0.37756,0.95081,-0.0022806,1,-60.5,1.4097,924.25,1
204,144.25,0.37756,0.95081,-0.0022806,1,-60.5,6.2694,922.25,1
205,145.0,0.37756,0.95081,-0.0022806,1,-60.0,2.6783,922.75,1
206,146.25,0.37756,0.95081,-0.0022806,4,-58.5,1.2364,923.25,1
207,147.0,0.37756,0.95081,-0.0022806,4,-58.5,0.71023,923.75,1
208,148.75,0.40101,0.93932,0.020525,1,-60.0,2.3040000000000003,923.25,1
209,149.5,0.40101,0.93932,0.020525,1,-61.5,0.13499,925.75,1
210,150.5,0.40101,0.93932,0.020525,1,-60.5,1.4251,924.25,1
211,151.5,0.40101,0.93932,0.020525,1,-60.5,2.1552,922.25,1
212,152.25,0.40101,0.93932,0.020525,4,-59.5,6.0838,922.75,1
213,152.5,0.40101,0.93932,0.020525,3,-58.0,3.861,921.25,1
214,152.75,0.40101,0.93932,0.020525,1,-58.0,2.5863,920.75,1
215,153.0,0.40101,0.93932,0.020525,1,-59.0,5.8491,924.25,1
216,153.75,0.52999,0.9048700000000001,-0.082102,4,-59.5,1.8945,923.25,1
217,154.0,0.52999,0.9048700000000001,-0.082102,1,-58.0,1.1014,922.25,1
218,154.25,0.52999,0.9048700000000001,-0.082102,3,-58.5,2.0325,923.75,1
219,154.75,0.52999,0.9048700000000001,-0.082102,4,-58.5,4.0451,922.75,1
220,157.0,0.52999,0.9048700000000001,-0.082102,1,-61.5,0.4694,923.75,4
221,157.5,0.2603,0.8589399999999999,-0.17332999999999998,1,-56.5,1.0293,925.25,4
222,157.75,0.2603,0.8589399999999999,-0.17332999999999998,4,-67.0,0.90505,920.75,4
223,158.25,0.27203,0.99674,-0.070699,1,-49.5,0.98175,921.75,4
224,159.5,0.37756,0.99674,0.0091224,2,-58.0,2.775,923.75,4
225,161.5,0.37756,0.99674,0.0091224,2,-55.5,0.41417,922.25,4
226,162.0,0.37756,0.99674,0.0091224,2,-57.0,3.6141,922.75,4
227,162.5,0.37756,0.99674,0.0091224,2,-57.5,5.8276,925.25,4
228,163.0,0.20168,0.96229,0.054735,2,-55.5,4.7461,920.25,4
229,165.5,0.20168,0.96229,0.054735,2,-55.5,5.8629,920.25,2
230,166.5,0.47136000000000006,0.92784,-0.013684,2,-56.0,5.2662,925.75,2
231,167.5,0.56517,0.9163600000000001,0.0091224,2,-56.5,0.96641,920.75,2
232,168.25,0.56517,0.9163600000000001,0.0091224,2,-58.0,0.17487,923.25,2
233,169.25,0.56517,0.9163600000000001,0.0091224,2,-57.5,0.67955,922.75,2
234,172.0,0.56517,0.9163600000000001,0.0091224,2,-59.5,5.3444,925.25,2
235,175.0,0.56517,0.9163600000000001,0.0091224,2,-58.5,5.8736,924.25,2
236,176.5,0.56517,0.9163600000000001,0.0091224,2,-58.5,0.58138,922.75,2
237,191.25,0.56517,0.9163600000000001,0.0091224,2,-58.5,0.033748,921.25,2
238,203.5,0.56517,0.9163600000000001,0.0091224,2,-58.0,0.41263999999999995,921.25,2
239,213.0,0.72932,0.80152,0.10035,2,-57.5,5.0146,923.75,2
240,218.0,0.72932,0.80152,0.10035,2,-58.0,5.5239,922.75,2
241,220.5,0.72932,0.80152,0.10035,2,-59.0,0.041417,921.25,2
242,222.75,0.72932,0.80152,0.10035,2,-58.0,5.4993,922.75,2
243,224.5,0.72932,0.80152,0.10035,2,-59.0,4.4577,924.75,2
244,227.0,0.72932,0.80152,0.10035,2,-58.5,4.3734,924.75,2
245,235.25,0.70587,0.82449,0.077541,2,-58.0,5.4226,922.75,2
246,237.25,0.70587,0.82449,0.077541,2,-57.0,1.0677,923.75,2
247,237.75,0.70587,0.82449,0.077541,2,-57.0,5.9196,921.25,2
248,239.0,0.70587,0.82449,0.077541,2,-57.5,5.1235,923.25,2
249,244.75,0.68242,0.8359700000000001,0.066138,2,-57.5,4.4363,923.75,2
250,246.25,0.68242,0.8359700000000001,0.066138,2,-57.5,4.7293,923.25,2
251,247.5,0.68242,0.8359700000000001,0.066138,2,-57.0,5.7555,921.25,2
252,248.0,0.68242,0.8359700000000001,0.066138,2,-57.0,0.42031,924.25,2
253,248.5,0.68242,0.8359700000000001,0.066138,2,-56.0,5.0621,921.75,2
254,249.0,0.68242,0.8359700000000001,0.066138,2,-56.5,4.8597,922.25,2
255,249.75,0.68242,0.8359700000000001,0.066138,2,-57.0,4.7262,922.75,2
256,251.5,0.8114,0.79004,0.077541,2,-57.0,5.461,922.25,2
257,252.5,0.8114,0.79004,0.077541,2,-57.0,0.9203899999999999,921.25,2
258,254.5,0.2134,1.0197,-0.13912,2,-50.0,2.3363,923.75,4
259,255.0,0.43618999999999997,0.8589399999999999,-0.12771,2,-49.5,2.3086,925.25,4
260,255.25,0.23685,0.97377,-0.23034000000000002,2,-48.5,0.3881,920.75,4
261,255.5,0.17823,1.2149,-0.12771,2,-48.5,5.3183,920.25,4
262,256.0,0.23685,0.98526,0.12315,2,-50.0,5.7984,921.75,4
263,256.13,0.23685,0.98526,0.12315,1,-67.5,6.274,923.25,4
264,256.5,0.20168,0.95081,-0.13912,3,-66.5,5.7509,922.25,4
265,261.0,0.20168,0.95081,-0.13912,1,-63.5,0.65041,923.25,1
266,261.75,0.20168,0.95081,-0.13912,4,-60.0,5.2692,922.75,1
267,262.75,0.20168,0.95081,-0.13912,4,-57.5,4.8305,924.25,1
268,264.75,0.62379,0.8359700000000001,0.37401999999999996,1,-60.5,4.9793,921.25,1
269,265.5,0.62379,0.8359700000000001,0.37401999999999996,4,-59.0,5.1895,920.25,1
270,265.75,1.2218,0.25033,0.15736,4,-64.0,0.2485,923.25,3
271,266.25,0.87003,0.37665,-0.15052000000000001,3,-54.0,5.8844,925.75,3
272,266.5,0.87003,0.37665,-0.15052000000000001,1,-64.5,0.067495,925.75,3
273,267.25,1.2687,-0.036746,0.066138,4,-68.0,1.784,925.25,3
274,267.75,0.9872799999999999,0.19292,-0.09350499999999999,3,-51.5,4.3473,920.25,3
275,268.0,0.87003,0.12402,-0.15052000000000001,4,-63.0,2.1261,921.75,3
276,268.1,0.87003,0.12402,-0.15052000000000001,4,-64.0,0.5261600000000001,923.25,3
277,269.0,1.3039,0.020669999999999997,0.054735,3,-52.0,5.6619,923.75,3
278,269.5,0.9403799999999999,0.15847,-0.13912,4,-63.5,5.4886,921.25,3
279,270.25,1.2335,0.05511900000000001,-0.047893,4,-64.0,0.21475999999999998,920.25,3
280,270.5,1.2335,0.05511900000000001,-0.047893,4,-62.5,1.7564,921.75,3
281,271.25,0.9872799999999999,0.18143,-0.16192,4,-62.5,1.175,922.25,3
282,271.75,1.1397,0.10105,-0.070699,4,-62.5,2.258,921.25,3
283,272.5,0.9990100000000001,0.19292,-0.16192,4,-63.5,5.303,924.25,3
284,274.0,1.2452,0.032152999999999994,-0.047893,4,-63.0,2.6707,923.75,3
285,274.25,1.2804,0.043636,-0.036489999999999995,4,-63.0,5.3873,921.25,3
286,275.25,0.97555,0.18143,-0.16192,4,-64.0,0.14573,920.25,3
287,276.25,0.9052,0.16995,-0.18473,4,-66.0,0.6995,925.75,3
288,276.5,0.9052,0.16995,-0.18473,3,-52.0,6.0454,922.75,3
289,276.75,1.2218,0.05511900000000001,-0.036489999999999995,4,-63.0,2.2611,921.25,3
290,277.25,1.1514,0.10105,-0.070699,4,-63.5,5.237,924.25,3
291,278.0,0.9521,0.18143,-0.17332999999999998,4,-64.0,4.7415,924.75,3
292,279.25,0.96383,0.19292,-0.16192,4,-65.0,1.1382,925.25,3
293,279.75,1.1866,0.08956900000000001,-0.047893,4,-63.5,5.2677,924.25,3
294,281.25,1.339,0.020669999999999997,-0.0022806,4,-63.0,5.7601,923.75,3
295,281.75,0.96383,0.19292,-0.16192,3,-52.0,0.7225,921.25,3
296,281.82,0.96383,0.19292,-0.16192,4,-62.5,2.2074,921.25,3
297,282.5,1.1045,0.14698,-0.11631,4,-64.0,0.12579,920.25,3
298,282.57,1.1045,0.14698,-0.11631,4,-62.0,1.7027,921.75,3
299,285.0,1.0107,0.18143,-0.15052000000000001,4,-62.0,1.7227,921.75,3
300,285.5,1.3156,0.020669999999999997,-0.013684,4,-62.0,1.1965,922.25,3
301,285.75,1.3156,0.020669999999999997,-0.013684,4,-66.0,0.60285,925.75,3
302,286.75,1.3039,0.05511900000000001,-0.025087,4,-65.0,1.0646,925.25,3
303,287.0,1.3039,0.05511900000000001,-0.025087,4,-63.0,5.8383,920.75,3
304,287.25,0.97555,0.18143,-0.16192,4,-63.5,0.099709,920.25,3
305,288.5,0.96383,0.19292,-0.16192,4,-63.0,5.7003,923.75,3
306,289.5,0.9521,0.18143,-0.17332999999999998,4,-63.0,5.1695,924.25,3
307,290.0,1.1045,0.12402,-0.10490999999999999,3,-52.0,5.6389,923.25,3
308,290.5,1.0107,0.18143,-0.13912,3,-52.0,0.053689,922.25,3
309,290.75,1.0225,0.15847,-0.15052000000000001,4,-65.5,0.59058,925.75,3
310,291.25,1.3273,0.020669999999999997,-0.025087,4,-62.5,2.2427,921.25,3
311,291.75,1.2335,0.05511900000000001,-0.036489999999999995,4,-63.5,5.2324,924.25,3
312,292.25,1.0107,0.19292,-0.16192,4,-62.0,1.6659,921.75,3
313,293.0,0.9990100000000001,0.18143,-0.16192,4,-62.0,1.0953,922.25,3
314,293.75,1.0225,0.16995,-0.13912,4,-63.0,2.1997,921.25,3
315,294.5,1.128,0.12402,-0.09350499999999999,4,-63.5,5.2125,924.25,3
316,295.25,0.9403799999999999,0.16995,-0.17332999999999998,4,-64.0,1.5693,924.75,3
317,295.5,0.9403799999999999,0.16995,-0.17332999999999998,4,-66.5,0.57831,925.75,3
318,296.0,1.0342,0.16995,-0.13912,4,-63.5,0.5476300000000001,922.75,3
319,296.25,1.0342,0.16995,-0.13912,4,-64.0,5.3244,921.25,3
320,297.25,1.128,0.11254000000000002,-0.11631,4,-63.0,1.6628,921.75,3
321,297.5,1.128,0.11254000000000002,-0.11631,4,-62.5,0.061359000000000004,923.25,3
322,298.0,1.0225,0.18143,-0.21894,4,-62.5,1.1152,922.25,3
323,298.5,1.2335,0.078086,-0.070699,4,-62.5,0.54303,922.75,3
324,298.75,1.2335,0.078086,-0.070699,4,-62.5,5.2708,921.25,3
325,299.0,1.2335,0.078086,-0.070699,4,-64.5,0.97254,925.25,3
326,299.5,1.0811,0.15847,-0.13912,4,-64.5,0.033748,920.25,3
327,300.75,1.0342,0.19292,-0.17332999999999998,4,-62.5,5.6404,923.75,3
328,301.0,0.9169299999999999,0.19292,-0.20754,4,-62.5,2.169,921.25,3
329,301.25,0.9169299999999999,0.19292,-0.20754,4,-64.5,4.1295,925.25,3
330,302.0,1.3273,0.032152999999999994,-0.047893,4,-64.5,0.039883999999999996,920.25,3
331,302.25,1.0459,0.18143,-0.17332999999999998,4,-62.5,6.2004,923.25,3
332,302.5,1.0459,0.18143,-0.17332999999999998,4,-63.5,4.605,924.75,3
333,303.5,0.9521,0.21588000000000002,-0.18473,4,-63.0,5.2662,921.25,3
334,303.75,0.9521,0.21588000000000002,-0.18473,4,-63.5,5.7908,920.75,3
335,304.0,0.9521,0.21588000000000002,-0.18473,4,-63.0,5.1143,924.25,3
336,304.5,1.2687,0.066602,-0.047893,4,-62.5,1.6076,921.75,3
337,304.75,1.2687,0.066602,-0.047893,4,-62.0,6.1896,923.25,3
338,305.25,1.0576,0.16995,-0.15052000000000001,4,-65.5,0.45252,925.75,3
