,time,frontal,vertical,lateral,id,rssi,phase,freq,label
0,0.0,0.48308999999999996,0.89339,0.031928,1,-57.0,5.6635,924.25,4
1,0.25,0.48308999999999996,0.89339,0.031928,1,-58.0,5.1695,920.25,4
2,0.5,0.36583000000000004,0.96229,-0.013684,4,-51.5,5.7386,923.25,4
3,0.75,0.36583000000000004,0.96229,-0.013684,1,-60.5,5.3873,923.25,4
4,1.0,0.2603,1.0082,-0.036489999999999995,1,-58.0,6.1773,922.25,1
5,1.25,0.2603,1.0082,-0.036489999999999995,1,-59.0,6.1835,925.75,1
6,1.5,0.2603,1.0082,-0.036489999999999995,1,-56.5,1.4404,923.75,1
7,1.55,0.2603,1.0082,-0.036489999999999995,1,-55.5,2.1967,922.75,1
8,1.75,0.36583000000000004,0.96229,-0.025087,1,-59.0,3.4959,921.25,1
9,3.0,0.22513000000000002,1.0082,0.08894400000000001,1,-62.5,5.8184,924.75,1
10,3.25,0.22513000000000002,1.0082,0.08894400000000001,1,-56.0,1.9942,922.25,1
11,3.75,0.18995,1.0427,-0.047893,1,-55.5,0.70103,923.75,1
12,4.0,0.18995,1.0427,-0.047893,1,-55.5,0.77313,923.75,1
13,4.075,0.18995,1.0427,-0.047893,1,-55.0,1.7257,922.75,1
14,4.25,0.18995,1.0427,-0.047893,1,-56.5,6.2464,921.25,1
15,4.75,0.025796,0.99674,-0.0022806,1,-58.5,2.0494,924.25,1
16,5.25,0.025796,0.99674,-0.0022806,1,-59.5,2.4559,921.75,1
17,5.75,0.025796,0.99674,-0.0022806,4,-54.5,4.3366,922.25,1
18,6.0,0.025796,0.99674,-0.0022806,1,-61.0,0.9587399999999999,922.25,1
19,6.25,0.025796,0.99674,-0.0022806,4,-56.5,5.438,922.75,1
20,6.75,0.025796,0.99674,-0.0022806,4,-57.0,0.6258600000000001,921.25,1
21,7.0,0.025796,0.99674,-0.0022806,4,-57.0,4.1218,920.75,1
22,7.25,0.025796,0.99674,-0.0022806,4,-57.5,0.31446999999999997,924.25,1
23,8.25,0.45963999999999994,0.9163600000000001,-0.0022806,1,-66.5,5.7816,924.75,1
24,9.0,0.45963999999999994,0.9163600000000001,-0.0022806,1,-62.5,5.7938,921.25,1
25,10.0,0.45963999999999994,0.9163600000000001,-0.0022806,1,-63.5,0.3881,920.25,1
26,10.5,0.45963999999999994,0.9163600000000001,-0.0022806,1,-65.5,5.8844,924.75,1
27,12.25,0.61207,0.8704200000000001,0.11175,1,-64.0,0.16874,920.25,1
28,13.25,0.61207,0.8704200000000001,0.11175,1,-62.5,4.7385,922.25,1
29,14.0,0.61207,0.8704200000000001,0.11175,4,-58.5,5.8061,925.25,1
30,15.25,0.61207,0.8704200000000001,0.11175,1,-63.5,3.8994,923.25,1
31,17.25,0.40101,0.95081,0.020525,1,-63.5,0.20709,920.25,1
32,18.0,0.40101,0.95081,0.020525,1,-66.0,2.5955,924.75,1
33,18.75,0.40101,0.95081,0.020525,1,-63.0,5.5622,921.25,1
34,19.75,0.40101,0.95081,0.020525,4,-58.5,6.119,921.75,1
35,20.5,0.40101,0.95081,0.020525,4,-58.0,5.6128,922.25,1
36,22.25,0.60034,0.8589399999999999,0.11175,1,-64.0,0.10278,920.25,1
37,23.0,0.60034,0.8589399999999999,0.11175,1,-63.0,1.5524,922.25,1
38,24.0,0.60034,0.8589399999999999,0.11175,1,-63.0,5.9227,920.75,1
39,25.0,0.60034,0.8589399999999999,0.11175,1,-63.5,3.8257,923.25,1
40,25.75,0.60034,0.8589399999999999,0.11175,4,-57.5,1.9742,922.75,1
41,26.75,0.60034,0.8589399999999999,0.11175,1,-64.5,5.5484,924.25,1
42,27.75,0.60034,0.8589399999999999,0.11175,4,-58.5,5.8751,922.25,1
43,30.25,0.45963999999999994,0.92784,0.054735,1,-63.0,1.4205,922.25,1
44,32.25,0.45963999999999994,0.92784,0.054735,1,-65.5,5.3981,924.75,1
45,34.0,0.45963999999999994,0.92784,0.054735,4,-58.5,0.66728,924.25,1
46,35.5,0.45963999999999994,0.92784,0.054735,1,-64.0,0.061359000000000004,923.75,1
47,37.5,0.45963999999999994,0.92784,0.054735,4,-58.0,6.1037,922.25,1
48,38.25,0.45963999999999994,0.92784,0.054735,4,-58.5,4.2277,921.25,1
49,40.0,0.38928,0.96229,0.043332,4,-57.5,0.056757,922.25,1
50,40.75,0.38928,0.96229,0.043332,1,-63.0,5.2309,921.25,1
51,42.75,0.38928,0.96229,0.043332,4,-58.5,1.31,923.75,1
52,43.75,0.38928,0.96229,0.043332,1,-64.0,2.5265,924.25,1
53,45.25,0.38928,0.96229,0.043332,1,-64.0,6.0792,923.75,1
54,48.75,0.48308999999999996,0.92784,0.066138,1,-64.0,2.5035,924.25,1
55,50.25,0.48308999999999996,0.92784,0.066138,4,-58.5,2.2457,922.75,1
56,51.75,0.48308999999999996,0.92784,0.066138,1,-62.5,3.341,923.25,1
57,52.5,0.48308999999999996,0.92784,0.066138,1,-62.5,5.6174,923.75,1
58,53.0,0.48308999999999996,0.92784,0.066138,1,-60.5,1.7119,921.25,1
59,53.75,0.48308999999999996,0.92784,0.066138,4,-59.0,3.3211,920.25,1
60,54.75,0.50654,0.9163600000000001,0.0091224,1,-61.5,4.0114,922.25,1
61,55.25,0.50654,0.9163600000000001,0.0091224,4,-58.5,2.5295,921.25,1
62,56.25,0.50654,0.9163600000000001,0.0091224,1,-62.5,5.888999999999999,920.25,1
63,57.0,0.50654,0.9163600000000001,0.0091224,4,-58.5,2.0064,922.25,1
64,57.75,0.50654,0.9163600000000001,0.0091224,4,-56.5,0.86056,921.25,1
65,58.0,0.50654,0.9163600000000001,0.0091224,4,-57.5,5.5944,925.25,1
66,58.5,1.0342,0.51445,0.73892,1,-63.5,2.1598,924.25,1
67,58.75,1.0342,0.51445,0.73892,1,-60.0,5.0637,920.25,1
68,59.0,1.0342,0.51445,0.73892,1,-59.5,4.2859,921.75,1
69,59.5,1.2921,0.066602,0.043332,4,-63.5,1.9926,925.75,3
70,59.75,1.2921,0.066602,0.043332,4,-65.5,0.056757,923.75,3
71,60.25,0.92865,0.26182,-0.18473,4,-66.5,5.3214,921.25,3
72,60.5,0.92865,0.26182,-0.18473,4,-67.5,1.4757,925.25,3
73,61.0,1.1397,0.11254000000000002,-0.082102,4,-66.5,0.5767800000000001,920.25,3
74,61.25,1.1397,0.11254000000000002,-0.082102,1,-56.5,1.3484,921.75,3
75,61.5,1.2101,0.020669999999999997,-0.082102,1,-57.5,6.1881,923.25,3
76,61.75,1.128,0.05511900000000001,-0.10490999999999999,1,-57.0,0.84062,922.25,3
77,62.25,0.9521,0.14698,-0.23034000000000002,1,-57.0,5.7294,923.75,3
78,62.75,0.97555,0.1355,-0.18473,4,-66.5,1.3821,925.25,3
79,63.0,0.97555,0.1355,-0.18473,4,-66.0,5.9963,920.75,3
80,63.5,1.0928,0.10105,-0.13912,1,-58.0,2.5173,920.25,3
81,63.75,1.0928,0.10105,-0.13912,1,-57.0,1.2701,921.75,3
82,63.825,1.0928,0.10105,-0.13912,4,-65.0,3.3656,923.25,3
83,64.25,1.1045,0.12402,-0.12771,1,-57.0,0.90812,922.25,3
84,64.35,1.1045,0.12402,-0.12771,4,-65.0,1.3238,922.25,3
85,64.75,1.0107,0.15847,-0.18473,3,-52.5,0.14113,922.75,3
86,65.0,1.0107,0.15847,-0.18473,1,-57.5,0.42338000000000003,922.75,3
87,65.25,1.0342,0.16995,-0.16192,1,-57.5,4.5743,925.25,3
88,65.5,1.0107,0.18143,-0.18473,1,-57.5,2.1997,920.75,3
89,66.0,1.2687,0.020669999999999997,-0.047893,4,-64.5,1.8546,921.75,3
90,66.75,0.96383,0.16995,-0.19613,1,-57.5,0.9311299999999999,922.25,3
91,67.0,0.96383,0.16995,-0.19613,4,-66.0,0.91579,925.75,3
92,67.25,0.96383,0.16995,-0.19613,4,-64.5,6.0684,923.75,3
93,67.75,1.0576,0.14698,-0.15052000000000001,1,-57.0,4.5897,925.25,3
94,67.825,1.0576,0.14698,-0.15052000000000001,1,-57.5,2.1506,920.75,3
95,68.25,1.1514,0.08956900000000001,-0.11631,4,-65.0,5.4533,924.25,3
96,68.5,0.9169299999999999,0.18143,-0.21894,4,-65.5,1.8224,921.75,3
97,69.0,1.1514,0.08956900000000001,-0.09350499999999999,1,-57.0,5.0038,924.75,3
98,69.25,1.1514,0.08956900000000001,-0.09350499999999999,4,-65.0,1.3514,922.25,3
99,69.5,0.9403799999999999,0.18143,-0.18473,1,-57.0,5.8951,923.75,3
100,69.75,0.9403799999999999,0.18143,-0.18473,4,-64.5,4.0068,922.75,3
101,70.5,1.0459,0.14698,-0.16192,4,-66.5,5.9518,920.75,3
102,70.75,1.0459,0.14698,-0.16192,1,-58.5,2.5909,920.25,3
103,71.0,0.97555,0.16995,-0.20754,4,-65.5,4.9747,921.75,3
104,71.25,0.97555,0.16995,-0.20754,3,-53.5,5.2692,924.75,3
105,71.35,0.97555,0.16995,-0.20754,1,-57.0,5.0667,924.75,3
106,71.75,0.9521,0.18143,-0.18473,4,-66.5,0.7992,925.75,3
107,72.25,1.3508,-0.0022965999999999998,-0.047893,3,-52.5,0.19635,922.75,3
108,72.325,1.3508,-0.0022965999999999998,-0.047893,4,-64.5,4.0221,922.75,3
109,72.75,0.9169299999999999,0.16995,-0.21894,4,-66.0,4.5068,925.25,3
110,74.5,1.2804,0.0091865,-0.047893,4,-65.0,6.004,923.75,3
111,74.75,1.0342,0.15847,-0.15052000000000001,4,-65.5,5.4104,921.25,3
112,75.0,1.0342,0.15847,-0.15052000000000001,1,-57.5,4.6019,925.25,3
113,75.25,1.0342,0.15847,-0.15052000000000001,1,-57.5,2.1445,920.75,3
114,75.5,0.9403799999999999,0.18143,-0.20754,1,-57.0,5.4257,924.25,3
115,76.0,1.2921,0.032152999999999994,-0.070699,4,-65.0,0.13806,923.25,3
116,76.5,0.9403799999999999,0.19292,-0.20754,4,-64.5,4.309,922.25,3
117,77.0,1.1514,0.11254000000000002,-0.11631,4,-64.5,2.7412,923.75,3
118,77.25,1.1514,0.11254000000000002,-0.11631,4,-64.5,0.67955,922.75,3
119,77.75,1.2335,0.078086,-0.059296,4,-66.0,5.8215,920.75,3
120,78.25,0.9403799999999999,0.2044,-0.20754,4,-64.5,4.8474,921.75,3
121,78.5,0.9403799999999999,0.2044,-0.20754,1,-57.0,0.053689,923.25,3
122,78.75,0.9403799999999999,0.2044,-0.20754,4,-65.0,1.7518,924.75,3
123,78.85,0.9403799999999999,0.2044,-0.20754,4,-65.0,1.2164,922.25,3
124,79.25,0.9990100000000001,0.19292,-0.18473,1,-57.0,5.8767,923.75,3
125,79.75,0.9872799999999999,0.19292,-0.19613,1,-57.5,1.7702,921.25,3
126,79.825,0.9872799999999999,0.19292,-0.19613,1,-57.5,4.6035,925.25,3
127,80.5,0.96383,0.19292,-0.20754,4,-66.5,0.053689,920.25,3
128,80.75,0.96383,0.19292,-0.20754,4,-65.0,4.8274,921.75,3
129,81.5,1.0459,0.15847,-0.16192,4,-67.0,0.7041,925.75,3
130,81.75,1.0459,0.15847,-0.16192,1,-57.0,5.8797,923.75,3
131,82.0,1.3156,0.043636,-0.070699,4,-64.5,0.68262,922.75,3
132,82.25,1.3156,0.043636,-0.070699,1,-57.5,1.7825,921.25,3
133,82.35,1.3156,0.043636,-0.070699,1,-57.0,4.6219,925.25,3
134,83.25,1.0459,0.18143,-0.16192,1,-57.0,0.061359000000000004,923.25,3
135,83.5,1.0459,0.18143,-0.16192,1,-57.0,5.0146,924.75,3
136,83.75,1.0459,0.18143,-0.16192,4,-65.0,1.195,922.25,3
137,84.0,1.0459,0.18143,-0.16192,4,-66.5,0.7255699999999999,925.75,3
138,84.5,1.3508,0.032152999999999994,-0.036489999999999995,4,-64.5,0.6642100000000001,922.75,3
139,85.0,1.1397,0.11254000000000002,-0.12771,4,-66.5,5.8184,920.75,3
140,85.1,1.1397,0.11254000000000002,-0.12771,4,-64.0,2.2135,924.25,3
141,85.75,0.9872799999999999,0.19292,-0.20754,4,-64.5,0.11505,923.25,3
142,86.25,1.1749,0.11254000000000002,-0.09350499999999999,4,-64.5,1.1904,922.25,3
143,86.5,1.1749,0.11254000000000002,-0.09350499999999999,1,-57.5,4.1663,925.75,3
144,86.575,1.1749,0.11254000000000002,-0.09350499999999999,1,-57.0,5.8567,923.75,3
145,86.75,1.1749,0.11254000000000002,-0.09350499999999999,1,-57.0,0.474,922.75,3
146,87.0,0.97555,0.2044,-0.19613,4,-65.0,5.3152,921.25,3
147,87.25,0.97555,0.2044,-0.19613,4,-65.5,4.3565,925.25,3
148,87.5,1.0928,0.1355,-0.12771,4,-64.5,5.3367,924.25,3
149,87.75,1.0928,0.1355,-0.12771,4,-66.5,0.021476,920.25,3
150,88.25,1.0694,0.14698,-0.15052000000000001,1,-57.5,0.024544,923.25,3
151,88.5,1.2452,0.05511900000000001,-0.059296,4,-64.5,4.3381,922.25,3
152,89.0,1.2452,0.05511900000000001,-0.059296,1,-57.5,4.1571,925.75,3
153,89.25,0.97555,0.2044,-0.20754,1,-57.0,0.47247,922.75,3
154,89.5,0.97555,0.2044,-0.20754,4,-65.0,5.2953,921.25,3
155,89.75,0.97555,0.2044,-0.20754,4,-65.0,1.1858,925.25,3
156,90.0,0.96383,0.2044,-0.19613,4,-64.5,2.2059,924.25,3
157,90.25,0.96383,0.2044,-0.19613,4,-66.5,0.013806,920.25,3
158,90.75,1.2218,0.078086,-0.082102,4,-64.5,0.11812,923.25,3
159,91.0,0.9169299999999999,0.2044,-0.19613,4,-64.5,1.2072,922.25,3
160,91.5,1.2101,0.078086,-0.09350499999999999,1,-57.0,0.4694,922.75,3
161,92.0,1.0459,0.16995,-0.16192,1,-57.0,4.5743,925.25,3
162,92.5,1.1866,0.08956900000000001,-0.09350499999999999,1,-57.0,5.3965,924.25,3
163,92.6,1.1866,0.08956900000000001,-0.09350499999999999,4,-64.5,2.2059,924.25,3
164,93.5,0.9521,0.2044,-0.18473,1,-57.0,0.9434,922.25,3
165,93.75,0.9521,0.2044,-0.18473,1,-57.5,4.1586,925.75,3
166,93.825,0.9521,0.2044,-0.18473,4,-64.0,2.752,923.75,3
167,94.5,1.0107,0.19292,-0.19613,1,-57.0,4.5866,925.25,3
168,94.6,1.0107,0.19292,-0.19613,4,-65.0,1.2209999999999999,925.25,3
169,95.025,1.0576,0.15847,-0.16192,4,-64.5,5.329,924.25,3
170,95.25,1.0576,0.15847,-0.16192,1,-57.0,1.3714,921.75,3
171,95.5,1.0576,0.15847,-0.16192,4,-64.5,1.6981,921.75,3
172,96.5,1.0694,0.15847,-0.15052000000000001,4,-64.5,0.65194,922.75,3
173,96.75,1.2804,0.05511900000000001,-0.059296,4,-65.5,1.1582,925.25,3
174,97.25,0.92865,0.2044,-0.20754,4,-65.5,5.7984,920.75,3
175,97.5,0.92865,0.2044,-0.20754,4,-64.0,2.1844,924.25,3
176,97.75,0.9872799999999999,0.18143,-0.18473,4,-64.5,4.8581,921.75,3
177,98.0,0.9872799999999999,0.18143,-0.18473,1,-57.5,0.033748,923.25,3
178,98.5,0.9872799999999999,0.18143,-0.19613,4,-64.5,1.218,922.25,3
179,99.0,1.2335,0.078086,-0.070699,4,-64.0,3.8211,922.75,3
180,99.075,1.2335,0.078086,-0.070699,4,-65.0,5.3260000000000005,921.25,3
181,99.5,1.0342,0.18143,-0.17332999999999998,4,-65.5,5.8107,920.75,3
182,100.25,1.1397,0.11254000000000002,-0.11631,4,-64.5,1.6889,921.75,3
183,100.75,1.339,0.043636,-0.036489999999999995,1,-57.0,0.9311299999999999,922.25,3
184,101.5,1.1632,0.10105,-0.10490999999999999,4,-65.0,5.2554,921.25,3
185,101.75,1.1632,0.10105,-0.10490999999999999,4,-65.5,1.0845,925.25,3
186,102.0,1.1632,0.10105,-0.10490999999999999,4,-66.0,5.7417,920.75,3
187,102.75,1.0811,0.16995,-0.16192,4,-64.0,6.274,923.25,3
188,104.0,1.0694,0.15847,-0.15052000000000001,4,-64.5,0.54456,922.75,3
189,104.25,1.0694,0.15847,-0.15052000000000001,4,-65.0,1.0692,925.25,3
190,104.5,1.0694,0.14698,-0.16192,4,-66.0,5.6987,920.75,3
191,105.0,1.1514,0.11254000000000002,-0.12771,4,-64.5,1.6276,921.75,3
192,105.25,1.1514,0.11254000000000002,-0.12771,1,-57.5,6.251,923.25,3
193,105.75,1.2804,0.043636,-0.070699,4,-64.5,4.2706,922.25,3
194,106.0,1.2804,0.043636,-0.070699,4,-66.0,0.5798399999999999,925.75,3
195,106.25,1.2687,0.05511900000000001,-0.070699,1,-57.5,0.40804,922.75,3
196,106.5,1.2687,0.05511900000000001,-0.070699,4,-65.0,5.2263,921.25,3
197,107.0,1.3508,0.032152999999999994,-0.070699,4,-65.5,5.7171,920.75,3
198,107.5,0.92865,0.2044,-0.21894,4,-64.5,4.7339,921.75,3
199,107.75,0.92865,0.2044,-0.21894,4,-64.0,0.003068,923.25,3
200,108.0,1.1045,0.1355,-0.15052000000000001,4,-64.5,1.5693,924.75,3
201,108.25,1.1045,0.1355,-0.15052000000000001,4,-64.0,4.2338,922.25,3
202,108.5,1.1397,0.12402,-0.12771,4,-64.0,3.6846,922.75,3
203,108.75,1.1397,0.12402,-0.12771,1,-57.5,1.7227,921.25,3
204,109.0,1.1397,0.12402,-0.12771,4,-65.0,5.2278,921.25,3
205,109.75,1.0576,0.15847,-0.17332999999999998,4,-66.5,6.2034,920.25,3
206,110.0,1.0576,0.15847,-0.17332999999999998,4,-64.5,4.7262,921.75,3
207,110.5,1.1163,0.12402,-0.13912,4,-64.5,4.2338,922.25,3
208,111.0,1.1866,0.08956900000000001,-0.09350499999999999,4,-64.0,2.5894,923.75,3
209,111.25,1.1866,0.08956900000000001,-0.09350499999999999,4,-64.5,3.68,922.75,3
210,111.75,1.0459,0.18143,-0.18473,4,-66.0,5.6911,920.75,3
211,112.0,1.0459,0.18143,-0.18473,4,-64.0,2.0893,924.25,3
212,112.5,1.0459,0.18143,-0.17332999999999998,4,-64.5,4.7262,921.75,3
213,112.6,1.0459,0.18143,-0.17332999999999998,1,-57.5,6.2648,923.25,3
214,113.0,1.2570000000000001,0.066602,-0.059296,1,-57.5,0.8820399999999999,922.25,3
215,113.5,1.0576,0.15847,-0.16192,4,-64.5,0.53996,922.75,3
216,114.0,0.9169299999999999,0.2044,-0.21894,4,-65.0,1.0769,925.25,3
217,114.5,0.96383,0.21588000000000002,-0.19613,4,-64.0,2.0663,924.25,3
218,115.0,0.92865,0.2044,-0.20754,1,-57.5,6.2586,923.25,3
219,115.25,0.96383,0.2044,-0.20754,4,-64.5,1.5539,924.75,3
220,115.5,0.96383,0.2044,-0.20754,4,-64.5,1.0554,922.25,3
221,116.0,1.0459,0.19292,-0.17332999999999998,4,-64.0,2.5571,923.75,3
222,116.1,1.0459,0.19292,-0.17332999999999998,4,-64.5,3.6724,922.75,3
223,116.5,1.2452,0.078086,-0.082102,4,-66.0,5.6589,920.75,3
224,117.0,0.9872799999999999,0.2044,-0.21894,4,-66.5,6.1973,920.25,3
225,117.25,1.1749,0.10105,-0.10490999999999999,4,-64.0,6.2694,923.25,3
226,117.75,1.1749,0.10105,-0.10490999999999999,4,-64.5,1.5417,924.75,3
227,118.5,1.1983,0.11254000000000002,-0.11631,4,-65.0,5.1664,921.25,3
228,119.0,1.1045,0.14698,-0.13912,4,-66.0,5.6558,920.75,3
229,119.25,1.1045,0.14698,-0.13912,1,-57.0,5.3766,924.25,3
230,119.5,1.1045,0.14698,-0.13912,4,-66.5,6.1543,920.25,3
231,119.75,1.1045,0.14698,-0.13912,4,-64.5,4.7063,921.75,3
232,120.5,1.0225,0.19292,-0.18473,4,-66.0,0.52769,925.75,3
233,120.75,1.0225,0.19292,-0.18473,1,-58.0,5.8123,923.75,3
234,121.0,1.0225,0.19292,-0.18473,1,-57.5,0.42031,922.75,3
235,121.1,1.0225,0.19292,-0.18473,1,-57.5,1.7196,921.25,3
236,121.5,1.0342,0.16995,-0.17332999999999998,4,-65.5,5.6589,920.75,3
237,122.5,1.0576,0.18143,-0.17332999999999998,1,-57.0,4.9609,924.75,3
238,122.63,1.0576,0.18143,-0.17332999999999998,4,-64.5,1.0446,922.25,3
239,122.75,1.0576,0.18143,-0.17332999999999998,4,-66.0,0.53076,925.75,3
240,123.0,1.0576,0.18143,-0.17332999999999998,4,-64.0,5.6742,923.75,3
241,123.25,1.0576,0.18143,-0.17332999999999998,1,-57.5,0.41878000000000004,922.75,3
242,124.0,1.128,0.11254000000000002,-0.12771,1,-57.5,2.1292,920.75,3
243,124.25,0.92865,0.2044,-0.21894,1,-58.0,2.5571,920.25,3
244,124.75,1.1397,0.12402,-0.12771,4,-64.5,6.2034,923.25,3
245,124.83,1.1397,0.12402,-0.12771,4,-64.0,6.2464,923.25,3
246,125.0,1.1397,0.12402,-0.12771,4,-64.0,4.1832,922.25,3
247,125.5,1.0107,0.18143,-0.18473,4,-64.0,2.5679,923.75,3
248,126.0,1.3039,0.05511900000000001,-0.059296,4,-65.0,5.1971,921.25,3
249,126.75,0.9872799999999999,0.21588000000000002,-0.19613,1,-58.0,2.5556,920.25,3
250,127.0,1.2804,0.066602,-0.070699,1,-58.0,6.2387,923.25,3
251,127.25,1.2804,0.066602,-0.070699,3,-52.5,6.0178,923.25,3
252,127.35,1.2804,0.066602,-0.070699,1,-57.0,4.9808,924.75,3
253,127.5,1.2804,0.066602,-0.070699,1,-57.0,4.9732,924.75,3
254,128.0,1.0694,0.16995,-0.16192,4,-64.5,3.6539,922.75,3
255,128.25,1.0694,0.16995,-0.16192,1,-57.5,1.7288,921.25,3
256,128.75,1.3273,0.05511900000000001,-0.070699,4,-66.0,5.6266,920.75,3
257,129.5,0.9990100000000001,0.19292,-0.19613,4,-65.0,6.2004,923.25,3
258,130.75,1.0928,0.1355,-0.15052000000000001,4,-65.5,2.0279,921.25,3
259,131.25,1.2921,0.05511900000000001,-0.070699,1,-57.5,5.3981,924.25,3
260,131.75,1.0225,0.18143,-0.19613,4,-65.0,4.6265,921.75,3
261,132.0,1.0225,0.18143,-0.19613,4,-64.5,6.2126,923.25,3
262,132.5,1.2921,0.078086,-0.036489999999999995,1,-57.0,0.9127200000000001,922.25,3
263,133.5,1.1163,0.14698,-0.11631,1,-57.5,4.6204,925.25,3
264,133.6,1.1163,0.14698,-0.11631,4,-66.0,0.71023,925.25,3
265,134.5,0.9052,0.2044,-0.19613,4,-65.5,1.2609,924.75,3
266,135.0,1.0107,0.19292,-0.18473,4,-68.5,0.099709,925.75,3
267,135.5,0.92865,0.22737,-0.15052000000000001,4,-63.5,3.9255,922.75,3
268,136.75,1.128,0.12402,-0.082102,4,-64.5,4.6909,921.75,3
269,137.0,0.96383,0.21588000000000002,-0.19613,4,-64.5,1.5539,924.75,3
270,137.25,0.96383,0.21588000000000002,-0.19613,4,-64.0,4.1433,922.25,3
271,137.75,1.0811,0.14698,-0.13912,4,-64.0,2.5188,923.75,3
272,138.0,1.0811,0.14698,-0.13912,4,-64.0,3.5864,922.75,3
273,138.1,1.0811,0.14698,-0.13912,4,-64.5,5.1143,921.25,3
274,138.5,1.1397,0.14698,-0.12771,1,-57.5,2.0632,920.75,3
275,139.0,1.0459,0.19292,-0.16192,1,-58.0,2.5265,920.25,3
276,139.1,1.0459,0.19292,-0.16192,1,-57.0,1.2502,921.75,3
277,139.25,1.0459,0.19292,-0.16192,4,-64.0,3.0603,923.25,3
278,139.75,1.128,0.14698,-0.11631,4,-64.0,0.9311299999999999,922.25,3
279,140.0,0.9521,0.23885,-0.19613,4,-63.5,2.4651,923.75,3
280,140.25,0.9521,0.23885,-0.19613,4,-64.0,3.5435,922.75,3
281,140.5,1.1866,0.11254000000000002,-0.10490999999999999,4,-64.0,5.1281,921.25,3
282,140.75,1.1866,0.11254000000000002,-0.10490999999999999,4,-65.0,5.5975,920.75,3
283,141.0,1.1866,0.11254000000000002,-0.10490999999999999,4,-64.0,1.9098,924.25,3
284,141.5,0.97555,0.23885,-0.19613,4,-64.0,1.4481,921.75,3
285,142.25,1.0576,0.19292,-0.15052000000000001,4,-67.0,0.36662,925.75,3
286,142.75,1.3156,0.066602,-0.036489999999999995,4,-64.0,0.34208,922.75,3
287,143.25,0.92865,0.21588000000000002,-0.20754,4,-66.0,4.0758,925.25,3
288,144.0,0.92865,0.22737,-0.20754,1,-57.0,1.1382,921.75,3
289,144.25,0.92865,0.22737,-0.20754,4,-64.0,6.1298,923.25,3
290,144.75,1.3156,0.078086,-0.047893,4,-64.0,4.151,922.25,3
291,145.0,1.3156,0.078086,-0.047893,1,-58.0,3.9884,925.75,3
292,145.25,1.2687,0.032152999999999994,-0.047893,4,-64.5,0.49548000000000003,922.75,3
293,145.5,1.2687,0.032152999999999994,-0.047893,1,-56.0,1.6230000000000002,921.25,3
294,145.75,1.2687,0.032152999999999994,-0.047893,1,-56.5,1.3714,925.25,3
295,146.0,0.9403799999999999,0.26182,-0.19613,4,-65.5,5.6972,920.75,3
296,146.5,0.7645,0.60631,-0.09350499999999999,4,-61.0,4.8474,921.75,1
297,147.0,0.8583,0.73263,0.020525,1,-56.5,5.4456,922.25,1
298,147.1,0.8583,0.73263,0.020525,1,-57.0,5.8061,922.25,1
299,147.25,0.8583,0.73263,0.020525,4,-66.0,1.3039,925.75,1
300,148.0,0.31893,0.98526,-0.0022806,1,-57.5,0.75625,921.25,1
301,148.75,0.44791000000000003,0.97377,-0.13912,4,-65.5,0.32366999999999996,920.25,1
302,149.0,0.44791000000000003,0.97377,-0.13912,4,-65.5,4.2123,923.25,1
303,149.5,0.8114,0.76708,0.066138,4,-62.0,5.645,922.25,1
304,149.58,0.8114,0.76708,0.066138,1,-58.5,0.5491699999999999,922.25,1
305,149.75,0.8114,0.76708,0.066138,4,-61.5,4.1341,923.75,1
306,150.0,0.8114,0.76708,0.066138,4,-61.0,2.617,922.75,1
307,150.25,0.8114,0.76708,0.066138,3,-58.5,4.559,921.25,1
308,151.25,0.8114,0.76708,0.066138,1,-62.5,0.8851100000000001,920.25,1
309,152.0,0.24858000000000002,0.99674,-0.025087,4,-58.5,5.8199,922.25,1
310,152.5,0.24858000000000002,0.99674,-0.025087,1,-65.5,0.56297,922.75,1
311,153.0,0.24858000000000002,0.99674,-0.025087,4,-58.5,4.3688,920.75,1
312,153.5,0.24858000000000002,0.99674,-0.025087,4,-58.5,1.33,920.25,1
313,153.75,0.24858000000000002,0.99674,-0.025087,3,-58.5,6.1727,921.75,1
314,154.25,0.24858000000000002,0.99674,-0.025087,1,-65.0,0.13192,924.75,1
315,155.5,0.34238,0.97377,-0.025087,1,-65.5,6.1329,925.25,1
316,156.0,0.34238,0.97377,-0.025087,4,-58.5,1.2471,920.25,1
317,156.5,0.34238,0.97377,-0.025087,1,-63.5,1.2579,923.25,1
318,157.25,0.34238,0.97377,-0.025087,4,-59.0,3.9561,923.75,1
319,157.5,0.34238,0.97377,-0.025087,4,-59.0,0.16567,921.25,1
320,158.25,0.34238,0.97377,-0.025087,4,-59.5,3.4269,924.25,1
321,158.5,0.34238,0.97377,-0.025087,4,-58.5,5.892,921.75,1
322,159.75,0.43618999999999997,0.92784,0.020525,4,-59.5,3.9055,923.75,1
323,160.25,0.43618999999999997,0.92784,0.020525,1,-65.0,2.8333,925.25,1
324,160.75,0.43618999999999997,0.92784,0.020525,4,-59.5,1.0692,920.25,1
325,161.25,0.43618999999999997,0.92784,0.020525,4,-59.0,4.3565,923.25,1
326,161.75,0.43618999999999997,0.92784,0.020525,4,-58.5,5.3306,922.25,1
327,162.25,0.43618999999999997,0.92784,0.020525,4,-58.5,4.8612,922.75,1
328,162.75,0.43618999999999997,0.92784,0.020525,1,-63.0,0.14265999999999998,920.75,1
329,163.25,0.43618999999999997,0.92784,0.020525,3,-58.0,1.1382,920.25,1
330,163.75,0.31893,0.99674,-0.09350499999999999,3,-57.0,2.2856,923.25,1
331,163.83,0.31893,0.99674,-0.09350499999999999,3,-58.5,1.379,924.75,1
332,164.0,0.31893,0.99674,-0.09350499999999999,3,-57.0,0.0061359,922.25,1
333,164.5,0.31893,0.99674,-0.09350499999999999,1,-59.0,6.0516,923.75,1
334,164.75,0.31893,0.99674,-0.09350499999999999,3,-57.5,5.6006,922.75,1
335,165.25,0.58862,0.8704200000000001,0.031928,1,-59.0,2.2258,920.75,1
336,165.5,0.58862,0.8704200000000001,0.031928,4,-60.0,5.9365,924.25,1
337,166.0,0.58862,0.8704200000000001,0.031928,3,-59.0,5.7616,921.75,1
338,166.5,0.58862,0.8704200000000001,0.031928,4,-58.5,5.0223,922.25,1
339,167.0,0.58862,0.8704200000000001,0.031928,4,-59.0,4.5437,922.75,1
340,168.03,0.36583000000000004,0.97377,-0.013684,4,-60.0,6.1896,924.25,1
341,168.5,0.36583000000000004,0.97377,-0.013684,4,-58.5,5.4732,921.75,1
342,169.0,0.36583000000000004,0.97377,-0.013684,4,-59.0,1.8254,922.25,1
343,169.5,0.36583000000000004,0.97377,-0.013684,3,-59.0,1.9021,922.75,1
344,170.0,0.36583000000000004,0.97377,-0.013684,4,-60.0,1.9804,925.25,1
345,170.5,0.36583000000000004,0.97377,-0.013684,4,-60.0,2.9192,924.25,1
346,170.75,0.36583000000000004,0.97377,-0.013684,4,-59.0,5.3521,921.75,1
347,171.75,0.45963999999999994,0.9163600000000001,0.020525,3,-60.0,1.2533,923.75,1
348,172.25,0.45963999999999994,0.9163600000000001,0.020525,4,-59.0,5.9012,921.25,1
349,172.75,0.45963999999999994,0.9163600000000001,0.020525,1,-63.5,0.14573,924.25,1
350,173.25,0.45963999999999994,0.9163600000000001,0.020525,4,-58.5,5.3091,921.75,1
351,173.5,0.45963999999999994,0.9163600000000001,0.020525,1,-62.5,0.43412,923.25,1
352,174.0,0.45963999999999994,0.9163600000000001,0.020525,4,-61.0,4.4777,925.75,1
353,174.5,0.45963999999999994,0.9163600000000001,0.020525,3,-58.0,2.3163,922.75,1
354,174.75,0.45963999999999994,0.9163600000000001,0.020525,4,-60.0,1.8699,925.25,1
355,175.75,0.41273000000000004,0.95081,-0.070699,1,-62.0,1.6904,921.75,1
356,176.25,0.41273000000000004,0.95081,-0.070699,4,-58.5,4.7799,922.25,1
357,176.75,0.41273000000000004,0.95081,-0.070699,3,-59.0,1.5585,923.75,1
358,177.0,0.41273000000000004,0.95081,-0.070699,4,-59.0,5.757000000000001,921.25,1
359,177.75,0.41273000000000004,0.95081,-0.070699,1,-64.0,5.9028,924.25,1
360,179.0,0.42446000000000006,0.95081,-0.036489999999999995,1,-66.0,6.185,923.75,1
361,180.0,0.42446000000000006,0.95081,-0.036489999999999995,4,-60.0,0.1626,920.75,1
362,180.75,0.42446000000000006,0.95081,-0.036489999999999995,1,-66.5,0.25924,923.25,1
363,181.5,0.42446000000000006,0.95081,-0.036489999999999995,4,-59.0,0.36509,923.75,1
364,181.75,0.42446000000000006,0.95081,-0.036489999999999995,3,-57.5,2.2503,922.75,1
365,182.25,0.36583000000000004,0.96229,-0.09350499999999999,4,-59.0,6.0331,920.75,1
366,182.75,0.36583000000000004,0.96229,-0.09350499999999999,1,-59.5,3.2628,920.25,1
367,183.0,0.36583000000000004,0.96229,-0.09350499999999999,4,-58.5,5.0391,921.75,1
368,183.25,0.36583000000000004,0.96229,-0.09350499999999999,4,-59.0,0.5476300000000001,923.25,1
369,183.5,0.36583000000000004,0.96229,-0.09350499999999999,1,-60.0,1.8377,922.25,1
370,184.0,0.36583000000000004,0.96229,-0.09350499999999999,4,-59.5,0.047553,923.75,1
371,184.25,0.36583000000000004,0.96229,-0.09350499999999999,3,-57.5,2.1445,922.75,1
372,184.75,0.37756,0.98526,-0.059296,4,-59.0,6.1727,920.75,1
373,185.25,0.37756,0.98526,-0.059296,1,-61.0,0.087437,920.25,1
374,185.5,0.37756,0.98526,-0.059296,4,-59.5,0.61359,923.25,1
375,186.0,0.37756,0.98526,-0.059296,3,-58.0,5.6052,922.25,1
376,186.75,0.41273000000000004,0.96229,-0.036489999999999995,3,-58.0,0.033748,921.25,1
377,187.0,0.41273000000000004,0.96229,-0.036489999999999995,4,-60.0,1.8285,925.25,1
378,187.5,0.41273000000000004,0.96229,-0.036489999999999995,4,-59.5,5.9028,924.25,1
379,187.75,0.41273000000000004,0.96229,-0.036489999999999995,1,-61.0,1.9942,921.75,1
380,188.0,0.41273000000000004,0.96229,-0.036489999999999995,4,-59.5,0.67188,923.25,1
381,188.5,0.41273000000000004,0.96229,-0.036489999999999995,4,-58.5,4.7845,922.25,1
382,189.25,0.6472399999999999,0.8704200000000001,0.054735,3,-58.0,0.010738,921.25,1
383,189.75,0.6472399999999999,0.8704200000000001,0.054735,3,-58.0,0.34975,920.75,1
384,190.0,0.6472399999999999,0.8704200000000001,0.054735,1,-61.0,0.059825,920.25,1
385,190.25,0.6472399999999999,0.8704200000000001,0.054735,3,-58.0,5.9196,921.75,1
386,190.5,0.6472399999999999,0.8704200000000001,0.054735,4,-59.5,2.2488,924.75,1
387,191.0,0.6472399999999999,0.8704200000000001,0.054735,4,-58.5,4.7492,922.25,1
388,191.5,0.6472399999999999,0.8704200000000001,0.054735,1,-61.5,1.1658,922.75,1
389,191.75,0.6472399999999999,0.8704200000000001,0.054735,1,-63.0,5.461,925.25,1
390,192.5,0.38928,0.96229,-0.047893,1,-61.0,0.061359000000000004,920.25,1
391,193.0,0.38928,0.96229,-0.047893,1,-61.0,3.9485,923.25,1
392,193.25,0.38928,0.96229,-0.047893,4,-58.5,4.6679,922.25,1
393,193.5,0.38928,0.96229,-0.047893,4,-59.5,0.053689,923.75,1
394,194.0,0.38928,0.96229,-0.047893,3,-57.0,5.4886,922.75,1
395,194.1,0.38928,0.96229,-0.047893,1,-59.0,1.8975,921.25,1
396,194.5,0.38928,0.96229,-0.047893,4,-60.5,2.6308,920.75,1
397,195.0,0.49481,0.9163600000000001,-0.036489999999999995,4,-60.0,4.4731,921.75,1
398,195.25,0.49481,0.9163600000000001,-0.036489999999999995,3,-57.0,5.1174,923.25,1
399,195.5,0.49481,0.9163600000000001,-0.036489999999999995,1,-60.0,5.5162,924.75,1
400,195.75,0.49481,0.9163600000000001,-0.036489999999999995,3,-57.0,5.5392,922.25,1
401,196.25,0.49481,0.9163600000000001,-0.036489999999999995,1,-61.5,3.8319,923.75,1
402,196.5,0.49481,0.9163600000000001,-0.036489999999999995,4,-59.0,5.8583,921.25,1
403,197.0,0.49481,0.9163600000000001,-0.036489999999999995,4,-59.5,0.075165,920.75,1
404,197.5,0.49481,0.9163600000000001,-0.036489999999999995,3,-59.0,0.37583,920.25,1
405,198.25,0.41273000000000004,0.95081,-0.025087,4,-59.0,4.7814,922.25,1
406,198.75,0.41273000000000004,0.95081,-0.025087,1,-62.5,4.401,922.75,1
407,199.25,0.41273000000000004,0.95081,-0.025087,4,-60.0,1.8208,925.25,1
408,199.5,0.41273000000000004,0.95081,-0.025087,3,-60.0,0.7915300000000001,924.25,1
409,200.0,0.41273000000000004,0.95081,-0.025087,4,-59.0,5.2616,921.75,1
410,200.5,0.41273000000000004,0.95081,-0.025087,4,-60.0,2.3516,924.75,1
411,201.0,0.41273000000000004,0.95081,-0.025087,1,-63.5,3.6033,923.75,1
412,202.0,0.41273000000000004,0.95081,-0.036489999999999995,1,-63.5,0.061359000000000004,924.25,1
413,202.5,0.41273000000000004,0.95081,-0.036489999999999995,3,-58.5,5.5929,921.75,1
414,203.0,0.41273000000000004,0.95081,-0.036489999999999995,1,-60.0,1.7165,922.25,1
415,204.75,0.41273000000000004,0.95081,-0.036489999999999995,1,-64.5,1.6168,920.25,4
416,205.0,0.41273000000000004,0.95081,-0.036489999999999995,1,-58.5,4.2706,923.25,4
417,206.0,0.30721,0.96229,-0.10490999999999999,4,-62.5,0.73324,922.75,4
418,206.5,0.30721,0.96229,-0.10490999999999999,4,-69.0,0.21629,925.25,4
419,207.25,0.35411,1.0427,-0.09350499999999999,1,-55.5,6.1451,920.25,4
420,207.35,0.35411,1.0427,-0.09350499999999999,2,-65.5,4.2092,921.75,4
421,207.5,0.35411,1.0427,-0.09350499999999999,1,-49.5,0.29913,923.25,4
422,207.75,0.30721,1.0197,-0.082102,1,-46.0,5.9426,922.25,4
423,208.0,0.13132,1.1001,-0.19613,1,-45.5,4.2675,922.25,4
424,208.1,0.17823,1.192,-0.047893,1,-47.0,0.33441,925.75,4
425,208.15,0.060972000000000005,0.74411,0.054735,2,-65.0,0.8575,925.75,4
426,208.25,0.060972000000000005,0.74411,0.054735,2,-64.5,4.6495,925.75,4
427,208.35,0.060972000000000005,0.74411,0.054735,1,-46.0,2.3853,923.75,4
428,208.5,0.1196,1.0427,-0.047893,1,-46.5,3.835,922.75,4
429,208.6,0.15478,1.2609,-0.025087,1,-47.0,4.0973,922.75,4
430,208.63,0.15478,1.2609,-0.025087,1,-47.0,4.2046,922.75,4
431,210.5,0.37756,0.92784,-0.082102,2,-55.0,6.0684,922.25,4
432,210.6,0.37756,0.92784,-0.082102,2,-56.0,0.33287,925.75,4
433,214.0,0.54171,0.8819100000000001,-0.082102,2,-56.0,5.1741,925.25,2
434,214.25,0.54171,0.8819100000000001,-0.082102,2,-57.0,1.8377,920.25,2
435,215.0,0.54171,0.8819100000000001,-0.082102,2,-57.0,5.6757,924.75,2
436,215.75,0.54171,0.8819100000000001,-0.082102,2,-58.0,5.9028,923.75,2
437,218.0,0.5534399999999999,0.9048700000000001,0.020525,2,-57.5,5.8261,923.75,2
438,219.25,0.5534399999999999,0.9048700000000001,0.020525,2,-58.0,5.6052,924.25,2
439,220.75,0.5534399999999999,0.9048700000000001,0.020525,2,-57.5,0.10430999999999999,922.75,2
440,225.0,0.48308999999999996,0.92784,-0.025087,2,-59.0,0.11505,922.25,2
441,227.25,0.48308999999999996,0.92784,-0.025087,2,-58.5,5.0146,924.75,2
442,229.0,0.48308999999999996,0.92784,-0.025087,2,-58.0,5.1542,924.25,2
443,230.5,0.48308999999999996,0.92784,-0.025087,2,-58.0,6.0117,922.75,2
444,232.25,0.48308999999999996,0.92784,-0.025087,2,-58.0,6.2817,922.25,2
445,233.5,0.48308999999999996,0.92784,-0.025087,2,-58.5,0.74245,920.75,2
446,234.75,0.47136000000000006,0.92784,-0.047893,2,-57.0,6.0424,922.25,2
447,235.25,0.47136000000000006,0.92784,-0.047893,2,-56.0,5.7647,922.75,2
448,235.75,0.47136000000000006,0.92784,-0.047893,2,-57.5,0.35741999999999996,921.25,2
449,236.25,0.47136000000000006,0.92784,-0.047893,2,-56.5,4.9133,924.25,2
450,236.75,0.47136000000000006,0.92784,-0.047893,2,-56.5,5.4809,923.25,2
451,237.0,0.47136000000000006,0.92784,-0.047893,2,-56.5,6.0838,922.25,2
452,237.75,0.47136000000000006,0.92784,-0.047893,2,-56.5,5.1189,923.75,2
453,239.0,0.42446000000000006,0.97377,-0.082102,2,-57.5,6.1957,921.75,2
454,239.75,0.42446000000000006,0.97377,-0.082102,2,-59.5,4.1632,925.75,2
455,241.5,0.42446000000000006,0.97377,-0.082102,2,-57.5,6.1697,921.75,2
456,242.5,0.42446000000000006,0.97377,-0.082102,2,-57.5,5.3137,922.75,2
457,244.25,0.42446000000000006,0.97377,-0.082102,2,-58.0,4.9992,923.25,2
458,246.75,0.42446000000000006,0.97377,-0.082102,2,-58.5,0.74551,924.75,2
459,247.5,0.42446000000000006,0.97377,-0.082102,2,-57.0,5.0146,922.75,2
460,249.5,0.69414,0.82449,-0.0022806,2,-55.5,4.9962,922.25,2
461,250.0,0.69414,0.82449,-0.0022806,2,-57.0,4.9164,922.75,2
462,251.5,0.69414,0.82449,-0.0022806,2,-57.5,4.7078,923.25,2
463,254.5,0.69414,0.82449,-0.0022806,2,-60.5,0.30985999999999997,925.75,2
464,256.5,0.69414,0.82449,-0.0022806,2,-57.5,3.6049,924.75,2
465,257.25,0.69414,0.82449,-0.0022806,2,-57.0,4.7155,922.75,2
466,258.5,0.69414,0.82449,-0.0022806,2,-57.5,5.2477,921.75,2
467,261.0,0.58862,0.8819100000000001,-0.025087,2,-57.5,5.2278,921.75,2
468,262.0,0.58862,0.8819100000000001,-0.025087,2,-57.5,1.0017,923.75,2
469,263.5,0.58862,0.8819100000000001,-0.025087,2,-57.0,4.3718,923.25,2
470,264.5,0.58862,0.8819100000000001,-0.025087,2,-57.5,4.1003,923.75,2
471,266.5,0.63552,0.8589399999999999,-0.0022806,2,-58.5,6.0868,925.75,2
472,267.5,0.63552,0.8589399999999999,-0.0022806,2,-58.5,5.5837,920.75,2
473,268.75,0.63552,0.8589399999999999,-0.0022806,2,-58.0,0.30985999999999997,924.75,2
474,269.5,0.63552,0.8589399999999999,-0.0022806,2,-57.0,4.559,922.75,2
475,270.75,0.63552,0.8589399999999999,-0.0022806,2,-57.5,5.0667,921.75,2
476,272.75,0.58862,0.8819100000000001,-0.013684,2,-57.5,0.61052,924.25,2
477,273.5,0.58862,0.8819100000000001,-0.013684,2,-58.0,0.27918000000000004,924.75,2
478,274.5,0.58862,0.8819100000000001,-0.013684,2,-57.0,4.5437,922.75,2
479,275.5,0.58862,0.8819100000000001,-0.013684,2,-57.5,5.0744,921.75,2
480,276.5,0.58862,0.8819100000000001,-0.013684,2,-58.5,6.0086,925.75,2
481,278.5,0.7176,0.8359700000000001,0.043332,2,-58.0,0.20861999999999997,924.75,2
482,279.0,0.7176,0.8359700000000001,0.043332,2,-57.0,3.9822,923.75,2
483,279.75,0.7176,0.8359700000000001,0.043332,2,-57.5,0.001534,925.25,2
484,280.5,0.7176,0.8359700000000001,0.043332,2,-57.0,5.0115,921.75,2
485,281.0,0.7176,0.8359700000000001,0.043332,2,-56.5,4.7185,922.25,2
486,281.5,0.7176,0.8359700000000001,0.043332,2,-55.5,4.8873,922.75,2
487,283.5,0.096148,0.8589399999999999,-0.17332999999999998,2,-48.0,2.0433,922.25,4
488,283.6,0.096148,0.8589399999999999,-0.17332999999999998,2,-47.5,2.0203,922.25,4
489,283.75,0.56517,0.8589399999999999,-0.0022806,2,-48.5,1.1612,923.75,4
490,284.0,0.63552,0.8819100000000001,-0.013684,2,-48.5,1.8331,922.75,4
491,284.25,0.41273000000000004,0.96229,-0.09350499999999999,2,-48.5,5.9825,921.25,4
492,284.75,0.27203,0.99674,-0.16192,1,-67.5,0.59518,920.75,4
493,285.25,0.2603,1.0197,-0.11631,2,-50.0,1.287,920.25,4
494,285.32,0.2134,1.0197,-0.19613,1,-67.0,4.5176,921.75,4
495,285.75,0.29548,0.98526,-0.20754,2,-50.0,5.237,924.75,4
496,286.25,0.084423,0.99674,0.043332,1,-68.5,4.8827,923.75,4
497,286.75,0.084423,0.99674,0.043332,1,-63.0,0.24544000000000002,921.25,4
498,291.25,0.1665,1.0312,-0.11631,1,-56.0,5.1189,923.75,4
499,291.35,0.1665,1.0312,-0.11631,1,-56.0,5.7739,922.75,4
500,291.5,0.1665,1.0312,-0.11631,1,-56.5,5.622000000000001,922.75,4
501,291.75,0.30721,0.98526,-0.025087,1,-59.0,2.4467,925.25,4
502,292.25,0.30721,0.98526,-0.025087,4,-57.0,5.5745,924.25,1
503,292.75,0.30721,0.98526,-0.025087,1,-66.0,0.28839000000000004,923.25,1
504,293.75,0.36583000000000004,1.0656,0.11175,3,-56.5,5.5469,922.75,1
505,294.0,0.36583000000000004,1.0656,0.11175,4,-57.0,2.0601,922.75,1
506,294.75,0.36583000000000004,1.0656,0.11175,3,-56.0,5.1342,924.25,1
507,295.0,1.2335,0.2733,0.10035,3,-54.0,0.60439,921.75,3
508,295.25,1.2335,0.2733,0.10035,1,-55.5,6.2556,921.75,3
509,295.5,1.0342,0.35368,-0.16192,4,-64.5,0.22089,924.75,3
510,295.75,0.8231200000000001,0.38813000000000003,0.031928,1,-57.5,1.761,922.25,3
511,297.0,0.8934799999999999,0.15847,-0.12771,4,-65.0,0.86823,920.75,3
512,297.25,1.2218,0.032152999999999994,-0.047893,4,-66.0,1.0953,920.25,3
513,297.5,1.2218,0.032152999999999994,-0.047893,4,-65.0,5.7478,921.75,3
514,297.75,0.9403799999999999,0.1355,-0.070699,4,-65.0,4.4838,923.25,3
515,297.82,0.9403799999999999,0.1355,-0.070699,4,-67.0,5.9028,924.75,3
516,298.25,0.9169299999999999,0.14698,-0.17332999999999998,4,-64.5,5.2094,922.25,3
517,298.5,0.9052,0.14698,-0.11631,3,-50.0,2.2657,923.75,3
518,298.75,0.9052,0.12402,-0.21894,3,-50.0,6.0439,922.75,3
519,298.85,0.9052,0.12402,-0.21894,4,-64.5,4.5406,922.75,3
520,299.0,0.9052,0.12402,-0.21894,3,-50.0,3.8718,921.25,3
521,299.25,1.2101,0.032152999999999994,-0.047893,4,-65.5,0.42645,920.75,3
522,299.5,1.2101,0.032152999999999994,-0.047893,3,-50.5,5.1174,924.25,3
523,299.6,1.2101,0.032152999999999994,-0.047893,4,-66.0,6.0868,924.25,3
524,299.75,1.2101,0.032152999999999994,-0.047893,4,-66.0,0.95414,920.25,3
525,300.0,1.3742,-0.025263,0.0091224,3,-50.0,5.7524,923.25,3
526,300.1,1.3742,-0.025263,0.0091224,4,-65.0,4.1111,923.25,3
527,300.25,1.3742,-0.025263,0.0091224,4,-66.5,2.4789,924.75,3
528,300.5,0.9521,0.14698,-0.13912,4,-65.0,1.9712,922.25,3
529,301.5,0.92865,0.14698,-0.17332999999999998,3,-50.0,3.8595,921.25,3
530,301.75,1.2218,0.032152999999999994,-0.025087,3,-50.0,4.2,920.75,3
531,302.0,0.9990100000000001,0.15847,-0.13912,3,-49.5,4.539,920.25,3
532,302.25,0.9052,0.15847,-0.17332999999999998,3,-50.0,4.5329,920.25,3
533,302.35,0.9052,0.15847,-0.17332999999999998,4,-66.0,0.9203899999999999,920.25,3
534,302.5,0.9052,0.15847,-0.17332999999999998,3,-50.0,0.40804,921.75,3
535,302.75,1.128,0.066602,-0.082102,4,-66.5,5.5699,924.75,3
536,303.25,0.9403799999999999,0.15847,-0.15052000000000001,4,-68.0,1.5294,925.75,3
537,303.35,0.9403799999999999,0.15847,-0.15052000000000001,4,-65.5,0.32214,923.75,3
538,303.75,0.96383,0.16995,-0.15052000000000001,3,-50.0,0.71944,921.25,3
539,303.85,0.96383,0.16995,-0.15052000000000001,4,-65.0,6.0914,921.25,3
540,304.25,0.96383,0.15847,-0.15052000000000001,4,-66.0,0.34975,920.75,3
541,304.5,0.96383,0.15847,-0.15052000000000001,3,-50.5,1.9052,924.25,3
542,305.0,1.1397,0.078086,-0.070699,3,-50.0,2.5203,923.25,3
543,305.5,0.92865,0.14698,-0.15052000000000001,3,-50.0,0.076699,922.25,3
544,305.57,0.92865,0.14698,-0.15052000000000001,4,-68.5,1.5263,925.75,3
545,305.75,0.92865,0.14698,-0.15052000000000001,4,-65.5,0.35588000000000003,923.75,3
546,306.25,1.1632,0.05511900000000001,-0.047893,3,-50.0,0.75625,921.25,3
547,306.35,1.1632,0.05511900000000001,-0.047893,4,-65.0,6.1144,921.25,3
548,306.5,1.0107,0.16995,-0.13912,4,-66.0,0.34054,920.75,3
549,306.75,1.0107,0.16995,-0.13912,3,-50.5,5.0483,924.25,3
550,306.85,1.0107,0.16995,-0.13912,3,-50.5,1.9098,924.25,3
551,307.5,1.1397,0.066602,-0.09350499999999999,3,-50.0,5.6358,923.25,3
552,307.58,0.92865,0.15847,-0.16192,4,-66.0,2.3899,924.75,3
553,308.5,1.2335,0.043636,-0.036489999999999995,4,-64.5,4.516,922.75,3
554,308.75,0.92865,0.15847,-0.16192,3,-51.5,1.3652,925.25,3
555,310.0,1.1397,0.08956900000000001,-0.070699,3,-50.0,5.6236,923.25,3
556,310.25,0.92865,0.16995,-0.16192,4,-66.5,5.5269,924.75,3
557,310.38,0.92865,0.16995,-0.16192,3,-50.0,0.11505,922.25,3
558,310.4,0.92865,0.16995,-0.16192,4,-65.0,5.0238,922.25,3
559,310.75,0.9521,0.16995,-0.13912,3,-50.5,5.4656,923.75,3
560,310.83,0.97555,0.16995,-0.13912,4,-65.0,4.5835,922.75,3
561,311.25,0.9521,0.16995,-0.15052000000000001,4,-65.0,6.0899,921.25,3
562,311.5,0.9521,0.16995,-0.15052000000000001,3,-50.0,1.0953,920.75,3
563,311.58,0.9052,0.15847,-0.17332999999999998,3,-50.5,1.9267,924.25,3
564,311.75,0.9052,0.15847,-0.17332999999999998,4,-65.5,5.9917,924.25,3
565,312.0,1.2570000000000001,0.043636,-0.025087,3,-50.0,0.34975,921.75,3
566,312.1,1.2570000000000001,0.043636,-0.025087,4,-65.0,5.5193,921.75,3
567,312.75,0.97555,0.16995,-0.12771,4,-64.0,4.9962,922.25,3
568,313.0,0.97555,0.16995,-0.12771,4,-67.5,1.4266,925.75,3
569,313.25,0.97555,0.16995,-0.12771,4,-65.5,0.27151,923.75,3
570,313.5,0.97555,0.16995,-0.12771,4,-64.5,4.4915,922.75,3
571,313.75,0.9169299999999999,0.16995,-0.16192,4,-67.0,5.0284,925.25,3
572,314.0,0.9169299999999999,0.16995,-0.16192,3,-50.0,4.2476,920.75,3
573,314.08,0.9169299999999999,0.16995,-0.16192,4,-66.0,0.34515,920.75,3
574,314.25,0.9990100000000001,0.16995,-0.13912,4,-66.5,0.8467600000000001,920.25,3
575,314.5,0.9990100000000001,0.16995,-0.13912,4,-64.5,5.5116,921.75,3
576,314.75,0.9169299999999999,0.18143,-0.15052000000000001,3,-50.0,5.6543,923.25,3
577,315.0,1.128,0.10105,-0.09350499999999999,4,-65.0,4.9778,922.25,3
578,316.0,1.1045,0.11254000000000002,-0.10490999999999999,3,-50.0,0.78693,921.25,3
579,316.1,1.1045,0.11254000000000002,-0.10490999999999999,3,-50.0,0.78386,921.25,3
580,316.5,0.9872799999999999,0.15847,-0.15052000000000001,4,-65.5,0.27458,920.75,3
581,316.75,0.9872799999999999,0.15847,-0.15052000000000001,3,-50.5,5.056,924.25,3
582,316.85,0.9872799999999999,0.15847,-0.15052000000000001,4,-66.0,0.78847,920.25,3
583,317.0,1.0576,0.16995,-0.09350499999999999,4,-65.5,5.5591,921.75,3
584,317.5,0.9169299999999999,0.19292,-0.15052000000000001,3,-50.0,0.19788,922.25,3
585,317.58,0.9169299999999999,0.19292,-0.15052000000000001,4,-64.5,5.0299,922.25,3
586,318.0,0.96383,0.18143,-0.12771,4,-65.0,0.31906999999999996,923.75,3
587,318.75,1.1983,0.066602,-0.070699,3,-50.0,1.1382,920.75,3
588,318.85,1.1983,0.066602,-0.070699,3,-50.0,1.1351,920.75,3
589,319.0,0.92865,0.18143,-0.15052000000000001,3,-50.5,1.9788,924.25,3
590,319.25,0.92865,0.18143,-0.15052000000000001,3,-50.0,4.5897,920.25,3
591,319.3,0.88175,0.16995,-0.16192,4,-66.0,0.7378399999999999,920.25,3
592,319.5,0.9169299999999999,0.18143,-0.15052000000000001,4,-65.0,0.7531800000000001,923.25,3
593,319.75,0.9169299999999999,0.18143,-0.15052000000000001,4,-66.5,2.3132,924.75,3
594,320.5,1.2687,0.032152999999999994,-0.0022806,4,-65.5,0.22396,923.75,3
595,320.75,1.2687,0.032152999999999994,-0.0022806,4,-64.5,4.4439,922.75,3
596,320.88,1.2687,0.032152999999999994,-0.0022806,3,-50.0,0.7409100000000001,921.25,3
597,321.0,1.1866,0.066602,-0.036489999999999995,4,-66.5,1.8316,925.25,3
