,time,frontal,vertical,lateral,id,rssi,phase,freq,label
0,0.0,0.24858000000000002,1.0542,-0.24174,1,-45.5,4.4286,920.25,4
1,0.025,0.34238,1.1805,-0.11631,1,-45.0,4.6234,921.75,4
2,0.25,0.060972000000000005,1.0771,-0.036489999999999995,1,-44.5,5.8445,921.75,4
3,0.3,0.13132,1.0542,-0.082102,1,-49.5,6.2249,923.25,4
4,1.5,0.47136000000000006,0.9048700000000001,0.020525,2,-56.0,1.2533,921.25,4
5,2.25,0.47136000000000006,0.9048700000000001,0.020525,2,-57.5,5.892,924.25,4
6,4.75,0.37756,0.89339,0.08894400000000001,2,-57.0,5.5591,920.25,2
7,5.25,0.37756,0.89339,0.08894400000000001,2,-57.0,0.061359000000000004,923.25,2
8,5.75,0.37756,0.89339,0.08894400000000001,2,-58.5,5.3536,925.75,2
9,8.5,0.50654,0.9048700000000001,-0.09350499999999999,2,-57.0,5.2953,923.75,2
10,9.0,0.50654,0.9048700000000001,-0.09350499999999999,2,-58.5,4.4624,925.25,2
11,9.75,0.50654,0.9048700000000001,-0.09350499999999999,2,-56.0,1.0354,920.25,2
12,10.0,0.50654,0.9048700000000001,-0.09350499999999999,2,-55.5,5.665,923.25,2
13,11.25,0.52999,0.89339,-0.0022806,2,-56.5,0.24544000000000002,921.25,2
14,12.0,0.52999,0.89339,-0.0022806,2,-57.0,4.7354,924.25,2
15,12.75,0.52999,0.89339,-0.0022806,2,-57.5,5.8123,922.25,2
16,13.5,0.52999,0.89339,-0.0022806,2,-57.5,6.274,921.25,2
17,14.5,0.52999,0.89339,-0.0022806,2,-57.0,0.7639199999999999,920.25,2
18,16.0,0.48308999999999996,0.9163600000000001,-0.036489999999999995,2,-56.0,5.3444,922.75,2
19,16.5,0.48308999999999996,0.9163600000000001,-0.036489999999999995,2,-57.5,0.9587399999999999,925.25,2
20,17.0,0.48308999999999996,0.9163600000000001,-0.036489999999999995,2,-58.0,0.55684,920.25,2
21,17.75,0.48308999999999996,0.9163600000000001,-0.036489999999999995,2,-57.0,5.8184,922.25,2
22,19.75,0.65897,0.8589399999999999,0.020525,2,-57.0,5.1511,923.25,2
23,20.5,0.65897,0.8589399999999999,0.020525,2,-57.0,4.7185,923.75,2
24,21.25,0.65897,0.8589399999999999,0.020525,2,-58.5,0.44946,920.75,2
25,22.25,0.65897,0.8589399999999999,0.020525,2,-58.5,4.6065,924.75,2
26,23.25,0.65897,0.8589399999999999,0.020525,2,-58.0,0.34820999999999996,921.25,2
27,24.75,0.65897,0.8589399999999999,0.020525,2,-57.5,5.4502,923.25,2
28,25.75,0.65897,0.8589399999999999,0.020525,2,-58.0,0.33594,921.25,2
29,27.25,0.65897,0.8589399999999999,0.020525,2,-57.5,5.4456,923.25,2
30,29.75,0.49481,0.9163600000000001,-0.013684,2,-58.5,4.6526,924.75,2
31,30.5,0.49481,0.9163600000000001,-0.013684,2,-57.5,5.6251,922.75,2
32,32.75,0.49481,0.9163600000000001,-0.013684,2,-58.5,5.2278,923.75,2
33,36.0,0.69414,0.84746,0.08894400000000001,2,-58.5,0.78386,920.75,2
34,37.0,0.69414,0.84746,0.08894400000000001,2,-59.0,4.8443,924.75,2
35,38.0,0.69414,0.84746,0.08894400000000001,2,-57.5,0.45713000000000004,921.25,2
36,39.25,0.69414,0.84746,0.08894400000000001,2,-58.0,5.6895,923.25,2
37,40.25,0.69414,0.84746,0.08894400000000001,2,-56.5,5.8092,922.75,2
38,42.75,0.54171,0.9048700000000001,0.031928,2,-57.5,0.013806,921.25,2
39,43.75,0.54171,0.9048700000000001,0.031928,2,-56.5,5.461,921.75,2
40,44.5,0.54171,0.9048700000000001,0.031928,2,-56.5,5.2232,922.25,2
41,45.0,0.54171,0.9048700000000001,0.031928,2,-56.5,4.9946,922.75,2
42,45.75,0.54171,0.9048700000000001,0.031928,2,-57.5,6.1421,920.75,2
43,46.5,0.54171,0.9048700000000001,0.031928,2,-57.0,4.7737,923.25,2
44,48.25,0.5534399999999999,0.89339,-0.013684,2,-57.5,0.084369,920.75,2
45,49.0,0.5534399999999999,0.89339,-0.013684,2,-58.5,0.7700600000000001,924.75,2
46,51.25,0.5534399999999999,0.89339,-0.013684,2,-58.5,0.15492999999999998,921.75,2
47,53.75,0.5534399999999999,0.89339,-0.013684,2,-58.5,6.2709,921.75,2
48,57.0,0.51826,0.96229,-0.025087,2,-57.0,1.2042,923.75,2
49,57.5,0.51826,0.96229,-0.025087,2,-57.0,5.8215,921.25,2
50,58.5,0.51826,0.96229,-0.025087,2,-57.0,5.7187,921.75,2
51,59.75,0.51826,0.96229,-0.025087,2,-58.0,5.3367,922.75,2
52,63.5,0.51826,0.96229,-0.025087,2,-58.5,5.1542,923.25,2
53,66.5,0.51826,0.96229,-0.025087,2,-58.5,5.7448,922.25,2
54,77.25,0.54171,0.9163600000000001,0.0091224,2,-58.5,0.70717,920.75,2
55,78.25,0.54171,0.9163600000000001,0.0091224,2,-59.0,4.5897,924.75,2
56,88.75,0.54171,0.9163600000000001,0.0091224,2,-58.5,5.0867,923.75,2
57,91.25,0.54171,0.9163600000000001,0.0091224,2,-58.5,5.6527,922.75,2
58,100.25,0.60034,0.8819100000000001,-0.013684,2,-58.0,0.40037,924.75,2
59,101.25,0.60034,0.8819100000000001,-0.013684,2,-56.5,4.6127,922.75,2
60,101.75,0.60034,0.8819100000000001,-0.013684,2,-57.0,5.6681,920.75,2
61,102.5,0.60034,0.8819100000000001,-0.013684,2,-56.0,5.0913,921.75,2
62,103.0,0.60034,0.8819100000000001,-0.013684,2,-56.0,4.809,922.25,2
63,105.0,0.52999,0.9163600000000001,-0.047893,2,-57.0,4.3795,923.25,2
64,105.75,0.52999,0.9163600000000001,-0.047893,2,-59.0,5.9979,925.75,2
65,107.25,0.62379,0.89339,-0.025087,2,-57.0,1.896,921.75,2
66,108.0,0.62379,0.89339,-0.025087,2,-56.0,4.5667,922.25,2
67,109.25,0.62379,0.89339,-0.025087,2,-57.5,5.3858,920.75,2
68,110.0,0.62379,0.89339,-0.025087,2,-57.0,0.9127200000000001,923.25,2
69,110.75,0.62379,0.89339,-0.025087,2,-57.5,0.80381,923.75,2
70,112.5,0.60034,0.8589399999999999,-0.013684,2,-57.5,0.83449,923.25,2
71,113.25,0.60034,0.8589399999999999,-0.013684,2,-57.0,4.2553,922.75,2
72,114.25,0.60034,0.8589399999999999,-0.013684,2,-59.0,0.30066,924.25,2
73,115.25,0.60034,0.8589399999999999,-0.013684,2,-56.0,4.8075,922.25,2
74,119.0,0.60034,0.84746,-0.0022806,2,-59.0,0.29913,924.25,2
75,120.5,0.60034,0.84746,-0.0022806,2,-58.5,0.61666,923.75,2
76,122.0,0.60034,0.84746,-0.0022806,2,-57.5,4.898,921.75,2
77,123.25,0.60034,0.84746,-0.0022806,2,-57.0,4.3212,922.75,2
78,126.25,0.70587,0.8359700000000001,0.043332,2,-59.0,0.3252,924.25,2
79,128.0,0.70587,0.8359700000000001,0.043332,2,-57.5,4.3442,922.75,2
80,129.25,0.70587,0.8359700000000001,0.043332,2,-57.0,4.9793,921.75,2
81,130.25,0.70587,0.8359700000000001,0.043332,2,-58.0,0.5553,923.75,2
82,131.25,0.70587,0.8359700000000001,0.043332,2,-58.5,0.31906999999999996,924.25,2
83,132.25,0.70587,0.8359700000000001,0.043332,2,-56.0,4.671,922.25,2
84,132.75,0.70587,0.8359700000000001,0.043332,2,-57.5,4.4148,922.75,2
85,136.0,0.67069,0.8589399999999999,0.031928,2,-57.5,5.5883,920.75,2
86,137.25,0.67069,0.8589399999999999,0.031928,2,-57.0,4.539,922.25,2
87,139.0,0.67069,0.8589399999999999,0.031928,2,-57.5,4.9532,921.75,2
88,141.5,0.67069,0.8589399999999999,0.031928,2,-58.0,5.099,921.75,2
89,143.75,0.67069,0.8589399999999999,0.031928,2,-58.5,5.3045,921.75,2
90,151.0,0.60034,0.8704200000000001,-0.059296,2,-57.0,4.9103,921.75,2
91,152.5,0.60034,0.8704200000000001,-0.059296,2,-58.0,5.3260000000000005,921.25,2
92,155.5,0.60034,0.8704200000000001,-0.059296,2,-59.0,0.29452,924.25,2
93,156.5,0.60034,0.8704200000000001,-0.059296,2,-57.0,4.6526,922.25,2
94,157.5,0.60034,0.8704200000000001,-0.059296,2,-59.0,5.9933,925.25,2
95,159.25,0.7176,0.8359700000000001,0.043332,2,-58.5,5.7095,925.75,2
96,159.75,0.7176,0.8359700000000001,0.043332,2,-56.0,1.083,922.75,2
97,160.25,0.7176,0.8359700000000001,0.043332,2,-56.5,5.2876,920.75,2
98,160.75,0.7176,0.8359700000000001,0.043332,2,-56.0,4.7891,921.75,2
99,161.25,0.7176,0.8359700000000001,0.043332,2,-58.0,6.1359,924.75,2
100,162.0,0.7176,0.8359700000000001,0.043332,2,-56.5,0.5599,923.75,2
101,162.25,0.7176,0.8359700000000001,0.043332,2,-56.0,5.2033,921.25,2
102,163.5,0.6472399999999999,0.84746,-0.013684,2,-56.5,0.56757,923.25,2
103,164.0,0.6472399999999999,0.84746,-0.013684,2,-55.0,4.4915,922.25,2
104,165.0,0.8583,0.79004,0.054735,2,-57.5,5.7555,925.25,2
105,165.5,0.8583,0.79004,0.054735,2,-57.0,5.2829999999999995,920.25,2
106,166.5,0.8583,0.79004,0.054735,2,-59.0,5.5085,925.75,2
107,168.0,0.67069,0.8589399999999999,0.0091224,2,-56.5,5.6282,920.25,2
108,169.25,0.8231200000000001,0.79004,0.054735,2,-56.0,0.41111000000000003,923.75,2
109,169.5,0.8231200000000001,0.79004,0.054735,2,-56.0,4.0804,922.75,2
110,170.0,0.8231200000000001,0.79004,0.054735,2,-57.0,5.148,920.75,2
111,171.0,0.8231200000000001,0.79004,0.054735,2,-56.5,0.5476300000000001,923.25,2
112,171.5,0.8231200000000001,0.79004,0.054735,2,-58.5,2.1261,925.75,2
113,172.0,0.8231200000000001,0.79004,0.054735,2,-56.5,4.8029,921.25,2
114,173.5,0.65897,0.8819100000000001,-0.0022806,2,-56.5,0.9403299999999999,922.25,2
115,174.25,0.65897,0.8819100000000001,-0.0022806,2,-57.0,3.8748,922.75,2
116,175.0,0.65897,0.8819100000000001,-0.0022806,2,-58.0,6.0516,924.25,2
117,175.75,0.65897,0.8819100000000001,-0.0022806,2,-57.5,0.30066,923.25,2
118,176.5,0.65897,0.8819100000000001,-0.0022806,2,-57.0,0.010738,923.75,2
119,177.75,0.67069,0.82449,0.031928,2,-56.5,4.4393,921.75,2
120,178.25,0.67069,0.82449,0.031928,2,-58.0,5.8153,924.75,2
121,179.0,0.67069,0.82449,0.031928,2,-57.0,0.17640999999999998,923.75,2
122,179.5,0.67069,0.82449,0.031928,2,-59.0,6.1482,925.25,2
123,183.5,0.61207,0.8704200000000001,-0.0022806,2,-58.0,4.7063,922.25,2
124,185.5,0.61207,0.8704200000000001,-0.0022806,2,-59.5,5.9825,924.75,2
125,189.0,0.61207,0.8704200000000001,-0.0022806,2,-57.5,0.6089899999999999,922.75,2
126,189.75,0.61207,0.8704200000000001,-0.0022806,2,-57.0,6.0914,924.25,2
127,223.0,0.63552,0.8704200000000001,0.043332,2,-56.5,6.1144,922.75,4
128,225.5,0.17823,0.99674,-0.09350499999999999,2,-49.5,0.067495,922.75,4
129,225.75,0.037521,0.99674,0.031928,2,-50.0,2.0218,925.25,4
130,225.85,0.18995,1.0656,0.020525,2,-48.5,0.018408,925.25,4
131,226.0,0.18995,1.0656,0.020525,2,-46.0,5.5407,920.75,4
132,226.1,0.15478,1.1116,-0.28736,2,-46.5,5.8736,920.75,4
133,226.5,0.27203,1.0197,-0.23034000000000002,1,-59.5,1.0063,920.25,4
134,230.5,-0.032831,1.0656,-0.25315,4,-58.0,6.1022,925.25,4
135,231.0,-0.032831,1.0656,-0.25315,4,-57.0,0.27765,920.75,4
136,231.5,-0.032831,1.0656,-0.25315,4,-57.5,0.43105,921.75,4
137,232.0,-0.032831,1.0656,-0.25315,4,-59.0,2.2964,924.75,1
138,232.75,-0.032831,1.0656,-0.25315,1,-62.5,3.9255,922.75,1
139,233.5,-0.032831,1.0656,-0.25315,1,-63.0,6.1635,924.25,1
140,234.0,-0.032831,1.0656,-0.25315,4,-59.5,4.6127,923.25,1
141,235.0,-0.032831,1.0656,-0.25315,4,-59.5,5.1772,923.75,1
142,247.25,0.61207,0.8704200000000001,0.066138,1,-62.0,5.4027,923.75,1
143,248.5,0.61207,0.8704200000000001,0.066138,4,-60.0,3.3686,920.25,1
144,249.25,0.61207,0.8704200000000001,0.066138,1,-59.0,5.5729999999999995,922.25,1
145,251.5,0.61207,0.8704200000000001,0.066138,4,-59.0,1.3484,922.25,1
146,252.25,0.61207,0.8704200000000001,0.066138,4,-60.0,0.8268200000000001,922.75,1
147,253.5,0.61207,0.8704200000000001,0.066138,4,-60.0,0.35895,923.25,1
148,254.5,0.61207,0.8704200000000001,0.066138,4,-60.0,6.1129,923.75,1
149,255.5,0.61207,0.8704200000000001,0.066138,4,-60.5,5.5699,924.25,1
150,257.5,0.62379,0.8704200000000001,0.066138,4,-61.0,4.5636,925.25,1
151,258.5,0.62379,0.8704200000000001,0.066138,1,-60.5,2.5219,923.25,1
152,259.5,0.62379,0.8704200000000001,0.066138,4,-60.5,0.85136,922.75,1
153,260.25,0.62379,0.8704200000000001,0.066138,4,-60.0,5.6128,924.25,1
154,261.0,0.62379,0.8704200000000001,0.066138,3,-61.5,0.6366,924.75,1
155,261.75,0.62379,0.8704200000000001,0.066138,4,-58.5,5.9196,923.75,1
156,264.25,0.6472399999999999,0.8589399999999999,0.066138,4,-59.0,5.372000000000001,923.75,1
157,264.75,0.6472399999999999,0.8589399999999999,0.066138,4,-60.0,0.33287,921.25,1
158,265.75,0.6472399999999999,0.8589399999999999,0.066138,4,-60.0,1.0876,923.25,1
159,266.25,0.6472399999999999,0.8589399999999999,0.066138,1,-65.5,5.957999999999999,925.75,1
160,270.75,0.6472399999999999,0.8589399999999999,0.066138,1,-61.0,5.5039,923.25,1
161,273.0,0.52999,0.89339,0.043332,3,-61.5,1.7564,923.25,1
162,274.0,0.52999,0.89339,0.043332,4,-59.5,5.9534,923.75,1
163,274.75,0.52999,0.89339,0.043332,4,-59.0,5.2631,924.25,1
164,275.5,0.52999,0.89339,0.043332,4,-59.0,0.19021,923.25,1
165,276.0,0.52999,0.89339,0.043332,1,-60.5,6.2724,922.25,1
166,276.75,0.52999,0.89339,0.043332,1,-61.0,0.9986200000000001,921.25,1
167,277.75,0.52999,0.89339,0.043332,4,-59.0,1.7288,921.75,1
168,278.25,0.52999,0.89339,0.043332,4,-59.0,4.1187,924.75,1
169,279.0,0.63552,0.8589399999999999,-0.12771,4,-57.5,4.5621,922.75,1
170,279.25,0.63552,0.8589399999999999,-0.12771,4,-57.5,5.8644,921.25,1
171,279.5,0.63552,0.8589399999999999,-0.12771,4,-57.5,0.030680000000000002,920.75,1
172,279.75,0.63552,0.8589399999999999,-0.12771,4,-58.0,6.1482,924.25,1
173,280.25,0.63552,0.8589399999999999,-0.12771,4,-58.0,5.9534,921.75,1
174,280.75,0.63552,0.8589399999999999,-0.12771,4,-60.0,0.62433,924.75,1
175,281.25,0.63552,0.8589399999999999,-0.12771,4,-58.0,5.1557,923.75,1
176,281.5,0.63552,0.8589399999999999,-0.12771,4,-58.5,1.8991,921.25,1
177,282.25,0.63552,0.8589399999999999,-0.12771,4,-58.5,4.9057,924.25,1
178,283.25,0.7176,0.82449,0.031928,4,-59.0,0.34360999999999997,922.25,1
179,284.0,0.7176,0.82449,0.031928,1,-60.5,5.8629,922.75,1
180,284.5,0.7176,0.82449,0.031928,4,-59.5,2.1568,920.75,1
181,285.25,0.7176,0.82449,0.031928,1,-61.0,0.70717,921.75,1
182,285.75,0.7176,0.82449,0.031928,4,-58.5,0.7808,922.25,1
183,286.25,0.7176,0.82449,0.031928,1,-60.5,5.013,923.75,1
184,286.75,0.7176,0.82449,0.031928,1,-62.5,3.7230000000000003,925.25,1
185,287.75,0.67069,0.8589399999999999,0.043332,4,-58.5,5.935,923.25,1
186,288.25,0.67069,0.8589399999999999,0.043332,4,-58.5,0.69796,922.25,1
187,288.75,0.67069,0.8589399999999999,0.043332,4,-58.5,5.3567,923.75,1
188,289.0,0.67069,0.8589399999999999,0.043332,4,-59.5,3.8365,925.25,1
189,289.5,0.67069,0.8589399999999999,0.043332,4,-58.5,4.8336,924.25,1
190,290.25,0.67069,0.8589399999999999,0.043332,4,-58.5,5.8199,923.25,1
191,290.5,0.67069,0.8589399999999999,0.043332,4,-59.0,0.59365,922.25,1
192,291.0,0.67069,0.8589399999999999,0.043332,4,-58.5,5.3306,923.75,1
193,291.5,0.67069,0.8589399999999999,0.043332,1,-60.5,1.1183,921.25,1
194,292.5,0.61207,0.8819100000000001,0.0091224,1,-60.0,5.3459,923.25,1
195,293.25,0.61207,0.8819100000000001,0.0091224,1,-65.0,6.1973,925.75,1
196,293.5,0.61207,0.8819100000000001,0.0091224,3,-60.0,2.3976,922.75,1
197,294.0,0.61207,0.8819100000000001,0.0091224,3,-59.5,0.46326000000000006,921.25,1
198,295.0,0.74105,0.77856,0.14595999999999998,4,-58.5,1.2287,921.75,1
199,295.25,0.74105,0.77856,0.14595999999999998,4,-58.0,4.1924,924.75,1
200,295.75,0.74105,0.77856,0.14595999999999998,4,-59.5,2.5633,925.75,1
201,296.0,0.74105,0.77856,0.14595999999999998,4,-57.0,5.237,922.75,1
202,296.5,0.74105,0.77856,0.14595999999999998,4,-59.0,5.8521,925.25,1
203,296.75,0.74105,0.77856,0.14595999999999998,3,-61.0,1.9205,924.25,1
204,297.75,0.7527699999999999,0.80152,-0.0022806,4,-58.0,0.09510700000000001,924.75,1
205,298.0,0.7527699999999999,0.80152,-0.0022806,4,-59.0,5.3797,925.75,1
206,298.5,0.7527699999999999,0.80152,-0.0022806,4,-57.0,5.1772,922.75,1
207,298.75,0.7527699999999999,0.80152,-0.0022806,4,-58.0,0.50315,921.25,1
208,299.25,0.7527699999999999,0.80152,-0.0022806,4,-57.5,0.52769,924.25,1
209,299.75,0.7527699999999999,0.80152,-0.0022806,4,-57.5,0.069029,921.75,1
210,300.0,0.7527699999999999,0.80152,-0.0022806,1,-64.5,0.29759,924.75,1
211,301.5,0.69414,0.80152,-0.025087,4,-59.5,0.13499,925.25,1
212,302.25,0.69414,0.80152,-0.025087,4,-59.5,0.92499,921.75,1
213,302.75,0.69414,0.80152,-0.025087,4,-60.5,0.7992,924.75,1
214,303.25,0.69414,0.80152,-0.025087,4,-58.5,6.2387,922.75,1
215,304.0,0.69414,0.80152,-0.025087,1,-60.0,0.89584,920.75,1
216,304.5,0.69414,0.80152,-0.025087,4,-58.5,0.71023,921.75,1
217,304.75,0.69414,0.80152,-0.025087,4,-57.5,5.2171,923.25,1
218,305.75,0.65897,0.8704200000000001,0.020525,1,-59.5,5.5791,922.75,1
219,306.25,0.65897,0.8704200000000001,0.020525,4,-59.5,5.8491,925.25,1
220,306.5,0.65897,0.8704200000000001,0.020525,3,-60.0,1.3085,924.25,1
221,307.0,0.65897,0.8704200000000001,0.020525,4,-58.5,0.9403299999999999,921.75,1
222,307.25,0.65897,0.8704200000000001,0.020525,4,-59.0,4.1694,924.75,1
223,308.0,0.72932,0.82449,0.020525,1,-60.0,5.0437,923.75,1
224,308.5,0.72932,0.82449,0.020525,4,-59.5,0.61359,925.25,1
225,309.0,0.72932,0.82449,0.020525,4,-58.5,4.7998,924.25,1
226,309.5,0.72932,0.82449,0.020525,4,-58.5,1.0262,921.75,1
227,310.0,0.72932,0.82449,0.020525,3,-61.0,0.92499,924.75,1
228,310.5,0.72932,0.82449,0.020525,3,-59.5,1.6122,923.75,1
229,310.75,0.72932,0.82449,0.020525,4,-58.5,6.2157,922.75,1
230,311.75,0.61207,0.8589399999999999,-0.0022806,4,-59.5,2.5096,920.25,1
231,312.0,0.61207,0.8589399999999999,-0.0022806,3,-59.0,1.942,923.25,1
232,312.75,0.61207,0.8589399999999999,-0.0022806,4,-60.0,5.2631,925.75,1
233,313.25,0.61207,0.8589399999999999,-0.0022806,4,-57.0,5.6589,922.75,1
234,313.35,0.61207,0.8589399999999999,-0.0022806,1,-62.5,0.9986200000000001,921.25,1
235,313.75,0.61207,0.8589399999999999,-0.0022806,3,-60.5,0.57831,920.75,1
236,314.5,1.0225,0.38813000000000003,0.12315,4,-62.0,1.0416,923.25,1
237,314.75,1.0225,0.38813000000000003,0.12315,4,-67.5,5.3567,924.75,1
238,315.0,1.2335,0.26182,0.0091224,4,-64.5,5.4748,922.25,3
239,315.5,1.2335,0.26182,0.0091224,4,-66.0,4.9026,923.75,3
240,315.6,1.2335,0.26182,0.0091224,4,-66.0,5.3551,922.75,3
241,315.75,1.2335,0.26182,0.0091224,4,-65.0,0.35128000000000004,921.25,3
242,316.0,1.2335,0.26182,0.0091224,4,-68.0,5.7616,925.25,3
243,316.25,1.4446,-0.07119600000000001,0.020525,4,-67.0,3.5328,924.25,3
244,316.5,1.4446,-0.07119600000000001,0.020525,4,-65.5,1.8899,920.25,3
245,316.75,1.4446,-0.07119600000000001,0.020525,3,-49.0,2.9544,921.75,3
246,316.85,0.92865,-0.0022965999999999998,-0.11631,3,-49.5,3.0081,921.75,3
247,317.0,1.2687,0.032152999999999994,0.031928,4,-66.0,1.9083,923.25,3
248,317.25,1.2687,0.032152999999999994,0.031928,4,-66.5,0.64427,924.75,3
249,317.35,1.2687,0.032152999999999994,0.031928,3,-48.5,2.571,922.25,3
250,317.5,0.87003,0.11254000000000002,-0.082102,3,-48.0,2.6154,922.25,3
251,318.0,1.128,0.11254000000000002,-0.059296,3,-49.0,2.5249,922.75,3
252,318.1,1.128,0.11254000000000002,-0.059296,4,-61.5,2.3547,922.75,3
253,318.25,1.0928,0.05511900000000001,-0.025087,3,-49.0,3.6754,921.25,3
254,318.5,0.9403799999999999,0.14698,-0.15052000000000001,4,-64.5,6.185,925.25,3
255,318.58,0.9403799999999999,0.14698,-0.15052000000000001,3,-49.0,0.9434,920.75,3
256,318.75,0.9403799999999999,0.15847,-0.13912,4,-62.0,1.198,924.25,3
257,319.0,0.9403799999999999,0.15847,-0.13912,3,-49.0,4.539,920.25,3
258,319.13,0.9403799999999999,0.15847,-0.13912,3,-49.0,4.5513,920.25,3
259,319.2,1.0928,0.15847,-0.09350499999999999,4,-61.5,0.25617,921.75,3
260,319.25,1.0928,0.15847,-0.09350499999999999,4,-61.0,3.4821,921.75,3
261,319.5,1.0928,0.15847,-0.09350499999999999,4,-61.0,1.8883,923.25,3
262,319.75,0.92865,0.18143,-0.13912,4,-63.5,0.39116999999999996,924.75,3
263,320.0,0.92865,0.18143,-0.15052000000000001,4,-64.0,2.6676,925.75,3
264,320.5,1.1866,0.066602,-0.036489999999999995,3,-49.5,6.0316,922.75,3
265,320.75,1.0459,0.2044,-0.070699,4,-65.0,0.7639199999999999,921.25,3
266,321.0,1.0459,0.2044,-0.070699,4,-63.0,4.4501,920.75,3
267,321.25,0.9872799999999999,0.14698,-0.15052000000000001,4,-66.0,3.7230000000000003,924.25,3
268,321.5,0.9872799999999999,0.14698,-0.15052000000000001,4,-64.5,4.7216,920.25,3
269,321.75,0.9872799999999999,0.14698,-0.15052000000000001,4,-63.0,0.19328,921.75,3
270,321.83,0.9872799999999999,0.14698,-0.15052000000000001,3,-49.0,2.3623,923.25,3
271,322.0,0.8934799999999999,0.15847,-0.15052000000000001,4,-64.0,1.7441,923.25,3
272,322.25,0.8934799999999999,0.15847,-0.15052000000000001,3,-50.0,1.5892,924.75,3
273,322.35,1.4094,-0.0022965999999999998,0.031928,4,-64.0,5.8491,922.25,3
274,322.5,1.4094,-0.0022965999999999998,0.031928,4,-63.0,1.0554,923.75,3
275,322.75,0.92865,0.18143,-0.15052000000000001,4,-61.0,2.2964,922.75,3
276,323.0,0.92865,0.18143,-0.15052000000000001,4,-61.0,3.9331,921.25,3
277,323.25,0.92865,0.18143,-0.15052000000000001,4,-62.0,0.55684,921.25,3
278,323.33,0.92865,0.18143,-0.15052000000000001,4,-63.5,6.0792,925.25,3
279,323.5,0.9521,0.2044,-0.10490999999999999,3,-50.0,1.7994,924.25,3
280,323.75,0.9521,0.2044,-0.10490999999999999,4,-63.0,0.73324,924.25,3
281,323.85,0.9521,0.2044,-0.10490999999999999,4,-61.5,1.5769,920.25,3
282,324.0,0.9169299999999999,0.19292,-0.13912,4,-62.0,0.11812,921.75,3
283,324.25,0.9169299999999999,0.19292,-0.13912,3,-50.0,2.4866,923.25,3
284,324.35,0.9169299999999999,0.19292,-0.13912,4,-61.5,4.7339,923.25,3
285,324.75,0.9403799999999999,0.18143,-0.15052000000000001,3,-50.0,0.056757,922.25,3
286,324.83,0.9403799999999999,0.18143,-0.15052000000000001,4,-64.5,5.6236,925.75,3
287,325.25,1.5032,-0.036746,0.10035,3,-55.5,5.8245,922.75,3
288,325.5,1.5032,-0.036746,0.10035,4,-64.5,6.2341,921.25,3
289,326.25,1.5032,-0.036746,0.10035,4,-66.0,6.1098,924.25,3
290,327.0,1.2101,0.078086,-0.09350499999999999,4,-63.0,5.981,922.25,3
291,327.5,0.97555,0.22737,-0.18473,4,-62.5,1.1106,923.75,3
292,327.75,0.97555,0.22737,-0.18473,4,-61.0,2.1921,922.75,3
293,328.0,0.8465799999999999,0.21588000000000002,-0.12771,4,-61.0,3.8227,921.25,3
294,328.5,1.1514,0.14698,-0.09350499999999999,3,-50.0,1.8975,924.25,3
295,328.75,0.8934799999999999,0.21588000000000002,-0.18473,4,-61.5,4.6986,920.25,3
296,329.0,0.8934799999999999,0.21588000000000002,-0.18473,3,-49.5,0.42491,921.75,3
297,329.1,0.8934799999999999,0.21588000000000002,-0.18473,4,-61.0,6.2786,921.75,3
298,329.5,1.0694,0.15847,-0.11631,3,-50.0,1.6644,924.75,3
299,329.6,0.8934799999999999,0.22737,-0.17332999999999998,3,-50.0,0.087437,922.25,3
300,329.75,1.3625,0.043636,-0.0022806,4,-64.5,5.484,925.75,3
301,330.0,1.3625,0.043636,-0.0022806,4,-62.5,1.0907,923.75,3
302,330.5,1.1163,0.14698,-0.11631,3,-50.5,1.3545,925.25,3
303,330.75,0.9521,0.22737,-0.17332999999999998,4,-61.5,4.1433,920.75,3
304,331.0,0.9521,0.22737,-0.17332999999999998,4,-63.0,0.53843,924.25,3
305,331.13,0.9521,0.22737,-0.17332999999999998,4,-62.0,4.6326,920.25,3
306,331.5,0.96383,0.22737,-0.18473,4,-61.0,6.207999999999999,921.75,3
307,331.6,0.96383,0.22737,-0.18473,3,-49.5,5.6865,923.25,3
308,331.65,0.96383,0.22737,-0.18473,4,-61.5,1.5294,923.25,3
309,332.0,1.0928,0.15847,-0.12771,4,-61.0,2.5541,922.25,3
310,332.5,0.97555,0.25033,-0.16192,4,-62.0,1.06,923.75,3
311,332.75,1.0107,0.21588000000000002,-0.15052000000000001,4,-61.5,3.5895,921.25,3
312,333.0,1.0107,0.21588000000000002,-0.15052000000000001,3,-50.5,1.3269,925.25,3
313,333.08,1.0107,0.21588000000000002,-0.15052000000000001,3,-50.5,1.3238,925.25,3
314,333.25,0.9521,0.23885,-0.17332999999999998,4,-61.5,4.1034,920.75,3
315,333.5,0.9872799999999999,0.23885,-0.17332999999999998,3,-50.0,4.5283,920.25,3
316,333.6,0.9872799999999999,0.23885,-0.17332999999999998,4,-61.5,4.5973,920.25,3
317,333.75,0.9872799999999999,0.23885,-0.17332999999999998,4,-61.5,6.1605,921.75,3
318,334.25,1.0576,0.19292,-0.15052000000000001,3,-50.0,1.6598,924.75,3
319,334.35,1.0576,0.19292,-0.15052000000000001,4,-63.5,0.036816,924.75,3
320,334.5,1.0576,0.19292,-0.15052000000000001,3,-49.5,0.1534,922.25,3
321,334.6,0.9169299999999999,0.25033,-0.15052000000000001,4,-65.0,5.5361,925.75,3
322,335.0,0.92865,0.2733,-0.13912,3,-49.0,2.1875,923.75,3
323,335.1,0.92865,0.2733,-0.13912,3,-49.0,5.9687,922.75,3
324,335.15,0.9052,0.28478000000000003,-0.12771,4,-61.5,2.2948,922.75,3
325,335.25,0.9052,0.28478000000000003,-0.12771,4,-61.5,3.7966,921.25,3
326,335.75,1.0342,0.31923,-0.013684,4,-62.5,4.1157,920.75,3
327,336.0,1.0342,0.31923,-0.013684,3,-49.5,1.1919,920.25,3
328,336.25,0.9990100000000001,0.30775,-0.070699,4,-63.0,6.228,921.75,3
329,336.5,0.9990100000000001,0.30775,-0.070699,4,-64.0,4.7722,923.25,3
330,336.75,0.9990100000000001,0.30775,-0.070699,4,-65.5,0.2255,924.75,3
331,337.0,0.9990100000000001,0.30775,-0.070699,4,-63.5,5.6941,922.25,3
332,337.5,1.1397,0.23885,0.020525,4,-63.5,5.2033,922.75,3
333,337.75,1.1397,0.23885,0.020525,3,-50.0,0.58291,921.25,3
334,337.85,1.1397,0.23885,0.020525,4,-63.0,0.46019,921.25,3
335,338.25,1.128,0.25033,0.0091224,4,-65.0,3.8273,924.25,3
336,338.75,1.4094,0.14698,0.10035,4,-63.0,6.1835,921.75,3
337,338.85,1.4094,0.14698,0.10035,3,-50.0,2.4406,923.25,3
338,339.0,1.4094,0.14698,0.10035,4,-63.5,1.6199,923.25,3
339,339.5,1.0928,0.2733,-0.013684,4,-66.5,5.5699,925.75,3
340,339.75,1.0928,0.2733,-0.013684,3,-50.0,2.169,923.75,3
341,340.0,0.88175,0.31923,-0.11631,3,-50.5,5.957999999999999,922.75,3
342,341.5,0.8934799999999999,0.31923,-0.10490999999999999,3,-51.5,5.4257,923.25,3
343,342.0,1.0694,0.2733,-0.013684,4,-64.0,0.8820399999999999,923.75,3
344,342.75,0.9052,0.2733,-0.09350499999999999,3,-51.0,1.1014,920.75,3
345,343.25,0.97555,0.30775,-0.070699,3,-51.0,1.807,924.25,3
346,343.35,0.97555,0.30775,-0.070699,3,-50.0,4.4577,920.25,3
347,343.5,1.1163,0.2044,-0.047893,3,-50.0,0.30833,921.75,3
348,343.6,1.1163,0.2044,-0.047893,4,-63.5,0.27151,921.75,3
349,344.0,0.96383,0.33071999999999996,-0.11631,4,-65.5,3.4668,924.75,3
350,344.5,0.9169299999999999,0.28478000000000003,-0.11631,4,-66.0,2.4083,925.75,3
351,344.75,0.96383,0.28478000000000003,-0.15052000000000001,4,-62.0,2.0509,922.75,3
352,345.0,0.96383,0.28478000000000003,-0.15052000000000001,4,-61.5,3.5972,921.25,3
353,345.1,0.96383,0.28478000000000003,-0.15052000000000001,4,-62.0,0.41263999999999995,921.25,3
354,345.5,0.9052,0.2733,-0.21894,4,-61.5,4.0881,920.75,3
355,345.58,0.9052,0.2733,-0.21894,3,-50.0,1.8561,924.25,3
356,345.75,0.92865,0.23885,-0.19613,3,-49.0,4.5237,920.25,3
357,346.0,1.2804,0.08956900000000001,-0.070699,3,-49.0,0.35895,921.75,3
358,346.25,1.0107,0.23885,-0.16192,4,-61.5,4.5176,923.25,3
359,346.35,1.0107,0.23885,-0.16192,4,-61.5,1.3867,923.25,3
360,346.5,1.0107,0.23885,-0.16192,4,-63.5,6.1405,924.75,3
361,347.0,0.88175,0.25033,-0.19613,3,-49.5,2.1905,923.75,3
362,347.25,0.9052,0.26182,-0.18473,3,-49.0,0.7025600000000001,921.25,3
363,347.5,1.1514,0.18143,-0.09350499999999999,4,-61.5,3.4929,921.25,3
364,347.75,1.1514,0.18143,-0.09350499999999999,4,-64.0,5.6481,925.25,3
365,347.85,1.1514,0.18143,-0.09350499999999999,4,-61.5,0.9234600000000001,920.75,3
366,348.25,0.9052,0.26182,-0.18473,4,-62.5,0.41571,924.25,3
367,348.35,0.9052,0.26182,-0.18473,3,-49.0,4.5206,920.25,3
368,348.4,0.9052,0.26182,-0.18473,4,-61.5,1.4711,920.25,3
369,348.5,0.9052,0.26182,-0.18473,4,-61.0,6.1528,921.75,3
370,348.75,0.9403799999999999,0.25033,-0.18473,4,-61.0,1.4297,923.25,3
371,348.85,0.9403799999999999,0.25033,-0.18473,4,-63.0,6.2157,924.75,3
372,349.0,0.9403799999999999,0.25033,-0.18473,4,-61.5,2.4176,922.25,3
373,349.5,1.1749,0.14698,-0.070699,4,-62.5,3.9807,923.75,3
374,350.0,0.97555,0.26182,-0.17332999999999998,4,-64.5,5.688,925.25,3
375,350.25,0.9169299999999999,0.26182,-0.18473,3,-49.5,4.1939,920.75,3
376,350.5,0.9990100000000001,0.23885,-0.17332999999999998,4,-62.5,0.36969,924.25,3
377,351.0,0.9990100000000001,0.25033,-0.15052000000000001,4,-61.0,1.4864,923.25,3
378,352.0,1.3156,0.10105,-0.036489999999999995,4,-62.5,0.9587399999999999,923.75,3
379,352.75,1.2452,0.11254000000000002,-0.047893,3,-49.5,4.177,920.75,3
380,352.85,1.2452,0.11254000000000002,-0.047893,4,-61.5,4.0037,920.75,3
381,353.0,0.9169299999999999,0.26182,-0.19613,4,-61.5,1.3714,920.25,3
382,353.5,1.0811,0.2044,-0.13912,4,-61.5,1.4680000000000002,923.25,3
383,354.0,0.9403799999999999,0.26182,-0.17332999999999998,3,-49.5,0.0061359,922.25,3
384,354.5,1.1045,0.18143,-0.11631,4,-61.5,1.9834,922.75,3
385,355.5,1.0459,0.22737,-0.15052000000000001,3,-49.5,1.9006,924.25,3
386,355.6,1.0459,0.22737,-0.15052000000000001,4,-62.5,3.5282,924.25,3
387,356.0,1.0107,0.25033,-0.17332999999999998,4,-61.5,5.9856,921.75,3
388,356.25,0.9052,0.26182,-0.18473,4,-63.0,6.0884,924.75,3
389,357.0,1.1163,0.16995,-0.12771,4,-60.5,2.011,922.75,3
390,357.25,1.1163,0.16995,-0.12771,4,-61.0,3.6877,921.25,3
391,357.5,1.1163,0.16995,-0.12771,3,-50.5,1.3975,925.25,3
392,358.5,0.92865,0.23885,-0.19613,3,-49.5,5.8521,923.25,3
393,359.0,0.96383,0.25033,-0.18473,3,-49.5,0.23163000000000003,922.25,3
394,359.25,0.9521,0.23885,-0.20754,4,-62.5,0.7639199999999999,923.75,3
395,359.5,0.9521,0.23885,-0.20754,3,-49.5,6.1052,922.75,3
396,359.6,0.9521,0.23885,-0.20754,4,-60.5,1.8132,922.75,3
397,359.75,1.0811,0.19292,-0.13912,4,-64.0,2.4007,925.25,3
398,360.0,1.0811,0.19292,-0.13912,4,-61.0,3.9331,920.75,3
399,360.25,0.9052,0.25033,-0.20754,4,-63.0,0.18561,924.25,3
400,360.5,0.9052,0.25033,-0.20754,4,-62.0,4.3427,920.25,3
401,361.5,0.9403799999999999,0.23885,-0.20754,4,-64.5,1.9067,925.75,3
402,361.75,0.9403799999999999,0.23885,-0.20754,4,-62.0,0.6872199999999999,923.75,3
403,362.0,0.88175,0.25033,-0.21894,3,-49.5,5.9871,922.75,3
404,362.25,0.92865,0.25033,-0.21894,4,-63.5,5.415,925.25,3
405,362.5,0.92865,0.25033,-0.21894,3,-49.5,4.2323,920.75,3
406,362.6,0.92865,0.25033,-0.21894,4,-61.5,0.67035,920.75,3
407,363.0,1.0928,0.2044,-0.13912,3,-49.5,0.45866,921.75,3
408,363.25,1.0459,0.23885,-0.18473,4,-61.5,5.9181,921.75,3
409,363.5,0.96383,0.25033,-0.19613,4,-63.5,5.9472,924.75,3
410,363.75,0.96383,0.25033,-0.19613,3,-50.0,0.099709,922.25,3
411,364.25,1.2687,0.12402,-0.059296,4,-62.5,0.64427,923.75,3
412,364.5,0.88175,0.23885,-0.23034000000000002,4,-61.5,0.11045,921.25,3
413,364.75,0.88175,0.23885,-0.23034000000000002,4,-64.0,5.3996,925.25,3
414,365.0,0.88175,0.23885,-0.23034000000000002,3,-50.0,4.2277,920.75,3
415,365.03,0.97555,0.26182,-0.20754,4,-62.5,0.087437,924.25,3
416,365.25,0.97555,0.26182,-0.20754,3,-49.5,4.5636,920.25,3
417,365.35,0.97555,0.26182,-0.20754,4,-62.0,4.3074,920.25,3
418,365.75,1.4211,0.08956900000000001,-0.025087,3,-49.5,0.42798,921.75,3
419,365.85,1.4211,0.08956900000000001,-0.025087,4,-61.5,1.1413,923.25,3
420,366.0,1.3156,0.10105,-0.036489999999999995,4,-63.0,5.8383,924.75,3
421,366.25,1.3156,0.10105,-0.036489999999999995,3,-50.0,0.07363099999999999,922.25,3
422,366.5,0.9872799999999999,0.23885,-0.18473,4,-62.0,0.5997899999999999,923.75,3
423,366.75,0.9052,0.26182,-0.21894,4,-61.0,1.6429,922.75,3
424,367.5,1.0928,0.19292,-0.12771,3,-49.5,1.896,924.25,3
425,367.75,0.92865,0.26182,-0.21894,4,-62.5,0.099709,924.25,3
426,367.85,0.92865,0.26182,-0.21894,4,-61.5,4.3596,920.25,3
427,368.0,0.9403799999999999,0.2733,-0.20754,4,-61.0,1.1766,923.25,3
428,368.25,0.9403799999999999,0.2733,-0.20754,1,-65.0,1.5969,923.25,3
429,368.5,0.9403799999999999,0.2733,-0.20754,4,-63.5,2.9084,924.75,3
430,368.6,0.9403799999999999,0.2733,-0.20754,4,-62.5,2.436,922.25,3
431,369.0,1.1983,0.2044,0.043332,3,-51.0,5.8844,923.75,3
432,369.1,1.1983,0.2044,0.043332,1,-59.5,5.8445,923.75,3
433,369.25,1.1983,0.2044,0.043332,4,-62.5,5.6604,922.75,3
434,369.5,0.79967,0.51445,0.043332,4,-62.0,3.9439,921.25,1
435,369.75,0.79967,0.51445,0.043332,4,-65.0,0.087437,925.25,1
436,370.0,0.87003,0.56038,0.08894400000000001,4,-63.0,1.2088,924.25,1
437,370.25,0.87003,0.56038,0.08894400000000001,3,-51.0,0.026077999999999997,920.25,1
438,370.35,0.87003,0.56038,0.08894400000000001,1,-59.5,5.033,920.25,1
439,371.75,0.67069,0.82449,0.18017,1,-61.0,1.3269,921.25,1
440,374.5,0.67069,0.82449,0.18017,4,-58.5,6.251,920.75,1
441,375.0,0.67069,0.82449,0.18017,4,-58.5,5.7601,924.25,1
442,375.5,0.67069,0.82449,0.18017,1,-63.5,1.9343,921.75,1
443,376.0,0.67069,0.82449,0.18017,4,-56.5,4.582,922.25,1
444,376.25,0.67069,0.82449,0.18017,4,-58.0,0.053689,923.75,1
445,377.75,0.62379,0.8704200000000001,-0.0022806,1,-62.5,2.169,921.75,1
446,378.75,0.62379,0.8704200000000001,-0.0022806,1,-64.0,0.5230899999999999,923.75,1
447,379.75,0.62379,0.8704200000000001,-0.0022806,1,-65.0,0.07209700000000001,924.25,1
448,380.75,0.62379,0.8704200000000001,-0.0022806,4,-57.0,4.9793,922.25,1
449,381.25,0.62379,0.8704200000000001,-0.0022806,1,-62.5,0.62126,922.75,1
450,381.75,0.62379,0.8704200000000001,-0.0022806,4,-59.0,1.9129,925.25,1
451,382.25,0.62379,0.8704200000000001,-0.0022806,4,-58.5,6.0562,924.25,1
452,382.75,0.62379,0.8704200000000001,-0.0022806,1,-63.0,0.13806,923.25,1
453,383.75,0.49481,0.9048700000000001,-0.0022806,4,-58.0,0.2439,923.75,1
454,384.0,0.49481,0.9048700000000001,-0.0022806,4,-58.0,5.957999999999999,921.25,1
455,384.25,0.49481,0.9048700000000001,-0.0022806,1,-64.5,1.9236,925.25,1
456,384.75,0.49481,0.9048700000000001,-0.0022806,1,-63.0,6.1543,920.25,1
457,385.25,0.49481,0.9048700000000001,-0.0022806,3,-58.0,2.189,923.25,1
458,385.5,0.49481,0.9048700000000001,-0.0022806,1,-64.0,2.436,924.75,1
459,386.0,0.49481,0.9048700000000001,-0.0022806,4,-58.0,0.32827,923.75,1
460,386.25,0.49481,0.9048700000000001,-0.0022806,4,-57.0,1.3438,922.75,1
461,387.0,0.47136000000000006,0.92784,-0.013684,1,-64.0,6.1298,924.25,1
462,387.5,0.47136000000000006,0.92784,-0.013684,4,-57.5,5.395,921.75,1
463,387.75,0.47136000000000006,0.92784,-0.013684,4,-58.5,5.507000000000001,924.75,1
464,388.25,0.47136000000000006,0.92784,-0.013684,4,-56.5,4.7922,922.25,1
465,388.5,0.47136000000000006,0.92784,-0.013684,3,-58.0,5.2892,923.75,1
466,388.75,0.47136000000000006,0.92784,-0.013684,4,-58.0,1.014,922.75,1
467,389.0,0.47136000000000006,0.92784,-0.013684,4,-57.5,5.7141,921.25,1
468,389.5,0.48308999999999996,0.92784,0.020525,3,-58.5,5.3168,924.25,1
469,389.75,0.48308999999999996,0.92784,0.020525,1,-60.5,2.459,920.25,1
470,390.0,0.48308999999999996,0.92784,0.020525,4,-58.0,0.064427,923.25,1
471,390.25,0.48308999999999996,0.92784,0.020525,1,-61.5,4.9839,924.75,1
472,390.75,0.48308999999999996,0.92784,0.020525,1,-60.0,0.8667,922.25,1
473,391.0,0.48308999999999996,0.92784,0.020525,4,-58.0,5.9626,923.75,1
474,391.5,0.61207,0.8589399999999999,0.020525,4,-57.5,5.4502,921.25,1
475,391.75,0.61207,0.8589399999999999,0.020525,4,-59.5,6.1819,920.75,1
476,396.0,0.61207,0.8589399999999999,0.020525,4,-57.0,5.0207,922.75,1
477,396.25,0.61207,0.8589399999999999,0.020525,3,-59.5,0.63967,921.25,1
478,396.5,0.61207,0.8589399999999999,0.020525,1,-59.0,4.042,920.75,1
479,397.0,0.61207,0.8589399999999999,0.020525,1,-58.5,1.3898,924.25,1
480,397.25,0.61207,0.8589399999999999,0.020525,1,-58.5,3.6739,921.75,1
481,397.75,0.42446000000000006,0.93932,-0.09350499999999999,1,-59.0,1.1014,924.75,1
482,398.0,0.42446000000000006,0.93932,-0.09350499999999999,4,-57.0,4.7078,922.25,1
483,398.25,0.42446000000000006,0.93932,-0.09350499999999999,4,-57.5,0.001534,923.75,1
484,398.5,0.42446000000000006,0.93932,-0.09350499999999999,4,-57.0,4.1893,922.75,1
485,398.75,0.42446000000000006,0.93932,-0.09350499999999999,1,-58.5,4.0727,921.25,1
486,399.0,0.42446000000000006,0.93932,-0.09350499999999999,4,-58.0,1.6245,925.25,1
487,399.25,0.42446000000000006,0.93932,-0.09350499999999999,4,-57.5,5.7187,924.25,1
488,399.5,0.42446000000000006,0.93932,-0.09350499999999999,1,-59.0,4.8504,920.25,1
489,399.75,0.42446000000000006,0.93932,-0.09350499999999999,1,-58.5,0.42798,921.75,1
490,400.25,0.43618999999999997,0.93932,-0.11631,3,-59.0,5.7954,922.25,1
491,400.5,0.43618999999999997,0.93932,-0.11631,4,-59.0,1.1167,925.75,1
492,400.75,0.43618999999999997,0.93932,-0.11631,1,-59.5,4.5406,923.75,1
493,401.0,0.43618999999999997,0.93932,-0.11631,3,-59.5,0.21322,921.25,1
494,401.25,0.43618999999999997,0.93932,-0.11631,4,-58.0,1.5493,925.25,1
495,402.0,0.56517,0.8819100000000001,-0.059296,1,-59.5,4.4271,920.25,1
496,402.25,0.56517,0.8819100000000001,-0.059296,1,-59.0,6.2663,921.75,1
497,402.5,0.56517,0.8819100000000001,-0.059296,1,-58.5,1.8561,923.25,1
498,402.75,0.56517,0.8819100000000001,-0.059296,1,-58.5,5.8414,922.25,1
499,403.0,0.56517,0.8819100000000001,-0.059296,1,-61.0,6.0408,925.75,1
500,403.25,0.56517,0.8819100000000001,-0.059296,1,-61.0,2.1614,922.75,1
501,405.75,-0.032831,0.89339,-0.25315,4,-52.5,6.0715,922.75,4
502,405.85,-0.032831,0.89339,-0.25315,1,-67.0,0.4648,922.75,4
503,423.75,0.88175,0.31923,-0.24174,1,-58.5,5.3643,924.25,3
504,424.0,1.0459,-0.025263,0.20297,4,-63.5,0.7992,921.75,3
505,425.0,0.92865,0.2044,-0.11631,3,-50.0,5.372000000000001,923.75,3
506,425.25,0.9872799999999999,0.14698,-0.12771,3,-50.0,5.961,922.75,3
507,425.38,0.9872799999999999,0.14698,-0.12771,4,-63.5,1.537,922.75,3
508,425.5,0.9872799999999999,0.14698,-0.12771,3,-49.5,3.8718,921.25,3
509,425.63,1.0225,0.12402,-0.10490999999999999,4,-63.0,0.16567,921.25,3
510,426.0,1.2101,0.066602,-0.10490999999999999,4,-65.0,0.09510700000000001,924.25,3
511,426.25,1.2101,0.066602,-0.10490999999999999,4,-63.0,1.2134,920.25,3
512,426.5,0.9990100000000001,0.15847,-0.16192,4,-63.0,2.6032,921.75,3
513,426.75,0.9990100000000001,0.15847,-0.16192,3,-50.0,2.5372,923.25,3
514,427.5,1.3742,0.0091865,0.0091224,4,-63.5,3.6217,923.75,3
515,427.75,1.3742,0.0091865,0.0091224,3,-49.5,5.9074,922.75,3
516,427.85,1.3742,0.0091865,0.0091224,4,-62.5,1.5463,922.75,3
517,428.0,1.3742,0.0091865,0.0091224,3,-50.0,3.7689999999999997,921.25,3
518,428.25,0.96383,0.16995,-0.16192,3,-51.5,1.2502,925.25,3
519,428.38,0.96383,0.16995,-0.16192,4,-63.5,0.55837,920.75,3
520,428.75,1.0107,0.14698,-0.15052000000000001,4,-63.5,1.1382,920.25,3
521,429.0,1.0107,0.14698,-0.15052000000000001,4,-63.0,5.7647,921.75,3
522,429.25,1.0107,0.14698,-0.15052000000000001,4,-63.0,1.0799,923.25,3
523,429.75,0.9990100000000001,0.15847,-0.15052000000000001,4,-62.5,2.1292,922.25,3
524,430.0,0.97555,0.18143,-0.13912,3,-50.0,2.123,923.75,3
525,431.0,0.96383,0.18143,-0.13912,4,-64.0,6.2142,924.25,3
526,431.25,0.96383,0.18143,-0.13912,4,-63.5,1.0876,920.25,3
527,431.5,0.8934799999999999,0.19292,-0.16192,3,-50.0,3.384,921.75,3
528,431.63,0.9052,0.18143,-0.16192,4,-62.5,5.7279,921.75,3
529,432.0,0.92865,0.18143,-0.16192,4,-62.5,2.0908,922.25,3
530,432.25,1.0342,0.15847,-0.11631,4,-64.0,0.5230899999999999,923.75,3
531,432.5,1.0342,0.15847,-0.11631,4,-63.0,4.7078,922.75,3
532,432.75,0.9169299999999999,0.18143,-0.16192,4,-63.5,6.207999999999999,921.25,3
533,433.5,1.1163,0.10105,-0.070699,4,-64.5,6.1758,924.25,3
534,433.75,0.92865,0.19292,-0.15052000000000001,4,-63.0,5.6512,921.75,3
535,434.0,0.92865,0.19292,-0.15052000000000001,4,-63.5,0.97408,923.25,3
536,434.25,0.9169299999999999,0.19292,-0.16192,4,-65.0,5.6911,924.75,3
537,434.5,0.9169299999999999,0.19292,-0.16192,4,-63.0,5.1649,922.25,3
538,434.75,0.9169299999999999,0.19292,-0.16192,4,-64.0,0.36662,923.75,3
539,435.0,0.9052,0.19292,-0.17332999999999998,4,-62.5,1.4496,922.75,3
540,435.5,0.9169299999999999,0.18143,-0.15052000000000001,4,-65.0,2.0003,925.25,3
541,436.25,1.1514,0.08956900000000001,-0.036489999999999995,3,-49.5,0.26384,921.75,3
542,436.5,1.0225,0.18143,-0.13912,4,-63.0,1.0048,923.25,3
543,436.75,1.0225,0.18143,-0.13912,3,-50.5,1.5769,924.75,3
544,437.25,0.9990100000000001,0.18143,-0.13912,4,-65.5,1.7518,925.75,3
545,437.33,0.9990100000000001,0.18143,-0.13912,4,-63.5,0.36509,923.75,3
546,437.75,1.1514,0.10105,-0.070699,3,-49.5,0.60132,921.25,3
547,437.85,1.1514,0.10105,-0.070699,4,-63.0,6.0485,921.25,3
548,438.25,1.1045,0.1355,-0.10490999999999999,3,-50.5,1.7886,924.25,3
549,438.75,1.1632,0.10105,-0.059296,3,-50.0,0.2439,921.75,3
550,438.85,1.1632,0.10105,-0.059296,4,-62.0,2.5249,921.75,3
551,438.88,1.1632,0.10105,-0.059296,4,-62.0,0.9510700000000001,923.25,3
552,439.25,1.0811,0.16995,-0.10490999999999999,4,-64.5,5.6481,924.75,3
553,439.5,0.9521,0.19292,-0.16192,4,-65.5,4.9471,925.75,3
554,439.75,1.0107,0.19292,-0.15052000000000001,4,-63.5,3.6555,923.75,3
555,440.0,1.339,0.020669999999999997,-0.0022806,4,-63.0,6.277,921.25,3
556,440.25,1.339,0.020669999999999997,-0.0022806,4,-65.5,5.8767,925.25,3
557,440.5,1.339,0.020669999999999997,-0.0022806,4,-61.0,4.7737,920.75,3
558,440.75,0.9403799999999999,0.22737,0.066138,3,-49.5,1.5585,924.25,3
559,440.85,0.8934799999999999,0.18143,0.12315,4,-60.0,1.7426,924.25,3
560,441.0,0.9169299999999999,0.16995,0.043332,4,-60.0,4.3979,921.75,3
561,441.25,0.9169299999999999,0.16995,0.043332,4,-59.5,4.5667,921.75,3
562,441.5,0.9169299999999999,0.16995,0.043332,4,-59.5,6.277,923.25,3
563,441.6,0.9169299999999999,0.16995,0.043332,4,-59.5,1.7181,924.75,3
564,441.75,0.9052,0.23885,0.10035,3,-50.0,6.0899,922.25,3
565,442.0,0.96383,0.23885,0.11175,4,-60.5,5.7294,923.75,3
566,443.0,1.2452,0.078086,0.23718000000000003,3,-50.0,0.93573,920.75,3
567,443.1,1.2452,0.078086,0.23718000000000003,4,-60.5,5.5361,920.75,3
568,443.25,0.96383,0.25033,0.16876,4,-62.5,1.9497,924.25,3
569,443.5,0.96383,0.25033,0.08894400000000001,3,-49.5,0.14265999999999998,921.75,3
570,443.75,1.0225,0.22737,0.15736,4,-61.5,2.3547,923.25,3
571,444.25,0.9872799999999999,0.23885,0.08894400000000001,3,-49.5,6.1697,922.25,3
572,444.35,0.9872799999999999,0.23885,0.08894400000000001,3,-49.5,6.1144,922.25,3
573,444.4,0.8934799999999999,0.23885,0.031928,3,-49.0,6.0792,922.25,3
574,444.75,1.0811,0.2044,0.14595999999999998,4,-61.5,2.5863,922.75,3
575,445.0,1.0811,0.2044,0.14595999999999998,4,-60.5,4.2859,921.25,3
576,445.25,1.0811,0.2044,0.14595999999999998,4,-63.5,0.49087,925.25,3
577,445.35,1.0811,0.2044,0.14595999999999998,4,-63.5,5.1496,920.75,3
578,446.0,0.8934799999999999,0.19292,-0.025087,3,-48.5,0.17334000000000002,921.75,3
579,446.25,1.2218,0.10105,0.14595999999999998,3,-49.0,2.4053,923.25,3
