,time,frontal,vertical,lateral,id,rssi,phase,freq,label
0,0.0,0.13132,1.0656,0.020525,2,-60.5,1.9436,924.75,4
1,0.7,0.13132,1.0656,0.020525,3,-58.5,6.1881,924.25,4
2,1.2,0.13132,1.0656,0.020525,2,-60.0,3.5036,921.25,4
3,3.45,0.0023451,0.98526,0.043332,3,-60.0,4.6096,920.25,4
4,4.2,0.025796,1.1001,0.020525,3,-61.0,0.3252,925.75,1
5,4.45,0.025796,1.1001,0.020525,3,-59.5,5.6604,923.25,1
6,4.95,0.18995,1.0312,-0.0022806,3,-59.5,4.6495,924.75,1
7,5.45,0.2603,0.98526,0.043332,3,-60.5,4.3059,925.25,1
8,5.7,0.2603,0.98526,0.043332,3,-59.5,1.5539,924.25,1
9,6.2,0.1196,1.0427,-0.025087,2,-60.5,0.51235,922.25,1
10,6.7,0.1196,1.0542,-0.025087,2,-62.0,0.064427,923.25,1
11,6.95,0.1196,1.0542,-0.025087,2,-62.0,0.40344,922.75,1
12,8.7,0.1196,1.0427,-0.047893,2,-60.0,0.71023,921.75,1
13,9.95,0.1196,1.0427,-0.025087,3,-59.5,4.8397,923.75,1
14,10.45,0.1196,1.0427,-0.025087,2,-62.5,5.6972,924.25,1
15,10.95,0.1196,1.0427,-0.036489999999999995,2,-60.0,0.61052,922.25,1
16,11.2,0.1196,1.0427,-0.036489999999999995,2,-59.5,0.9203899999999999,921.75,1
17,11.7,0.1196,1.0427,-0.036489999999999995,3,-59.0,5.0223,923.25,1
18,11.95,0.37756,0.93932,0.08894400000000001,2,-61.0,0.35435,922.75,1
19,13.7,0.29548,0.97377,0.043332,2,-59.5,0.8667,921.75,1
20,14.2,0.29548,0.97377,0.043332,3,-59.0,4.9824,923.25,1
21,14.7,0.37756,0.93932,0.08894400000000001,3,-61.0,4.3335,924.75,1
22,14.95,0.37756,0.93932,0.08894400000000001,3,-59.5,4.8458,923.75,1
23,15.2,0.37756,0.93932,0.08894400000000001,2,-62.5,5.6819,924.25,1
24,15.95,0.27203,0.99674,0.020525,2,-60.0,0.53383,922.25,1
25,16.45,0.17823,1.0312,-0.013684,3,-59.0,4.9609,923.25,1
26,16.7,0.17823,1.0312,-0.013684,2,-60.5,0.13192,922.75,1
27,17.2,0.13132,1.0427,-0.036489999999999995,3,-61.0,4.2982,924.75,1
28,17.45,0.13132,1.0427,-0.036489999999999995,3,-59.5,4.8044,923.75,1
29,17.95,0.2603,0.99674,0.031928,2,-59.0,1.1443,921.25,1
30,18.2,0.2603,0.99674,0.031928,2,-59.0,1.1167,921.25,1
31,18.7,0.29548,0.98526,0.043332,2,-70.5,5.0713,925.75,1
32,19.2,0.29548,0.98526,0.043332,2,-65.5,0.25924,922.75,1
33,20.2,0.44791000000000003,0.92784,0.08894400000000001,2,-65.0,1.3468,920.25,1
34,20.45,0.44791000000000003,0.92784,0.08894400000000001,2,-66.0,0.7148399999999999,921.25,1
35,20.7,0.44791000000000003,0.92784,0.08894400000000001,3,-59.5,5.0192,922.25,1
36,21.95,0.44791000000000003,0.92784,0.12315,2,-70.5,2.327,924.75,1
37,22.7,0.2603,0.98526,0.054735,2,-59.5,1.8024,920.25,1
38,22.95,0.29548,0.99674,0.043332,2,-61.0,1.3545,921.25,1
39,23.7,0.37756,0.9163600000000001,0.077541,2,-65.0,0.087437,923.25,1
40,23.95,0.37756,0.9163600000000001,0.077541,3,-59.0,5.2892,922.75,1
41,24.2,0.1665,1.0427,-0.013684,2,-59.5,1.2824,920.75,1
42,24.7,0.1665,1.0427,-0.013684,2,-63.0,5.7417,923.75,1
43,24.95,0.1665,1.0427,-0.013684,3,-60.5,4.5713,924.25,1
44,25.45,0.37756,0.95081,0.08894400000000001,2,-59.5,0.9940200000000001,921.25,1
45,25.7,0.17823,1.0312,-0.025087,2,-60.0,0.71023,921.75,1
46,26.7,0.15478,1.0427,-0.025087,2,-58.5,1.1766,920.75,1
47,27.95,0.14305,1.0542,-0.025087,2,-59.5,0.86056,921.25,1
48,28.2,0.14305,1.0542,-0.025087,2,-60.0,0.62126,921.75,1
49,28.7,0.31893,0.96229,0.054735,2,-61.5,0.07209700000000001,922.75,1
50,29.2,0.1196,1.0427,-0.036489999999999995,2,-64.0,5.2477,924.75,1
51,29.45,0.1196,1.0427,-0.036489999999999995,2,-63.0,5.7402,923.75,1
52,29.95,0.1196,1.0427,-0.036489999999999995,2,-63.5,5.4533,924.25,1
53,30.2,0.17823,1.0427,-0.025087,2,-59.5,0.9234600000000001,921.25,1
54,30.7,0.1665,1.0427,-0.025087,2,-60.5,0.57524,921.75,1
55,30.95,0.1665,1.0427,-0.025087,2,-62.0,5.9641,923.25,1
56,31.95,0.1665,1.0427,-0.025087,2,-63.0,5.7463,923.75,1
57,32.7,0.15478,1.0427,-0.036489999999999995,2,-60.0,0.92806,921.25,1
58,32.95,0.1665,1.0427,-0.013684,3,-59.0,5.7524,921.75,1
59,33.2,0.1665,1.0427,-0.013684,2,-66.5,4.7185,925.75,1
60,33.7,0.24858000000000002,1.0082,0.0091224,3,-59.5,5.1925,922.75,1
61,33.95,0.24858000000000002,1.0082,0.0091224,2,-59.0,1.2303,920.75,1
62,35.2,0.17823,1.0312,-0.013684,2,-59.5,0.94647,921.25,1
63,35.45,0.17823,1.0312,-0.013684,3,-59.0,5.7448,921.75,1
64,35.95,0.42446000000000006,0.92784,0.10035,3,-60.0,4.9563,923.25,1
65,36.2,0.42446000000000006,0.92784,0.10035,3,-59.5,5.1772,922.75,1
66,36.95,0.22513000000000002,1.0082,0.0091224,3,-60.5,4.6924,923.75,1
67,37.45,0.1665,1.0427,-0.036489999999999995,2,-59.5,0.97254,921.25,1
68,37.95,0.15478,1.0427,-0.025087,2,-61.0,0.36509,922.25,1
69,38.45,0.23685,1.0082,0.020525,2,-62.0,0.041417,922.75,1
70,38.95,0.13132,1.0312,-0.047893,3,-58.0,0.10278,920.75,1
71,39.2,0.13132,1.0312,-0.047893,3,-61.0,4.7139,923.75,1
72,39.7,0.13132,1.0312,-0.047893,2,-59.0,1.4128,920.25,1
73,40.95,0.35411,0.95081,0.077541,2,-62.5,5.9733,923.25,1
74,41.2,0.35411,0.95081,0.077541,2,-59.5,1.2425,920.75,1
75,41.7,0.33066,0.98526,0.043332,3,-60.0,4.7308,923.75,1
76,41.95,0.33066,0.98526,0.043332,2,-66.0,4.9655,925.25,1
77,42.7,0.1665,1.0312,-0.025087,2,-61.0,0.31446999999999997,922.25,1
78,42.95,0.1665,1.0312,-0.025087,2,-61.0,0.61206,921.75,1
79,43.45,0.2134,1.0312,-0.013684,2,-61.5,0.029146,922.75,1
80,43.7,0.2134,1.0312,-0.013684,2,-59.0,1.2855,920.75,1
81,44.2,0.2134,1.0312,-0.013684,3,-60.0,4.7415,923.75,1
82,44.95,0.42446000000000006,0.92784,0.10035,2,-60.0,0.9311299999999999,921.25,1
83,45.2,0.42446000000000006,0.92784,0.10035,2,-61.0,0.31753000000000003,922.25,1
84,45.45,0.17823,1.0427,-0.025087,2,-66.5,4.7661,925.75,1
85,45.7,0.17823,1.0427,-0.025087,3,-59.5,4.9087,923.25,1
86,46.45,0.2134,1.0427,-0.025087,2,-65.0,5.237,924.75,1
87,48.2,0.24858000000000002,1.0082,0.020525,2,-62.0,0.003068,922.75,1
88,48.7,0.37756,0.95081,0.08894400000000001,2,-59.5,1.2164,920.75,1
89,49.45,0.37756,0.95081,0.08894400000000001,2,-64.0,5.3996,924.25,1
90,50.2,0.38928,0.92784,0.08894400000000001,2,-60.5,0.60439,921.75,1
91,50.7,0.41273000000000004,0.92784,0.08894400000000001,3,-59.5,1.827,923.25,1
92,50.95,0.41273000000000004,0.92784,0.08894400000000001,2,-62.0,6.231,922.75,1
93,51.45,0.37756,0.96229,0.066138,3,-64.0,0.61052,925.25,1
94,52.45,-0.11490999999999998,1.0197,-0.49261000000000005,3,-59.0,4.7001,922.25,1
95,53.7,0.58862,0.7096600000000001,-0.56103,3,-59.0,6.1421,923.75,1
96,53.95,0.70587,0.5029600000000001,-0.64085,3,-60.0,5.1419,925.25,3
97,54.7,0.70587,0.52593,-0.31016,3,-68.5,4.7860000000000005,921.25,3
98,55.95,0.70587,0.52593,-0.31016,2,-59.5,0.64427,920.75,3
99,151.7,0.70587,0.52593,-0.31016,3,-61.5,6.2786,924.25,3
100,152.7,0.2603,0.9163600000000001,-0.5838399999999999,2,-60.0,5.2048,925.75,1
101,152.95,0.2603,0.9163600000000001,-0.5838399999999999,3,-61.5,5.4303,923.25,1
102,153.2,0.2603,0.9163600000000001,-0.5838399999999999,2,-62.0,6.2586,922.75,1
103,153.7,-0.032831,0.97377,0.054735,2,-62.0,5.4579,923.75,1
104,154.2,-0.032831,0.97377,0.054735,2,-59.5,5.7264,924.25,1
105,154.7,0.36583000000000004,0.93932,0.020525,2,-60.0,0.09664099999999999,922.25,1
106,154.95,0.36583000000000004,0.93932,0.020525,2,-65.5,4.7983,925.75,1
107,155.45,0.36583000000000004,0.93932,0.020525,3,-62.5,4.2829,923.25,1
108,155.95,0.23685,1.0197,0.031928,2,-65.0,4.9609,924.75,1
109,156.2,0.23685,1.0197,0.031928,2,-63.0,5.6788,923.75,1
110,156.7,0.10787000000000001,1.0312,-0.070699,2,-59.0,1.6659,920.25,1
111,156.95,0.10787000000000001,1.0312,-0.070699,2,-59.5,0.83755,921.25,1
112,157.2,0.10787000000000001,1.0312,-0.070699,2,-60.0,0.14265999999999998,922.25,1
113,157.95,0.33066,0.97377,0.043332,2,-60.5,6.0914,922.75,1
114,158.45,0.1665,1.0312,-0.025087,3,-62.5,3.8748,923.75,1
115,159.2,0.1665,1.0312,-0.025087,3,-60.0,5.8521,920.25,1
116,159.45,0.23685,1.0312,0.0091224,2,-59.5,6.2464,922.25,1
117,159.7,0.23685,1.0312,0.0091224,3,-60.5,4.9532,921.75,1
118,160.2,0.23685,1.0312,0.0091224,3,-62.0,4.154,923.25,1
119,160.45,0.23685,1.0312,0.0091224,2,-60.5,5.9902,922.75,1
120,160.7,0.23685,1.0312,0.0091224,2,-58.5,1.0492,920.75,1
121,162.2,0.20168,1.0197,-0.036489999999999995,2,-65.0,4.3933,925.75,1
122,162.95,0.20168,1.0197,-0.036489999999999995,2,-60.0,6.0316,922.75,1
123,163.45,0.38928,0.92784,0.077541,2,-64.0,4.5743,925.25,1
124,163.95,0.38928,0.92784,0.077541,2,-57.5,1.2379,920.25,1
125,164.2,0.15478,1.0312,-0.025087,2,-58.0,0.9127200000000001,921.25,1
126,165.2,0.15478,1.0312,-0.025087,2,-59.0,5.9979,922.75,1
127,165.45,0.22513000000000002,1.0082,-0.0022806,2,-58.5,4.0681,920.75,1
128,165.95,0.22513000000000002,1.0082,-0.0022806,3,-62.5,3.7306,923.75,1
129,166.45,0.22513000000000002,1.0082,-0.0022806,2,-58.0,4.3918,920.25,1
130,166.95,0.22513000000000002,1.0082,-0.036489999999999995,2,-60.0,6.2663,922.25,1
131,167.2,0.22513000000000002,1.0082,-0.036489999999999995,3,-60.0,4.6648,921.75,1
132,167.45,0.22513000000000002,1.0082,-0.036489999999999995,2,-66.0,5.0652,923.25,1
133,168.2,0.0023451,1.0656,-0.059296,2,-63.5,5.2125,923.75,1
134,168.95,0.0023451,1.0656,-0.059296,3,-59.5,5.9166,920.25,1
135,169.2,0.0023451,1.0656,-0.059296,3,-60.0,5.2508,921.25,1
136,169.45,0.24858000000000002,1.0312,-0.025087,2,-59.5,0.17794000000000001,921.75,1
137,170.2,0.24858000000000002,1.0312,-0.025087,3,-60.0,4.4577,922.75,1
138,170.45,0.18995,1.0197,-0.059296,2,-65.0,5.1097,924.75,1
139,171.2,0.18995,1.0197,-0.059296,2,-58.5,4.4255,920.25,1
140,171.7,0.20168,1.0312,-0.047893,2,-60.0,6.2632,922.25,1
141,171.95,0.20168,1.0312,-0.047893,2,-59.5,0.30219,921.75,1
142,172.45,0.20168,1.0312,-0.047893,3,-61.5,3.9945,923.25,1
143,172.7,0.45963999999999994,0.9163600000000001,0.08894400000000001,3,-59.0,5.4886,920.75,1
144,173.95,0.14305,1.0427,-0.070699,3,-59.5,5.1741,921.25,1
145,174.2,0.14305,1.0427,-0.070699,3,-60.0,4.5866,922.25,1
146,174.7,0.14305,1.0427,-0.070699,2,-69.5,1.3559999999999999,925.75,1
147,175.2,0.2134,1.0312,-0.047893,2,-60.0,1.06,920.75,1
148,175.45,0.2134,1.0312,-0.047893,2,-66.5,4.8827,924.75,1
149,175.7,0.2134,1.0312,-0.047893,2,-67.5,1.4726,925.25,1
150,176.2,0.2134,1.0312,-0.047893,2,-59.0,1.3008,920.25,1
151,176.45,0.22513000000000002,1.0197,-0.025087,2,-61.0,6.2004,922.25,1
152,177.45,0.47136000000000006,0.9048700000000001,0.08894400000000001,3,-61.5,1.0891,922.75,1
153,177.7,0.47136000000000006,0.9048700000000001,0.08894400000000001,2,-59.5,0.83909,920.75,1
154,178.7,0.2134,1.0312,-0.047893,2,-59.5,1.3023,920.25,1
155,178.95,0.2134,1.0312,-0.047893,3,-60.5,4.5881,922.25,1
156,179.95,0.24858000000000002,1.0197,-0.025087,3,-61.0,4.22,922.75,1
157,181.2,0.29548,0.98526,-0.013684,2,-59.5,1.2057,920.25,1
158,181.7,0.2134,1.0312,-0.047893,3,-60.0,4.7937,921.75,1
159,182.2,0.50654,0.9048700000000001,0.08894400000000001,2,-61.5,5.7356,922.75,1
160,182.45,0.50654,0.9048700000000001,0.08894400000000001,2,-59.0,0.70563,920.75,1
161,183.7,0.36583000000000004,0.95081,0.054735,3,-60.0,5.0468,921.25,1
162,183.95,0.36583000000000004,0.95081,0.054735,2,-60.5,5.961,922.25,1
163,184.7,0.2603,0.99674,-0.0022806,3,-62.5,3.9255,923.25,1
164,184.95,0.2603,0.99674,-0.0022806,2,-59.5,0.7025600000000001,920.75,1
165,185.95,0.20168,1.0312,-0.047893,2,-60.0,0.37429,921.25,1
166,186.2,0.20168,1.0312,-0.047893,3,-61.0,4.4455,922.25,1
167,186.45,0.20168,1.0312,-0.047893,3,-60.5,1.5815,921.75,1
168,187.2,0.48308999999999996,0.9048700000000001,0.08894400000000001,2,-61.5,5.6635,922.75,1
169,187.45,0.48308999999999996,0.9048700000000001,0.08894400000000001,2,-59.5,0.66728,920.75,1
170,188.45,0.28376,1.0082,-0.0022806,3,-59.5,5.0575,921.25,1
171,188.7,0.28376,1.0082,-0.0022806,3,-59.5,5.0974,921.25,1
172,188.95,0.28376,1.0082,-0.0022806,3,-59.5,4.8121,921.75,1
173,189.2,0.28376,1.0082,-0.0022806,2,-63.0,5.7171,923.25,1
174,189.95,0.48308999999999996,0.9163600000000001,0.08894400000000001,3,-59.0,5.3229,920.75,1
175,190.7,0.48308999999999996,0.9163600000000001,0.08894400000000001,2,-59.5,1.2042,920.25,1
176,190.95,0.48308999999999996,0.9163600000000001,0.08894400000000001,2,-59.5,1.195,920.25,1
177,191.2,0.2603,1.0197,-0.013684,3,-60.5,4.4179,922.25,1
178,191.45,0.2603,1.0197,-0.013684,2,-60.5,0.20095,921.75,1
179,191.7,0.2603,1.0197,-0.013684,2,-67.5,4.3611,925.75,1
180,192.45,0.20168,1.0312,-0.047893,2,-64.5,4.8198,924.75,1
181,192.7,0.20168,1.0312,-0.047893,3,-62.5,0.47247,923.75,1
182,193.45,0.37756,0.95081,0.054735,3,-59.5,4.9762,921.25,1
183,193.7,0.37756,0.95081,0.054735,2,-61.5,6.1881,922.25,1
184,194.45,0.24858000000000002,1.0082,-0.025087,3,-61.0,4.2016,922.75,1
185,194.7,0.24858000000000002,1.0082,-0.025087,2,-59.5,0.98021,920.75,1
186,195.45,0.31893,0.96229,0.0091224,2,-64.0,5.1664,924.25,1
187,195.7,0.31893,0.96229,0.0091224,2,-59.0,0.63967,921.25,1
188,196.2,0.43618999999999997,0.9048700000000001,0.077541,3,-60.5,4.49,922.25,1
189,196.7,0.43618999999999997,0.9048700000000001,0.077541,2,-62.5,5.6742,923.25,1
190,197.2,0.23685,1.0197,-0.036489999999999995,2,-59.5,0.91579,920.75,1
191,198.2,0.23685,1.0197,-0.036489999999999995,2,-58.5,1.1474,920.25,1
192,198.45,0.22513000000000002,1.0082,-0.025087,2,-60.5,6.0454,922.25,1
193,199.2,0.22513000000000002,1.0082,-0.025087,3,-62.0,3.8672,923.25,1
194,199.45,0.22513000000000002,1.0312,-0.036489999999999995,3,-59.5,5.3643,920.75,1
195,199.95,0.22513000000000002,1.0312,-0.036489999999999995,2,-63.0,5.26,923.75,1
196,200.2,0.22513000000000002,1.0312,-0.036489999999999995,2,-64.0,5.0038,924.25,1
197,200.7,0.15478,1.0197,-0.070699,2,-60.0,0.5200199999999999,921.25,1
198,200.95,0.15478,1.0197,-0.070699,3,-60.5,4.4071,922.25,1
199,201.7,0.44791000000000003,0.93932,0.054735,3,-61.0,4.2675,922.75,1
200,201.95,0.44791000000000003,0.93932,0.054735,2,-59.5,0.99249,920.75,1
201,202.2,0.44791000000000003,0.93932,0.054735,2,-66.0,4.9563,924.75,1
202,202.95,0.30721,0.97377,-0.0022806,2,-59.0,1.2778,920.25,1
203,203.2,0.30721,0.97377,-0.0022806,3,-59.5,5.0759,921.25,1
204,203.45,0.18995,1.0542,-0.047893,2,-60.5,0.21936,921.75,1
205,203.7,0.18995,1.0542,-0.047893,3,-60.5,1.5739,921.75,1
206,204.2,0.18995,1.0542,-0.047893,3,-61.0,4.1387,922.75,1
207,204.95,0.2134,1.0312,-0.047893,3,-62.5,3.5864,923.75,1
208,205.2,0.2134,1.0312,-0.047893,3,-59.0,5.5898,920.25,1
209,205.7,0.43618999999999997,0.92784,0.043332,3,-59.5,4.9364,921.25,1
210,205.95,0.43618999999999997,0.92784,0.043332,3,-60.5,4.3166,922.25,1
211,206.45,0.43618999999999997,0.92784,0.043332,3,-61.5,3.6754,923.25,1
212,206.7,0.43618999999999997,0.92784,0.043332,2,-60.5,5.7877,922.75,1
213,207.2,0.2603,0.99674,-0.013684,2,-62.0,5.2094,923.75,1
214,207.95,0.20168,1.0082,0.031928,3,-59.0,4.9762,921.25,1
215,208.2,0.20168,1.0082,0.031928,2,-61.0,5.9288,922.25,1
216,208.45,0.20168,1.0082,0.031928,3,-59.5,4.6372,921.75,1
217,209.2,0.23685,1.0082,-0.013684,2,-61.0,5.7371,922.75,1
218,210.2,0.2603,0.99674,-0.013684,3,-59.0,5.4533,920.25,1
219,210.45,0.2603,0.99674,-0.013684,3,-59.5,4.8796,921.25,1
220,210.7,0.2603,0.99674,-0.013684,2,-60.5,6.0393,922.25,1
221,210.95,0.42446000000000006,0.92784,0.077541,3,-65.0,2.4406,925.75,1
222,211.45,0.42446000000000006,0.92784,0.077541,3,-60.5,4.0865,922.75,1
223,211.7,0.42446000000000006,0.92784,0.077541,2,-60.0,0.59212,920.75,1
224,213.2,-0.13835999999999998,0.98526,-0.013684,2,-63.5,4.4409,921.75,4
225,215.2,-0.13835999999999998,0.98526,-0.013684,1,-59.0,5.6681,920.25,4
226,222.7,0.65897,0.8359700000000001,-0.036489999999999995,1,-60.0,0.7915300000000001,922.25,2
227,225.2,0.65897,0.8359700000000001,-0.036489999999999995,1,-60.5,0.76085,922.25,2
228,227.7,0.65897,0.8359700000000001,-0.036489999999999995,1,-60.5,0.72864,922.25,2
229,232.7,0.65897,0.8359700000000001,-0.036489999999999995,1,-60.5,0.55837,922.25,2
230,237.7,0.69414,0.80152,-0.047893,1,-60.0,0.81148,921.75,2
