,time,frontal,vertical,lateral,id,rssi,phase,freq,label
0,0.0,0.38928,0.96229,-0.29875999999999997,2,-54.0,4.3289,920.75,1
1,0.5,0.36583000000000004,0.93932,-0.48121,3,-60.0,5.8567,924.75,1
2,1.025,0.57689,0.6522399999999999,-0.69787,2,-51.0,4.5007,920.25,1
3,3.5,1.1866,0.44555,-0.059296,2,-59.5,4.8781,924.25,1
4,6.25,1.0459,0.05511900000000001,-0.29875999999999997,2,-60.0,5.5239,921.25,3
5,7.5,1.0459,0.05511900000000001,-0.29875999999999997,2,-62.5,0.4694,924.75,3
6,9.75,1.0459,0.05511900000000001,-0.29875999999999997,2,-60.0,5.731,920.75,3
7,115.5,1.1983,-0.025263,-0.16192,3,-60.5,2.327,920.25,3
8,116.3,0.7527699999999999,0.64076,-0.57243,2,-59.0,4.5636,925.75,1
9,116.5,0.7527699999999999,0.64076,-0.57243,3,-59.5,5.6711,923.25,1
10,116.75,0.7527699999999999,0.64076,-0.57243,2,-59.0,5.7616,922.75,1
11,117.0,0.025796,0.92784,-0.38998,2,-59.0,0.12425,920.75,1
12,118.0,0.025796,0.92784,-0.38998,1,-67.5,0.80381,921.25,1
13,119.0,0.025796,0.8589399999999999,0.21438000000000001,1,-70.0,1.3698,923.25,4
14,363.75,0.9872799999999999,0.45703,-0.40139,3,-61.5,5.8782,920.25,1
15,364.75,0.9872799999999999,0.45703,-0.40139,2,-59.5,0.35281999999999997,923.25,1
16,365.75,1.1514,-0.025263,-0.25315,3,-68.5,5.734,924.25,3
17,366.5,1.1514,-0.025263,-0.25315,3,-67.0,0.64274,922.25,3
18,367.25,1.1514,-0.025263,-0.25315,3,-67.5,0.21322,922.75,3
19,367.75,1.1514,-0.025263,-0.25315,3,-68.0,5.7478,923.75,3
20,369.0,0.9990100000000001,0.020669999999999997,-0.21894,3,-66.5,0.76085,921.75,3
21,371.5,1.1749,-0.07119600000000001,-0.12771,3,-66.5,3.9055,921.75,3
22,372.75,1.1749,-0.07119600000000001,-0.12771,2,-60.5,6.0592,923.75,3
23,374.5,1.0225,0.0091865,-0.20754,3,-67.5,6.0009,923.25,3
24,375.75,1.0225,0.0091865,-0.20754,3,-69.0,5.438,924.25,3
25,377.5,1.0342,0.0091865,-0.19613,3,-68.5,6.1068,923.75,3
26,378.5,1.0342,0.0091865,-0.19613,3,-66.5,0.67342,922.25,3
27,379.5,1.0342,0.0091865,-0.19613,2,-59.5,0.33748,922.75,3
28,381.0,0.97555,0.032152999999999994,-0.20754,3,-66.0,1.3837,921.25,3
29,381.75,0.97555,0.032152999999999994,-0.20754,2,-60.0,6.1804,923.25,3
30,382.25,0.97555,0.032152999999999994,-0.20754,3,-69.5,5.26,924.75,3
31,383.25,0.97555,0.032152999999999994,-0.20754,3,-67.5,1.1275,921.25,3
32,384.25,0.97555,0.032152999999999994,-0.20754,3,-68.5,0.13499,922.75,3
33,386.25,1.1163,-0.059712,-0.15052000000000001,2,-59.5,0.7148399999999999,921.75,3
34,387.0,1.1163,-0.059712,-0.15052000000000001,3,-68.0,1.7012,920.75,3
35,388.5,1.1163,-0.059712,-0.15052000000000001,3,-68.0,0.96181,921.75,3
36,390.5,1.1163,-0.059712,-0.15052000000000001,3,-68.0,5.1082,920.25,3
37,393.0,1.1163,-0.059712,-0.13912,3,-68.5,4.4271,921.25,3
38,394.0,1.1163,-0.059712,-0.13912,3,-68.5,0.29913,922.75,3
39,395.5,1.1163,-0.059712,-0.13912,2,-60.0,0.41878000000000004,922.25,3
40,397.75,1.128,-0.048229,-0.12771,2,-59.0,0.9234600000000001,921.25,3
41,398.25,1.128,-0.048229,-0.12771,3,-68.5,0.9587399999999999,921.75,3
42,400.25,1.128,-0.048229,-0.12771,2,-59.0,0.92806,921.25,3
43,400.75,1.128,-0.048229,-0.12771,3,-68.5,0.89431,921.75,3
44,403.0,1.1866,-0.082679,-0.10490999999999999,2,-59.5,0.65041,921.75,3
45,405.0,1.1866,-0.082679,-0.10490999999999999,3,-68.0,1.9083,920.25,3
46,407.75,1.1045,-0.036746,-0.16192,3,-68.5,1.2809,921.25,3
47,408.75,1.1045,-0.036746,-0.16192,3,-68.0,4.7538,920.75,3
48,412.5,1.128,-0.036746,-0.13912,2,-59.0,0.9602700000000001,921.25,3
49,413.0,1.128,-0.036746,-0.13912,2,-59.5,0.69643,921.75,3
50,413.75,1.128,-0.036746,-0.13912,3,-68.0,1.5999,920.75,3
51,415.0,1.128,-0.036746,-0.13912,3,-68.5,1.2195,921.25,3
52,417.5,1.3508,-0.14009000000000002,-0.059296,3,-68.5,1.3729,921.25,3
53,419.75,1.3508,-0.14009000000000002,-0.059296,3,-69.5,1.919,920.25,3
54,422.0,1.1163,-0.059712,-0.15052000000000001,3,-69.0,1.9788,920.25,3
55,423.25,1.1163,-0.059712,-0.15052000000000001,2,-60.5,0.15033,922.75,3
56,424.5,1.1163,-0.059712,-0.15052000000000001,3,-70.5,1.3008,921.25,3
57,427.0,1.1163,-0.059712,-0.15052000000000001,2,-59.0,4.0543,921.25,3
58,427.5,1.1163,-0.059712,-0.15052000000000001,2,-59.5,0.63967,921.75,3
59,429.25,1.1163,-0.059712,-0.15052000000000001,3,-69.0,1.9282,920.25,3
60,430.75,1.1983,-0.094162,-0.10490999999999999,3,-69.0,1.6199,920.75,3
61,432.0,1.1983,-0.094162,-0.10490999999999999,2,-59.0,0.87744,921.25,3
62,432.5,1.1983,-0.094162,-0.10490999999999999,3,-70.0,1.0232,921.75,3
63,434.25,1.1983,-0.094162,-0.10490999999999999,3,-69.0,1.9436,920.25,3
64,434.75,1.1983,-0.094162,-0.10490999999999999,2,-60.0,0.60592,921.75,3
65,436.75,1.0928,-0.025263,-0.16192,2,-60.0,1.5892,921.25,3
66,440.5,1.0928,-0.025263,-0.16192,3,-68.5,5.7402,924.75,3
67,441.75,1.0928,-0.025263,-0.16192,3,-68.5,1.5693,921.25,3
68,444.5,1.1983,-0.082679,-0.09350499999999999,2,-59.5,0.5461,921.75,3
69,445.5,1.1983,-0.082679,-0.09350499999999999,3,-69.5,1.8423,920.75,3
70,446.75,1.1983,-0.082679,-0.09350499999999999,3,-70.0,0.81148,922.25,3
71,447.75,1.1983,-0.082679,-0.09350499999999999,3,-69.0,1.8316,920.75,3
72,451.25,1.1397,-0.059712,-0.12771,3,-69.0,5.2692,920.25,3
73,451.75,1.1397,-0.059712,-0.12771,2,-60.0,0.8145399999999999,921.75,3
74,453.75,1.1397,-0.059712,-0.12771,3,-69.5,2.1353,920.25,3
75,455.0,1.1397,-0.059712,-0.12771,3,-69.5,1.8715,920.75,3
76,457.5,1.2101,-0.082679,-0.09350499999999999,3,-68.5,1.8024,920.75,3
77,458.75,1.2101,-0.082679,-0.09350499999999999,3,-69.0,1.5079,921.25,3
78,461.0,1.2101,-0.082679,-0.09350499999999999,3,-69.0,1.9558,920.25,3
79,463.5,1.2101,-0.082679,-0.09350499999999999,2,-59.0,0.77159,921.25,3
80,464.0,1.2101,-0.082679,-0.09350499999999999,2,-60.0,0.4694,921.75,3
81,466.0,1.2101,-0.082679,-0.09350499999999999,3,-69.0,1.3361,921.25,3
82,467.25,1.2101,-0.082679,-0.09350499999999999,3,-68.5,1.6122,920.75,3
83,469.75,1.1163,-0.048229,-0.13912,2,-59.0,4.1141,920.75,3
84,471.0,1.1163,-0.048229,-0.13912,2,-59.5,0.7179,921.25,3
85,472.0,1.1163,-0.048229,-0.13912,3,-67.5,1.6383,920.75,3
86,473.25,1.1163,-0.048229,-0.13912,3,-69.0,1.3376,921.25,3
87,474.5,1.1163,-0.048229,-0.13912,3,-68.5,1.6782,920.75,3
88,475.75,1.1163,-0.048229,-0.13912,3,-68.5,1.3944,921.25,3
89,478.25,1.3625,-0.14009000000000002,-0.047893,3,-69.0,1.3468,921.25,3
90,479.25,1.3625,-0.14009000000000002,-0.047893,3,-69.0,1.6889,920.75,3
91,480.5,1.3625,-0.14009000000000002,-0.047893,3,-69.5,1.287,921.25,3
92,481.75,1.3625,-0.14009000000000002,-0.047893,3,-68.5,1.6644,920.75,3
93,485.5,1.1397,-0.048229,-0.11631,3,-69.0,1.3729,921.25,3
