,time,frontal,vertical,lateral,id,rssi,phase,freq,label
0,0.0,-0.23215999999999998,0.21588000000000002,-1.1882,2,-48.5,2.7443,920.75,3
1,0.25,-0.056282000000000006,0.043636,-1.1426,2,-50.0,2.3654,921.75,3
2,0.5,0.14305,0.29627,-1.3364,3,-59.5,0.20709,922.25,3
3,0.75,0.31893,0.28478000000000003,-0.9259299999999999,2,-51.0,0.41571,923.25,3
4,1.05,0.41273000000000004,0.1355,-1.0286,2,-44.5,4.4547,920.25,3
5,1.25,0.31893,0.23885,-0.97154,2,-52.0,1.5401,925.75,3
6,1.5,0.14305,0.29627,-1.0172,2,-52.0,1.8776,924.25,3
7,1.75,0.14305,0.29627,-1.0172,2,-51.5,1.7794,924.75,3
8,2.0,0.1665,0.1355,-0.8347,3,-63.5,2.3194,922.75,3
9,2.75,0.1665,0.1355,-0.8347,2,-60.5,4.8474,921.75,3
10,3.25,0.1196,0.18143,-0.97154,3,-66.5,4.0543,925.25,3
11,4.5,0.060972000000000005,0.25033,-1.0514,3,-64.0,2.0739,922.75,3
12,5.0,0.10787000000000001,0.23885,-1.0286,3,-64.0,5.6481,921.75,3
13,5.5,0.14305,0.21588000000000002,-1.0286,3,-63.0,1.8715,923.25,3
14,6.0,0.14305,0.21588000000000002,-1.0286,2,-51.0,2.5173,920.25,3
15,6.75,0.084423,0.25033,-1.0628,3,-63.0,5.2784,922.75,3
16,7.0,0.084423,0.25033,-1.0628,2,-53.0,2.0632,921.25,3
17,7.25,-0.056282000000000006,0.28478000000000003,-1.097,2,-53.0,2.0571,921.25,3
18,7.75,0.27203,0.14698,-0.97154,2,-53.5,1.7211,922.25,3
19,8.0,0.27203,0.14698,-0.97154,3,-63.5,1.8837,923.25,3
20,8.25,0.27203,0.14698,-0.97154,2,-51.0,2.4989,920.25,3
21,8.5,-0.044557,0.26182,-1.097,3,-61.5,0.19788,920.25,3
22,9.25,0.096148,0.23885,-1.04,3,-63.0,2.1261,922.75,3
23,9.75,0.27203,0.14698,-0.97154,3,-62.5,5.9841,921.25,3
24,10.0,0.27203,0.14698,-0.97154,3,-62.5,2.6047,921.75,3
25,10.75,0.037521,0.2733,-1.0628,2,-51.0,2.505,920.25,3
26,11.0,0.037521,0.26182,-1.0742,2,-51.5,2.5142,920.25,3
27,11.5,0.037521,0.26182,-1.0742,3,-65.0,1.1766,924.75,3
28,12.0,0.2134,0.18143,-0.99434,3,-63.5,5.8307,921.25,3
29,12.25,-0.021106,0.28478000000000003,-1.0856,2,-52.0,2.2964,920.75,3
30,12.5,-0.021106,0.28478000000000003,-1.0856,3,-63.5,5.5745,921.75,3
31,12.75,0.025796,0.2733,-1.0856,2,-53.5,1.7365,922.25,3
32,13.25,0.025796,0.2733,-1.0856,3,-66.0,0.8268200000000001,925.25,3
33,13.5,0.060972000000000005,0.26182,-1.0628,3,-66.5,3.7736,925.75,3
34,13.75,0.060972000000000005,0.26182,-1.0628,2,-55.5,0.8528899999999999,924.75,3
35,14.5,-0.0093803,0.2733,-1.0742,2,-52.5,2.1338,921.25,3
36,14.75,-0.0093803,0.2733,-1.0742,2,-52.0,2.327,920.75,3
37,15.5,0.084423,0.26182,-1.0628,3,-66.0,3.9960000000000004,925.25,3
38,15.75,0.084423,0.26182,-1.0628,3,-62.0,0.041417,920.25,3
39,16.75,0.060972000000000005,0.2733,-1.0742,3,-64.5,1.5662,923.75,3
40,17.0,0.060972000000000005,0.2733,-1.0742,3,-63.0,2.7336,921.25,3
41,17.25,0.1665,0.21588000000000002,-1.0172,3,-63.0,2.5188,921.75,3
42,17.5,-0.0093803,0.2733,-1.097,3,-63.5,2.3117,922.25,3
43,18.0,0.22513000000000002,0.16995,-0.99434,3,-62.0,0.041417,920.25,3
44,18.75,0.037521,0.26182,-1.0742,2,-53.0,1.6230000000000002,922.75,3
45,19.25,0.096148,0.2733,-1.0628,3,-63.0,5.9135,921.25,3
46,19.5,0.096148,0.2733,-1.0628,2,-52.0,2.327,920.75,3
47,19.75,0.1196,0.23885,-1.0514,3,-63.0,2.5418,921.75,3
48,20.0,0.1196,0.23885,-1.0514,2,-53.5,1.7349,922.25,3
49,20.25,0.18995,0.19292,-1.0172,3,-66.0,0.8667,925.25,3
50,20.5,0.18995,0.19292,-1.0172,3,-62.0,0.07209700000000001,920.25,3
51,21.25,0.096148,0.21588000000000002,-1.0628,3,-63.0,2.1353,922.75,3
52,21.75,0.0023451,0.25033,-1.097,3,-63.0,5.9058,921.25,3
53,22.0,0.0023451,0.25033,-1.097,2,-51.5,2.3501,920.75,3
54,22.5,0.014071,0.2733,-1.0742,3,-63.5,1.8484,923.25,3
55,22.75,0.014071,0.2733,-1.0742,3,-65.5,4.0543,925.25,3
56,23.25,0.1196,0.25033,-1.04,3,-66.0,3.7659,925.75,3
57,23.5,0.1196,0.25033,-1.04,3,-64.5,1.3959,924.25,3
58,23.75,0.1196,0.25033,-1.04,3,-63.0,5.2585,922.75,3
59,24.25,0.10787000000000001,0.22737,-1.0742,3,-63.0,5.9396,921.25,3
60,24.5,0.025796,0.26182,-1.0856,2,-51.5,2.3669,920.75,3
61,24.75,0.0023451,0.26182,-1.1084,2,-52.5,1.9497,921.75,3
62,25.0,0.29548,0.1355,-0.99434,3,-64.0,4.9977,923.25,3
63,25.25,0.29548,0.1355,-0.99434,3,-65.5,4.0344,925.25,3
64,25.5,0.29548,0.1355,-0.99434,2,-50.5,2.5924,920.25,3
65,25.75,0.014071,0.2733,-1.097,3,-66.0,3.7889,925.75,3
66,26.0,0.014071,0.2733,-1.097,3,-65.0,1.1367,924.75,3
67,26.25,0.014071,0.2733,-1.097,2,-53.0,1.6045,922.75,3
68,26.5,0.037521,0.25033,-1.0856,3,-63.5,1.669,923.75,3
69,26.75,0.072698,0.25033,-1.0856,2,-51.5,2.1752,921.25,3
70,26.825,0.072698,0.25033,-1.0856,2,-51.0,2.3930000000000002,920.75,3
71,27.0,0.014071,0.26182,-1.0856,3,-62.0,6.1651,920.75,3
72,27.5,0.072698,0.26182,-1.0742,3,-63.5,1.9067,923.25,3
73,27.75,0.072698,0.26182,-1.0742,3,-61.5,0.056757,920.25,3
74,28.5,0.084423,0.25033,-1.0742,2,-53.0,1.5923,922.75,3
75,28.75,0.24858000000000002,0.16995,-1.0057,3,-63.5,1.6736,923.75,3
76,29.0,0.24858000000000002,0.16995,-1.0057,2,-51.5,2.1813,921.25,3
77,29.25,0.0023451,0.26182,-1.1084,2,-51.5,2.1875,921.25,3
78,29.325,0.0023451,0.26182,-1.1084,2,-51.0,2.3807,920.75,3
79,29.35,0.025796,0.26182,-1.0856,2,-51.0,2.3777,920.75,3
80,29.5,0.025796,0.25033,-1.0856,2,-52.0,1.9482,921.75,3
81,30.0,0.30721,0.14698,-0.9829399999999999,3,-63.5,1.8822,923.25,3
82,30.25,0.30721,0.14698,-0.9829399999999999,2,-51.0,2.5648,920.25,3
83,30.5,0.060972000000000005,0.2733,-1.0856,3,-66.0,3.7828,925.75,3
84,30.75,0.060972000000000005,0.2733,-1.0856,3,-64.0,4.5314,924.25,3
85,31.0,0.060972000000000005,0.2733,-1.0856,3,-63.0,2.1138,922.75,3
86,31.25,0.060972000000000005,0.2733,-1.0856,3,-63.0,2.1368,922.75,3
87,31.5,0.014071,0.25033,-1.0856,2,-51.5,2.2028,921.25,3
88,31.75,0.22513000000000002,0.15847,-1.0172,3,-62.5,6.1589,920.75,3
89,32.0,0.22513000000000002,0.15847,-1.0172,3,-63.0,5.4809,922.25,3
90,32.5,0.096148,0.26182,-1.0742,3,-65.5,0.89738,925.25,3
91,32.75,0.096148,0.26182,-1.0742,2,-51.0,2.5617,920.25,3
92,33.5,0.1665,0.23885,-1.04,3,-65.0,1.1275,924.75,3
93,34.0,0.1665,0.23885,-1.04,2,-51.5,2.1783,921.25,3
94,34.25,0.1196,0.22737,-1.0628,2,-51.0,2.3961,920.75,3
95,34.5,0.23685,0.16995,-1.0057,2,-52.0,1.9957,921.75,3
96,35.0,0.30721,0.14698,-0.9829399999999999,2,-50.5,2.5694,920.25,3
97,35.25,0.049247000000000006,0.26182,-1.0856,3,-62.0,0.056757,920.25,3
98,35.75,0.060972000000000005,0.26182,-1.0856,3,-64.5,4.2921,924.75,3
99,36.0,0.060972000000000005,0.26182,-1.0856,2,-53.0,1.5815,922.75,3
100,36.25,0.037521,0.26182,-1.0856,2,-51.5,2.1522,921.25,3
101,36.5,0.23685,0.18143,-1.0172,3,-62.0,6.1605,920.75,3
102,36.75,0.025796,0.26182,-1.0856,2,-52.0,1.9788,921.75,3
103,37.0,0.30721,0.1355,-0.99434,3,-63.5,1.9159,923.25,3
104,37.5,0.1196,0.25033,-1.0628,2,-50.0,2.6753,920.25,3
105,38.0,0.14305,0.21588000000000002,-1.0514,3,-66.0,0.67955,925.75,3
106,38.25,0.14305,0.21588000000000002,-1.0514,3,-64.5,4.2982,924.75,3
107,38.5,0.22513000000000002,0.2044,-1.0172,3,-63.5,1.6429,923.75,3
108,38.75,0.22513000000000002,0.2044,-1.0172,3,-63.0,5.9058,921.25,3
109,39.0,0.014071,0.26182,-1.0856,3,-62.0,6.1344,920.75,3
110,39.25,0.014071,0.26182,-1.0856,3,-63.0,5.6803,921.75,3
111,39.5,0.014071,0.26182,-1.0856,3,-63.0,5.4732,922.25,3
112,39.75,0.049247000000000006,0.26182,-1.0856,3,-65.5,0.90045,925.25,3
113,40.25,0.049247000000000006,0.26182,-1.0856,3,-66.0,0.68876,925.75,3
114,40.75,0.13132,0.2044,-1.0514,2,-53.0,1.5969,922.75,3
115,41.0,0.049247000000000006,0.23885,-1.0856,3,-63.5,1.6674,923.75,3
116,41.25,0.29548,0.1355,-0.99434,2,-51.0,2.3777,920.75,3
117,41.5,0.29548,0.1355,-0.99434,3,-62.0,6.1697,920.75,3
118,41.75,0.037521,0.26182,-1.0856,2,-52.0,1.9466,921.75,3
119,42.25,0.29548,0.15847,-0.99434,3,-63.5,5.0161,923.25,3
120,42.5,0.20168,0.2044,-1.04,2,-50.5,2.6078,920.25,3
121,43.0,0.18995,0.22737,-1.04,2,-54.0,1.0707,924.25,3
122,43.25,0.18995,0.22737,-1.04,2,-52.5,1.6183,922.75,3
123,43.75,0.27203,0.15847,-1.0057,3,-62.5,5.9472,921.25,3
124,44.0,0.025796,0.23885,-1.097,3,-62.0,6.1344,920.75,3
125,44.075,0.025796,0.23885,-1.097,3,-62.5,5.6773,921.75,3
126,44.75,0.049247000000000006,0.26182,-1.097,2,-50.0,2.6507,920.25,3
127,45.0,0.025796,0.25033,-1.0856,3,-61.5,0.27612,920.25,3
128,45.75,0.35411,0.10105,-0.99434,2,-52.5,1.6506,922.75,3
129,46.0,0.10787000000000001,0.23885,-1.0856,3,-63.0,1.7748,923.75,3
130,46.25,0.18995,0.18143,-1.04,2,-50.5,2.2611,921.25,3
131,46.5,0.025796,0.21588000000000002,-1.1084,3,-62.5,5.8399,921.75,3
132,46.75,0.025796,0.21588000000000002,-1.1084,2,-52.0,1.7978,922.25,3
133,47.25,0.34238,0.1355,-0.97154,2,-50.0,2.6354,920.25,3
134,48.0,0.31893,0.14698,-0.9829399999999999,3,-64.0,1.2471,924.75,3
135,48.25,0.31893,0.14698,-0.9829399999999999,3,-62.5,2.2488,922.75,3
136,48.5,0.31893,0.14698,-0.9829399999999999,2,-51.0,2.2089,921.25,3
137,48.75,0.049247000000000006,0.22737,-1.097,3,-61.5,0.050621,920.75,3
138,49.0,0.049247000000000006,0.22737,-1.097,2,-51.5,2.0279,921.75,3
139,49.25,0.060972000000000005,0.23885,-1.0742,3,-62.5,5.6481,922.25,3
140,49.5,0.025796,0.23885,-1.097,3,-62.5,2.0049,923.25,3
141,49.75,0.025796,0.23885,-1.097,3,-61.5,0.25617,920.25,3
142,50.0,0.025796,0.23885,-1.1084,3,-65.0,3.9055,925.75,3
143,50.25,0.025796,0.23885,-1.1084,3,-64.5,1.2609,924.75,3
144,50.5,0.025796,0.23885,-1.1084,3,-62.5,2.2258,922.75,3
145,51.0,0.27203,0.15847,-1.0057,2,-51.5,2.1752,921.25,3
146,51.25,0.025796,0.23885,-1.1084,3,-61.5,0.053689,920.75,3
147,51.5,0.025796,0.23885,-1.1084,2,-52.0,1.9758,921.75,3
148,51.75,0.31893,0.1355,-0.97154,3,-63.0,5.1419,923.25,3
149,52.25,0.096148,0.26182,-1.0742,2,-50.0,2.6430000000000002,920.25,3
150,52.75,0.15478,0.21588000000000002,-1.0628,3,-63.5,1.5048,924.25,3
151,53.25,0.072698,0.25033,-1.0742,3,-63.0,1.7595,923.75,3
152,53.5,0.096148,0.25033,-1.0742,2,-51.5,2.1752,921.25,3
153,53.75,0.27203,0.14698,-1.0172,3,-62.0,0.013806,920.75,3
154,54.0,0.27203,0.14698,-1.0172,3,-62.5,5.622000000000001,922.25,3
155,54.5,0.1665,0.21588000000000002,-1.0628,3,-61.0,0.30526,920.25,3
156,54.75,0.1665,0.21588000000000002,-1.0628,3,-61.0,0.3114,920.25,3
157,55.25,0.22513000000000002,0.16995,-1.0286,3,-64.0,1.2548,924.75,3
158,55.5,0.22513000000000002,0.16995,-1.0286,2,-53.0,1.5846,922.75,3
159,55.75,0.15478,0.23885,-1.0628,3,-62.0,6.0592,921.25,3
160,56.0,0.15478,0.23885,-1.0628,2,-51.5,2.1552,921.25,3
161,56.25,0.072698,0.23885,-1.097,2,-52.0,1.965,921.75,3
162,56.5,0.40101,0.08956900000000001,-0.97154,3,-62.5,2.5035,922.25,3
163,57.0,0.17823,0.19292,-1.04,3,-61.5,0.3114,920.25,3
164,57.25,0.17823,0.19292,-1.04,2,-49.5,2.7136,920.25,3
165,57.5,0.14305,0.2044,-1.0742,3,-63.5,1.5263,924.25,3
166,58.0,0.28376,0.15847,-1.0057,3,-63.0,1.7472,923.75,3
167,58.25,0.28376,0.15847,-1.0057,2,-51.5,2.1752,921.25,3
168,58.5,0.2603,0.16995,-0.99434,2,-51.0,2.3853,920.75,3
169,58.75,0.084423,0.25033,-1.0742,3,-62.0,5.8414,921.75,3
170,59.5,0.1196,0.25033,-1.0742,3,-61.5,0.29146,920.25,3
171,60.25,0.084423,0.22737,-1.0856,3,-62.5,2.2795,922.75,3
172,60.5,0.084423,0.22737,-1.0856,3,-63.0,1.7932,923.75,3
173,60.75,0.084423,0.22737,-1.0856,3,-62.0,6.1344,921.25,3
174,61.0,0.037521,0.21588000000000002,-1.097,3,-61.5,0.08897100000000001,920.75,3
175,61.25,0.037521,0.21588000000000002,-1.097,3,-62.0,5.8813,921.75,3
176,61.75,0.1196,0.23885,-1.097,3,-65.0,1.0002,925.25,3
177,62.0,0.1196,0.23885,-1.097,2,-50.5,2.6308,920.25,3
178,62.25,0.037521,0.25033,-1.0856,3,-65.0,3.9101,925.75,3
179,62.5,0.037521,0.25033,-1.0856,3,-63.5,1.511,924.25,3
180,62.75,0.037521,0.25033,-1.0856,3,-62.5,2.2319,922.75,3
181,63.025,0.34238,0.12402,-0.97154,3,-62.0,6.1068,921.25,3
182,63.25,0.34238,0.12402,-0.97154,2,-51.5,2.1875,921.25,3
183,63.75,0.049247000000000006,0.25033,-1.0856,3,-62.5,2.5019,922.25,3
184,64.0,0.049247000000000006,0.23885,-1.097,3,-64.5,1.0416,925.25,3
185,64.25,0.049247000000000006,0.23885,-1.097,3,-61.5,0.28225,920.25,3
186,64.5,0.049247000000000006,0.23885,-1.097,2,-50.0,2.6783,920.25,3
187,65.0,0.41273000000000004,0.10105,-0.96014,3,-64.0,1.1996,924.75,3
188,65.25,0.037521,0.26182,-1.0856,3,-63.0,5.3429,922.75,3
189,65.5,0.037521,0.26182,-1.0856,2,-51.5,2.1414,921.25,3
190,65.75,0.18995,0.2044,-1.04,3,-62.0,6.1052,921.25,3
191,66.0,0.084423,0.25033,-1.0742,2,-52.5,1.9681,921.75,3
192,66.25,0.084423,0.25033,-1.0742,2,-52.5,1.8254,922.25,3
193,66.75,0.17823,0.2044,-1.04,2,-50.0,2.7319999999999998,920.25,3
194,67.5,0.096148,0.23885,-1.0742,3,-63.5,1.2916,924.75,3
195,67.75,0.096148,0.23885,-1.0742,3,-63.0,1.7794,923.75,3
196,68.0,0.096148,0.23885,-1.0742,2,-51.5,2.2289,921.25,3
197,68.5,0.084423,0.23885,-1.097,2,-52.0,1.9911,921.75,3
198,68.75,0.17823,0.19292,-1.0514,3,-61.5,5.7555,922.25,3
199,69.25,0.20168,0.15847,-1.0514,2,-46.5,0.12732000000000002,920.25,3
200,69.5,0.1665,0.11254000000000002,-1.097,3,-64.0,1.3192,925.75,3
201,69.75,0.18995,0.14698,-1.0514,3,-62.0,1.8669,924.75,3
202,70.0,0.18995,0.14698,-1.0514,3,-61.0,0.049087,922.75,3
203,70.25,0.14305,0.19292,-1.097,3,-61.0,2.5418,923.75,3
204,70.5,0.31893,0.10105,-0.99434,2,-47.5,2.7642,921.25,3
205,70.575,0.20168,0.1355,-1.0742,2,-48.0,2.775,921.25,3
206,70.6,0.20168,0.1355,-1.0742,2,-47.5,3.0634,920.75,3
207,70.65,0.20168,0.1355,-1.0742,2,-47.5,6.1881,920.75,3
208,70.75,0.2603,0.14698,-1.0742,2,-48.0,2.9775,920.75,3
209,71.0,0.1196,0.18143,-1.0742,3,-60.0,0.092039,922.25,3
210,71.25,0.1196,0.18143,-1.0742,3,-60.5,5.8199,923.25,3
211,71.5,0.17823,0.19292,-1.097,3,-61.5,1.6368,925.25,3
212,71.75,0.17823,0.19292,-1.097,2,-47.5,0.11965,920.25,3
213,71.825,0.14305,0.18143,-1.0856,3,-62.5,1.3698,925.75,3
214,72.25,0.34238,0.12402,-1.0286,2,-53.0,1.1152,924.75,3
215,72.5,0.15478,0.18143,-1.0856,2,-50.0,1.9543,922.75,3
216,73.0,0.34238,0.10105,-1.0057,3,-60.0,0.6274,921.25,3
217,73.075,0.15478,0.19292,-1.0856,2,-48.5,6.0838,920.75,3
218,73.25,0.15478,0.18143,-1.097,2,-49.0,2.4145,921.75,3
219,73.5,0.24858000000000002,0.19292,-1.0628,3,-60.5,0.092039,922.25,3
220,73.75,0.14305,0.18143,-1.0856,3,-60.5,5.8107,923.25,3
221,74.0,0.14305,0.18143,-1.0856,3,-62.0,1.6444,925.25,3
222,74.25,0.31893,0.12402,-1.0286,2,-53.5,0.7531800000000001,925.75,3
223,74.5,0.31893,0.12402,-1.0286,2,-52.0,1.3284,924.25,3
224,74.75,0.1665,0.18143,-1.0856,3,-62.0,1.8776,924.75,3
225,75.0,0.20168,0.18143,-1.0742,2,-50.0,1.9129,922.75,3
226,75.25,0.29548,0.14698,-1.0286,3,-61.0,5.484,923.75,3
227,75.5,0.29548,0.14698,-1.0286,2,-48.5,2.6461,921.25,3
228,75.575,0.29548,0.14698,-1.0286,2,-47.5,2.9437,920.75,3
229,75.6,0.15478,0.19292,-1.097,2,-47.5,2.9422,920.75,3
230,75.65,0.15478,0.16995,-1.0856,3,-60.0,0.77159,920.75,3
231,75.75,0.15478,0.16995,-1.0856,3,-61.0,0.26538,921.75,3
232,76.0,0.15478,0.16995,-1.0856,2,-49.5,2.1522,922.25,3
233,76.25,0.14305,0.18143,-1.097,2,-50.5,1.7043,923.25,3
234,76.5,0.13132,0.19292,-1.0856,3,-59.5,1.0247,920.25,3
235,76.75,0.13132,0.19292,-1.0856,3,-63.0,1.3162,925.75,3
236,77.0,0.14305,0.19292,-1.0856,3,-61.0,2.0893,924.25,3
237,77.25,0.40101,0.08956900000000001,-0.99434,3,-61.0,5.9089,922.75,3
238,77.5,0.40101,0.08956900000000001,-0.99434,3,-61.5,2.2688,923.75,3
239,77.75,0.40101,0.08956900000000001,-0.99434,2,-48.5,2.6891,921.25,3
240,77.825,0.15478,0.18143,-1.1084,1,-69.5,5.8261,921.25,3
241,78.0,0.15478,0.18143,-1.1084,1,-70.0,0.084369,920.75,3
242,78.25,0.15478,0.18143,-1.1084,2,-48.0,2.9161,921.75,3
243,78.325,0.28376,0.08956900000000001,-1.0286,2,-49.0,2.6446,922.25,3
244,78.5,0.28376,0.08956900000000001,-1.0286,2,-48.5,2.6553,922.25,3
245,78.75,0.23685,0.08956900000000001,-1.0628,3,-60.0,1.7104,925.25,3
246,79.0,0.23685,0.08956900000000001,-1.0628,2,-47.0,3.5665,920.25,3
247,79.25,0.43618999999999997,0.043636,-0.99434,3,-59.5,5.3260000000000005,924.25,3
248,79.75,0.48308999999999996,0.020669999999999997,-0.97154,2,-50.5,2.0893,922.75,3
249,80.0,0.34238,0.066602,-1.04,3,-59.5,5.3919,923.75,3
250,80.25,0.36583000000000004,0.08956900000000001,-1.0057,2,-48.5,2.7182,921.25,3
251,80.75,0.049247000000000006,0.43406000000000006,-1.0856,2,-49.0,2.5295,921.75,3
252,81.0,0.072698,0.2044,-1.2908,2,-53.5,1.557,923.25,3
253,83.0,0.47136000000000006,0.74411,-0.4584,2,-63.5,0.99555,921.75,1
254,83.75,0.67069,0.73263,-0.0022806,1,-63.0,1.0109,920.25,1
255,84.0,0.67069,0.73263,-0.0022806,3,-61.0,4.8412,925.75,1
256,84.25,0.67069,0.73263,-0.0022806,1,-69.0,0.67802,924.25,1
257,85.25,0.65897,0.38813000000000003,-0.0022806,1,-69.5,4.3795,920.75,1
258,87.5,0.51826,0.8589399999999999,-0.23034000000000002,1,-51.5,1.7825,921.25,4
259,211.75,0.15478,0.23885,-1.1654,3,-63.0,0.35741999999999996,921.25,3
260,212.25,-0.021106,0.29627,-1.097,3,-61.0,6.1405,922.25,3
261,212.5,0.29548,0.2044,-1.0514,3,-63.0,1.5478,925.25,3
262,212.75,0.29548,0.2044,-1.0514,2,-52.5,2.594,920.25,3
263,213.25,-0.032831,0.29627,-1.0628,3,-62.5,5.0759,924.25,3
264,213.75,0.24858000000000002,0.15847,-0.9829399999999999,3,-61.5,2.1859,923.75,3
265,214.0,0.24858000000000002,0.15847,-0.9829399999999999,3,-60.5,0.36202,921.25,3
266,214.25,0.025796,0.26182,-1.0856,3,-60.5,0.081301,921.75,3
267,214.75,0.27203,0.15847,-0.9829399999999999,3,-61.0,6.1267,922.25,3
268,215.25,0.2603,0.16995,-0.9829399999999999,2,-51.5,5.6665,920.25,3
269,215.5,0.049247000000000006,0.2733,-1.0856,3,-63.0,1.2395,925.75,3
270,215.75,0.049247000000000006,0.2733,-1.0856,3,-62.0,1.9589,924.25,3
271,216.25,0.060972000000000005,0.2733,-1.0856,3,-61.5,2.1875,923.75,3
272,216.5,0.060972000000000005,0.2733,-1.0856,2,-53.0,2.0555,921.25,3
273,216.58,0.060972000000000005,0.2733,-1.0856,2,-52.5,2.278,920.75,3
274,216.75,0.0023451,0.28478000000000003,-1.0856,3,-60.0,0.61666,920.75,3
275,217.0,0.24858000000000002,0.15847,-0.99434,3,-61.0,6.1037,922.25,3
276,217.5,0.23685,0.15847,-0.99434,3,-62.5,1.4726,925.25,3
277,217.75,0.23685,0.15847,-0.99434,2,-51.5,2.5111,920.25,3
278,218.25,0.0023451,0.26182,-1.0856,3,-62.5,1.7073,924.75,3
279,218.5,0.014071,0.2733,-1.0856,3,-61.0,5.8491,922.75,3
280,218.75,0.014071,0.2733,-1.0856,2,-53.0,2.0617,921.25,3
281,219.25,0.2134,0.2044,-1.0172,3,-60.5,0.58905,920.75,3
282,219.5,0.20168,0.18143,-1.0172,3,-61.0,6.1114,922.25,3
283,219.75,0.20168,0.18143,-1.0172,3,-61.0,2.4482,923.25,3
284,220.0,0.20168,0.18143,-1.0172,3,-62.5,1.4680000000000002,925.25,3
285,221.25,0.060972000000000005,0.28478000000000003,-1.0742,3,-60.5,0.31293000000000004,921.25,3
286,221.5,0.060972000000000005,0.28478000000000003,-1.0742,2,-53.0,2.2534,920.75,3
287,221.75,0.060972000000000005,0.28478000000000003,-1.0742,3,-61.0,0.084369,921.75,3
288,222.0,0.060972000000000005,0.2733,-1.0742,3,-61.0,6.0945,922.25,3
289,222.5,0.037521,0.26182,-1.0856,3,-62.5,1.4603,925.25,3
290,222.75,0.037521,0.26182,-1.0856,2,-58.0,0.3206,925.75,3
291,223.25,0.20168,0.16995,-1.0057,3,-61.0,5.8337,922.75,3
292,223.75,0.17823,0.21588000000000002,-1.0286,2,-53.5,2.0479,921.25,3
293,224.0,0.014071,0.2733,-1.0856,2,-53.0,2.2688,920.75,3
294,224.25,0.014071,0.2733,-1.0856,3,-61.0,0.069029,921.75,3
295,224.5,0.35411,0.14698,-0.96014,3,-61.5,5.5545,923.25,3
296,225.0,0.23685,0.18143,-1.0057,2,-52.0,2.505,920.25,3
297,225.75,0.1196,0.23885,-1.0514,3,-61.0,5.8767,922.75,3
298,226.25,0.22513000000000002,0.15847,-0.9829399999999999,2,-53.0,2.0647,921.25,3
299,226.5,0.060972000000000005,0.2733,-1.0856,2,-53.0,2.2718,920.75,3
300,226.75,0.10787000000000001,0.25033,-1.0628,3,-61.5,6.0684,922.25,3
301,227.5,0.1196,0.25033,-1.0628,2,-52.5,2.4758,920.25,3
302,228.0,0.096148,0.26182,-1.0628,3,-62.5,1.6812,924.75,3
303,228.25,0.096148,0.26182,-1.0628,3,-61.0,5.8491,922.75,3
304,228.5,0.096148,0.26182,-1.0628,3,-61.5,2.2028,923.75,3
305,228.75,0.014071,0.26182,-1.0742,2,-52.0,2.2964,920.75,3
306,229.25,0.24858000000000002,0.16995,-1.0057,3,-61.0,6.1237,922.25,3
307,229.75,0.0023451,0.2733,-1.0742,2,-52.5,2.4743,920.25,3
308,230.0,0.0023451,0.2733,-1.0856,2,-52.5,2.4666,920.25,3
309,230.5,0.037521,0.28478000000000003,-1.0628,3,-63.0,1.7825,924.75,3
310,231.0,0.049247000000000006,0.2733,-1.0628,3,-61.0,0.21322,921.25,3
311,231.25,0.049247000000000006,0.2733,-1.0628,3,-61.0,0.44792,920.75,3
312,231.75,0.2134,0.14698,-0.99434,3,-61.5,6.0055,922.25,3
313,232.25,0.025796,0.23885,-1.0742,2,-51.5,2.7213,920.25,3
314,233.0,0.072698,0.25033,-1.0628,3,-61.0,5.9227,922.75,3
315,233.25,0.072698,0.25033,-1.0628,3,-62.0,2.2611,923.75,3
316,233.5,0.072698,0.25033,-1.0628,3,-61.0,0.29759,921.25,3
317,233.75,0.15478,0.22737,-1.0286,3,-60.5,0.56757,920.75,3
318,234.0,0.049247000000000006,0.2733,-1.0742,3,-61.0,6.0899,922.25,3
319,234.25,0.049247000000000006,0.2733,-1.0742,3,-61.0,6.2218,922.25,3
320,234.75,0.24858000000000002,0.14698,-1.0057,2,-51.5,2.6384,920.25,3
321,235.5,0.2603,0.1355,-0.99434,2,-53.5,1.534,922.75,3
322,235.75,0.2603,0.1355,-0.99434,3,-61.0,0.23163000000000003,921.25,3
323,236.0,0.096148,0.26182,-1.0742,3,-61.0,0.5200199999999999,920.75,3
324,236.25,0.096148,0.26182,-1.0742,3,-61.5,0.069029,921.75,3
325,236.5,0.072698,0.26182,-1.0742,3,-61.5,6.0516,922.25,3
326,237.0,0.20168,0.2044,-1.0172,2,-52.0,2.5311,920.25,3
327,237.25,0.20168,0.2044,-1.0172,2,-51.5,2.5265,920.25,3
328,237.75,0.0023451,0.26182,-1.097,3,-62.5,1.7089,924.75,3
329,238.25,0.31893,0.12402,-0.9829399999999999,3,-61.5,2.2227,923.75,3
330,238.5,0.31893,0.12402,-0.9829399999999999,2,-53.0,2.0785,921.25,3
331,238.75,0.025796,0.2733,-1.0742,2,-52.5,2.2826,920.75,3
332,239.5,0.084423,0.2733,-1.0742,2,-52.0,2.4912,920.25,3
333,239.75,0.14305,0.23885,-1.0514,3,-63.5,1.2349,925.75,3
334,240.25,0.14305,0.23885,-1.0514,3,-62.0,1.7196,924.75,3
335,240.75,0.025796,0.26182,-1.0856,3,-61.5,2.1967,923.75,3
336,241.0,0.2603,0.16995,-0.9829399999999999,3,-60.5,0.5476300000000001,920.75,3
337,241.25,0.2603,0.16995,-0.9829399999999999,3,-61.0,0.041417,921.75,3
338,241.5,0.084423,0.26182,-1.0856,3,-61.0,5.5591,923.25,3
339,242.0,0.084423,0.26182,-1.0856,2,-52.0,2.4835,920.25,3
340,242.5,0.2603,0.16995,-0.9829399999999999,3,-62.0,1.9635,924.25,3
341,242.75,0.2603,0.16995,-0.9829399999999999,3,-61.0,5.8721,922.75,3
342,243.0,0.2603,0.16995,-0.9829399999999999,3,-61.5,2.2197,923.75,3
343,243.25,0.2603,0.16995,-0.9829399999999999,3,-60.5,0.37122,921.25,3
344,243.5,0.025796,0.26182,-1.0856,2,-52.5,2.2964,920.75,3
345,243.75,0.025796,0.26182,-1.0856,3,-61.0,0.069029,921.75,3
346,244.5,0.34238,0.1355,-0.96014,2,-52.0,2.5219,920.25,3
347,244.75,0.060972000000000005,0.2733,-1.0742,3,-62.0,1.8669,924.25,3
348,245.0,0.060972000000000005,0.2733,-1.0742,3,-62.5,1.5601,924.75,3
349,245.25,0.060972000000000005,0.2733,-1.0742,3,-60.5,5.8337,922.75,3
350,245.75,0.33066,0.10105,-0.96014,2,-52.0,2.1829,921.25,3
351,246.0,0.1665,0.2044,-1.0514,3,-61.0,0.18408,921.75,3
352,246.25,0.096148,0.23885,-1.0628,3,-60.5,6.2157,922.25,3
353,246.5,0.096148,0.23885,-1.0628,3,-60.5,5.7003,923.25,3
354,246.75,0.096148,0.23885,-1.0628,2,-51.5,2.6323,920.25,3
355,247.0,0.24858000000000002,0.16995,-1.0057,2,-52.0,2.6124,920.25,3
356,247.25,0.24858000000000002,0.16995,-1.0057,3,-63.5,1.2333,925.75,3
357,247.75,0.2134,0.19292,-1.0286,3,-61.5,5.349,923.75,3
358,248.0,0.2134,0.19292,-1.0286,3,-60.5,0.32366999999999996,921.25,3
359,248.25,0.2134,0.19292,-1.0286,2,-52.0,2.2411,921.25,3
360,248.5,0.1196,0.19292,-1.0628,3,-61.0,0.158,921.75,3
361,249.0,0.096148,0.2044,-1.0628,3,-61.0,5.6251,923.25,3
362,249.25,0.096148,0.2044,-1.0628,2,-51.0,2.7059,920.25,3
363,250.0,0.13132,0.23885,-1.0628,3,-62.0,1.7319,924.75,3
364,250.25,0.13132,0.23885,-1.0628,3,-61.0,5.8537,922.75,3
365,250.5,0.35411,0.1355,-0.9829399999999999,3,-60.5,0.3252,921.25,3
366,250.75,0.35411,0.1355,-0.9829399999999999,3,-60.5,0.5706399999999999,920.75,3
367,251.0,0.35411,0.1355,-0.9829399999999999,3,-60.5,0.10430999999999999,921.75,3
368,251.25,0.084423,0.23885,-1.0742,3,-61.0,6.1252,922.25,3
369,251.5,0.084423,0.23885,-1.0742,3,-61.0,5.6312,923.25,3
370,251.75,-0.0093803,0.21588000000000002,-1.1084,2,-51.0,2.7412,920.25,3
371,253.0,0.072698,0.22737,-1.0856,2,-52.5,2.1829,921.25,3
372,253.08,0.072698,0.22737,-1.0856,3,-60.5,0.29913,921.25,3
373,254.0,0.1196,0.22737,-1.0742,3,-63.0,1.4880000000000002,925.25,3
374,254.25,0.1196,0.22737,-1.0742,2,-51.0,2.6983,920.25,3
375,254.75,0.10787000000000001,0.21588000000000002,-1.0856,3,-62.0,1.9804,924.25,3
376,255.5,0.060972000000000005,0.26182,-1.0856,3,-60.5,0.29759,921.25,3
377,256.5,0.15478,0.21588000000000002,-1.0514,2,-51.5,2.6553,920.25,3
378,258.0,0.096148,0.25033,-1.0856,2,-52.5,2.1737,921.25,3
379,258.25,0.18995,0.19292,-1.0514,3,-60.5,0.030680000000000002,921.75,3
380,258.5,0.18995,0.19292,-1.0514,3,-61.0,6.0577,922.25,3
381,259.03,0.084423,0.25033,-1.0856,3,-63.0,1.4696,925.25,3
382,259.25,0.15478,0.22737,-1.0514,3,-63.0,1.2441,925.75,3
383,259.5,0.15478,0.22737,-1.0514,3,-61.5,1.9512,924.25,3
384,260.0,0.096148,0.25033,-1.0742,3,-61.5,5.8123,922.75,3
385,260.25,0.14305,0.23885,-1.0742,3,-60.5,0.29146,921.25,3
386,260.5,0.14305,0.23885,-1.0742,2,-52.0,2.4022,920.75,3
387,260.75,0.27203,0.15847,-1.0172,2,-53.0,1.9911,921.75,3
388,261.5,0.049247000000000006,0.2733,-1.0742,3,-60.0,0.76852,920.25,3
389,262.25,0.13132,0.22737,-1.0514,3,-61.0,5.8399,922.75,3
390,263.0,0.025796,0.25033,-1.0856,3,-60.0,0.52462,920.75,3
391,263.25,0.084423,0.26182,-1.0628,2,-54.0,1.7472,922.25,3
392,263.75,0.049247000000000006,0.26182,-1.0856,3,-62.5,1.4742,925.25,3
393,265.0,0.084423,0.25033,-1.0742,3,-61.5,5.3413,923.75,3
394,266.0,0.27203,0.15847,-1.0057,3,-61.0,5.5622,923.25,3
395,266.25,0.27203,0.15847,-1.0057,3,-62.5,1.4803,925.25,3
396,266.5,0.29548,0.12402,-1.0057,2,-51.5,2.7319999999999998,920.25,3
397,267.25,0.10787000000000001,0.22737,-1.0628,3,-61.0,2.2534,923.75,3
398,267.75,0.060972000000000005,0.22737,-1.097,3,-60.0,0.5875100000000001,920.75,3
399,268.0,0.060972000000000005,0.22737,-1.097,2,-53.0,1.9957,921.75,3
400,268.25,0.2603,0.15847,-1.0057,2,-53.5,1.7748,922.25,3
401,268.5,0.15478,0.22737,-1.0628,3,-62.0,1.5156,925.25,3
402,268.75,0.31893,0.12402,-1.0057,2,-51.5,2.6477,920.25,3
403,269.0,0.31893,0.12402,-1.0057,3,-62.5,1.2579,925.75,3
404,269.5,0.1196,0.23885,-1.0742,3,-62.0,1.7288,924.75,3
405,269.75,0.1196,0.22737,-1.0742,3,-61.0,2.258,923.75,3
406,270.0,0.1196,0.22737,-1.0742,2,-51.5,2.2212,921.25,3
407,270.25,0.025796,0.23885,-1.097,3,-59.5,0.61973,920.75,3
408,270.75,0.096148,0.23885,-1.0742,2,-53.0,1.8116,922.25,3
409,271.0,0.096148,0.23885,-1.0742,3,-62.0,1.5263,925.25,3
410,271.25,0.1196,0.22737,-1.0856,2,-51.0,2.6891,920.25,3
411,271.5,0.18995,0.16995,-1.04,3,-61.5,1.9742,924.25,3
412,271.75,0.18995,0.16995,-1.04,3,-62.0,1.7242,924.75,3
413,272.0,0.18995,0.16995,-1.04,2,-54.0,1.5647,922.75,3
414,272.25,0.15478,0.22737,-1.0628,3,-61.0,2.2304,923.75,3
415,272.5,0.15478,0.22737,-1.0628,3,-60.0,0.37583,921.25,3
416,273.0,0.049247000000000006,0.21588000000000002,-1.0856,3,-60.5,6.1911,922.25,3
417,273.25,0.18995,0.15847,-1.04,3,-60.5,5.6635,923.25,3
418,273.5,0.18995,0.15847,-1.04,2,-51.0,2.7136,920.25,3
419,274.75,0.084423,0.23885,-1.0856,3,-60.0,0.34975,921.25,3
420,275.0,0.084423,0.23885,-1.0856,3,-60.5,0.34975,921.25,3
421,275.25,0.060972000000000005,0.23885,-1.0856,3,-60.0,0.10584,921.75,3
422,275.5,0.060972000000000005,0.23885,-1.0856,2,-53.0,1.8178,922.25,3
423,276.0,0.10787000000000001,0.23885,-1.1198,2,-51.0,2.7596,920.25,3
424,276.25,0.18995,0.15847,-1.04,3,-62.5,1.2824,925.75,3
425,277.0,0.18995,0.15847,-1.04,3,-60.5,5.8736,922.75,3
426,277.5,0.1196,0.23885,-1.0742,3,-59.5,0.6089899999999999,920.75,3
427,277.75,0.14305,0.22737,-1.0742,3,-60.5,0.099709,921.75,3
428,278.0,0.15478,0.2044,-1.0514,3,-60.5,5.6497,923.25,3
429,278.25,0.15478,0.2044,-1.0514,3,-60.5,5.6665,923.25,3
430,278.5,0.15478,0.2044,-1.0514,2,-51.0,2.7612,920.25,3
431,279.5,0.27203,0.15847,-1.0172,3,-61.0,2.2473,923.75,3
432,279.75,0.096148,0.23885,-1.0856,2,-52.0,2.2258,921.25,3
433,280.0,0.24858000000000002,0.16995,-1.0172,2,-51.5,2.4452,920.75,3
434,280.25,0.072698,0.22737,-1.0856,2,-52.5,2.0141,921.75,3
435,280.75,0.049247000000000006,0.21588000000000002,-1.097,3,-62.0,1.5386,925.25,3
436,281.0,0.096148,0.22737,-1.0742,3,-59.5,0.8805,920.25,3
437,281.5,0.10787000000000001,0.22737,-1.0856,3,-61.5,1.7717,924.75,3
438,281.75,0.10787000000000001,0.22737,-1.0856,3,-61.0,5.888999999999999,922.75,3
439,282.0,0.1196,0.23885,-1.0856,2,-52.0,2.2289,921.25,3
440,282.25,0.31893,0.11254000000000002,-0.9829399999999999,3,-59.5,0.61819,920.75,3
441,282.5,0.31893,0.11254000000000002,-0.9829399999999999,3,-60.0,0.5767800000000001,920.75,3
442,282.75,0.31893,0.11254000000000002,-0.9829399999999999,2,-52.5,2.0249,921.75,3
443,283.0,0.2134,0.18143,-1.04,3,-60.5,5.6266,923.25,3
444,283.25,0.2134,0.18143,-1.04,3,-62.0,1.5033,925.25,3
445,283.5,0.2134,0.19292,-1.0286,2,-51.0,2.7336,920.25,3
446,284.25,0.096148,0.21588000000000002,-1.0742,3,-60.5,5.938,922.75,3
447,284.5,0.096148,0.21588000000000002,-1.0742,2,-51.5,2.3148,921.25,3
448,284.75,0.15478,0.19292,-1.0514,3,-60.0,0.62893,920.75,3
449,285.0,0.15478,0.19292,-1.0514,3,-60.0,0.632,920.75,3
450,285.25,0.060972000000000005,0.21588000000000002,-1.1084,3,-60.5,6.1804,922.25,3
451,285.5,0.060972000000000005,0.21588000000000002,-1.1084,3,-60.5,5.7003,923.25,3
452,286.5,0.28376,0.1355,-1.0057,2,-54.0,1.6199,922.75,3
453,286.75,0.28376,0.1355,-1.0057,3,-60.0,5.9334,922.75,3
454,287.0,0.28376,0.1355,-1.0057,3,-60.0,0.38503000000000004,921.25,3
455,287.25,0.24858000000000002,0.15847,-1.0286,2,-51.5,2.5265,920.75,3
456,287.5,0.15478,0.2044,-1.0742,2,-52.0,2.1169,921.75,3
457,287.75,0.30721,0.11254000000000002,-1.0172,3,-60.0,6.2188,922.25,3
458,288.0,0.30721,0.11254000000000002,-1.0172,3,-60.5,5.6711,923.25,3
459,288.25,0.24858000000000002,0.12402,-1.0286,2,-50.5,2.8133,920.25,3
460,288.5,0.096148,0.2044,-1.0856,3,-62.0,1.3162,925.75,3
461,288.75,0.096148,0.2044,-1.0856,3,-60.5,2.0647,924.25,3
462,289.75,0.13132,0.18143,-1.097,2,-51.0,2.5571,920.75,3
463,290.0,0.34238,0.08956900000000001,-0.99434,3,-60.5,6.185,922.25,3
464,290.25,0.34238,0.08956900000000001,-0.99434,2,-53.0,1.8561,922.25,3
465,290.75,0.34238,0.10105,-0.99434,2,-50.5,5.9442,920.25,3
466,291.25,0.20168,0.16995,-1.0514,3,-60.5,2.077,924.25,3
467,291.5,0.20168,0.16995,-1.0514,3,-60.5,5.9365,922.75,3
468,291.75,0.27203,0.10105,-1.0057,2,-51.5,2.2718,921.25,3
469,292.0,0.27203,0.10105,-1.0057,3,-59.5,0.42338000000000003,921.25,3
470,292.25,0.060972000000000005,0.18143,-1.097,2,-51.0,2.5065,920.75,3
471,292.5,0.060972000000000005,0.16995,-1.1084,2,-53.0,1.804,922.25,3
472,292.75,0.060972000000000005,0.19292,-1.097,3,-60.5,5.7141,923.25,3
473,293.0,0.060972000000000005,0.19292,-1.097,3,-61.5,1.5723,925.25,3
474,293.25,0.060972000000000005,0.19292,-1.1084,2,-50.5,2.8302,920.25,3
475,293.75,0.14305,0.18143,-1.0742,3,-61.0,5.013,924.75,3
476,294.25,0.18995,0.14698,-1.097,3,-59.5,0.49701000000000006,921.25,3
477,294.5,0.18995,0.14698,-1.097,3,-59.5,0.474,921.25,3
478,294.75,0.072698,0.18143,-1.097,3,-59.5,0.21936,921.75,3
479,295.0,0.072698,0.18143,-1.097,3,-60.0,6.2663,922.25,3
480,295.25,0.28376,0.10105,-1.04,3,-60.5,5.7509,923.25,3
481,295.5,0.2134,0.14698,-1.04,2,-50.0,2.9514,920.25,3
482,295.75,0.20168,0.12402,-1.0628,3,-58.5,4.1663,920.25,3
483,296.0,0.20168,0.12402,-1.0628,3,-60.5,5.3091,924.25,3
484,296.25,0.15478,0.15847,-1.0856,2,-52.5,1.7595,922.75,3
485,296.75,0.22513000000000002,0.18143,-1.0742,2,-53.5,1.3606,923.75,3
486,296.82,0.22513000000000002,0.18143,-1.0742,2,-51.5,2.3593,921.25,3
487,297.0,0.14305,0.18143,-1.0856,2,-51.0,2.6001,920.75,3
488,297.25,0.15478,0.18143,-1.097,3,-60.0,0.19635,921.75,3
489,297.68,0.15478,0.18143,-1.097,3,-60.0,6.2464,922.25,3
490,297.75,0.31893,0.08956900000000001,-1.0172,2,-55.5,0.7761899999999999,925.25,3
491,298.0,0.096148,0.15847,-1.0628,2,-50.0,2.9008,920.25,3
492,298.25,0.15478,0.14698,-1.0856,3,-61.5,1.399,925.75,3
493,298.75,0.13132,0.16995,-1.0856,3,-60.0,6.0331,922.75,3
494,299.0,0.13132,0.16995,-1.0856,3,-60.0,5.5499,923.75,3
495,299.25,0.28376,0.078086,-1.0172,2,-51.0,2.4452,921.25,3
496,299.5,0.34238,0.05511900000000001,-1.0286,2,-50.5,2.7289999999999996,920.75,3
497,299.57,0.34238,0.05511900000000001,-1.0286,2,-50.5,2.7136,920.75,3
498,299.63,0.15478,0.1355,-1.0742,3,-59.5,0.28991999999999996,921.75,3
499,299.75,0.15478,0.1355,-1.0742,3,-60.0,0.050621,922.25,3
500,300.0,0.20168,0.11254000000000002,-1.097,3,-60.0,5.7816,923.25,3
501,300.25,0.20168,0.11254000000000002,-1.097,2,-50.0,6.1022,920.25,3
502,300.5,0.14305,0.16995,-1.0856,2,-50.0,6.0838,920.25,3
503,300.75,0.14305,0.12402,-1.097,3,-61.5,1.445,925.75,3
504,301.5,0.17823,0.15847,-1.097,3,-60.5,5.5545,923.75,3
505,301.75,0.43618999999999997,0.043636,-0.99434,2,-51.0,2.4206,921.25,3
506,302.0,0.2134,0.14698,-1.0856,2,-50.5,2.6630000000000003,920.75,3
507,302.07,0.1665,0.12402,-1.1312,3,-59.5,0.28379,921.75,3
508,302.25,0.29548,0.08956900000000001,-1.04,3,-60.0,0.013806,922.25,3
509,303.25,0.27203,0.11254000000000002,-1.04,3,-60.5,2.1568,924.25,3
510,303.75,0.2134,0.16995,-1.0742,3,-60.0,6.0362,922.75,3
511,304.0,0.44791000000000003,0.032152999999999994,-0.9829399999999999,2,-50.5,2.436,921.25,3
512,304.25,0.40101,0.11254000000000002,-1.0514,2,-51.0,2.4605,921.25,3
513,304.5,0.20168,0.18143,-1.0628,3,-59.5,0.19482,921.75,3
514,304.75,0.20168,0.18143,-1.0628,2,-52.0,2.0003,922.25,3
515,305.0,0.20168,0.12402,-1.0514,3,-60.0,5.8215,923.25,3
516,305.25,0.20168,0.12402,-1.0514,3,-61.0,1.6904,925.25,3
517,305.75,0.24858000000000002,0.12402,-1.0514,3,-60.0,5.3091,924.25,3
518,306.25,0.1665,0.1355,-1.0742,3,-60.0,6.0132,922.75,3
519,306.5,0.30721,0.08956900000000001,-1.0286,2,-51.5,2.3669,921.25,3
520,306.75,0.1665,0.14698,-1.0628,2,-51.0,2.6630000000000003,920.75,3
521,306.82,0.1665,0.14698,-1.0628,3,-60.0,0.27305,921.75,3
522,307.0,0.31893,0.078086,-1.0286,3,-59.5,0.021476,922.25,3
523,307.25,0.31893,0.078086,-1.0286,3,-60.0,6.2817,922.25,3
524,307.5,0.31893,0.078086,-1.0286,3,-60.0,5.7908,923.25,3
525,307.75,0.31893,0.078086,-1.0286,2,-50.5,2.9299,920.25,3
526,308.0,0.1196,0.14698,-1.097,3,-61.5,1.4481,925.75,3
527,308.25,0.1196,0.14698,-1.097,3,-60.5,5.2968,924.25,3
528,308.5,0.1196,0.14698,-1.097,3,-60.0,6.0424,922.75,3
529,308.75,0.41273000000000004,0.032152999999999994,-0.9829399999999999,3,-60.5,5.5315,923.75,3
530,309.0,0.41273000000000004,0.032152999999999994,-0.9829399999999999,3,-59.5,0.5200199999999999,921.25,3
531,309.25,0.37756,0.05511900000000001,-0.99434,2,-51.0,2.6461,920.75,3
532,309.5,0.31893,0.066602,-1.0057,3,-60.0,0.0061359,922.25,3
533,309.75,0.31893,0.066602,-1.0057,2,-53.0,1.9512,922.25,3
534,310.25,0.51826,0.020669999999999997,-0.9829399999999999,2,-50.5,2.8839,920.25,3
535,310.5,0.10787000000000001,0.14698,-0.9829399999999999,3,-60.0,2.1813,924.25,3
536,311.25,0.28376,0.10105,-1.0172,3,-60.5,5.5223,923.75,3
537,311.5,0.40101,0.05511900000000001,-1.0057,2,-51.5,2.3516,921.25,3
538,312.0,0.33066,0.10105,-1.0172,3,-60.0,6.2663,922.25,3
539,312.5,0.49481,0.0091865,-0.96014,2,-50.5,2.8885,920.25,3
540,312.75,0.24858000000000002,0.16995,-1.0628,3,-61.5,1.4373,925.75,3
541,313.0,0.24858000000000002,0.16995,-1.0628,3,-60.5,5.2984,924.25,3
542,313.25,0.17823,0.14698,-1.0742,3,-60.0,6.0347,922.75,3
543,313.5,0.17823,0.14698,-1.0742,2,-53.0,1.7196,922.75,3
544,314.0,0.34238,0.08956900000000001,-1.0172,3,-59.5,0.46633,921.25,3
545,314.5,0.31893,0.11254000000000002,-1.0286,2,-53.0,1.9067,922.25,3
546,314.75,0.38928,0.078086,-1.0057,3,-60.5,5.731,923.25,3
547,315.25,0.51826,0.020669999999999997,-0.94873,3,-61.5,1.4281,925.75,3
548,315.75,0.44791000000000003,0.043636,-0.9829399999999999,3,-61.5,5.033,924.75,3
549,316.0,0.44791000000000003,0.043636,-0.9829399999999999,2,-53.0,1.7518,922.75,3
550,316.25,0.17823,0.15847,-1.0856,3,-60.0,0.47093,921.25,3
551,316.5,0.17823,0.15847,-1.0856,3,-59.5,0.66268,920.75,3
552,316.75,0.2603,0.12402,-1.0286,3,-60.5,0.11965,921.75,3
553,317.0,0.34238,0.10105,-1.0057,3,-61.0,5.6527,923.25,3
554,317.25,0.34238,0.10105,-1.0057,3,-61.5,1.5739,925.25,3
555,317.5,0.1196,0.19292,-1.097,2,-51.0,5.9396,920.25,3
556,318.5,0.14305,0.15847,-1.097,2,-54.0,1.3559999999999999,923.75,3
557,318.75,0.29548,0.12402,-1.0286,3,-60.0,0.40037,921.25,3
558,319.0,0.29548,0.12402,-1.0286,2,-51.0,2.5832,920.75,3
559,319.25,0.13132,0.18143,-1.0856,2,-52.0,2.1246,921.75,3
560,319.5,0.1665,0.16995,-1.0856,3,-60.0,5.7033,923.25,3
561,320.0,0.1665,0.16995,-1.0856,2,-51.0,2.8348,920.25,3
562,321.0,0.23685,0.16995,-1.0628,2,-51.5,2.3608,921.25,3
563,321.5,0.27203,0.14698,-1.0514,2,-51.0,2.5817,920.75,3
564,321.58,0.2603,0.15847,-1.0742,3,-60.0,0.18561,921.75,3
565,322.0,0.23685,0.14698,-1.0514,3,-60.0,5.7264,923.25,3
566,322.25,0.2134,0.18143,-1.0628,2,-51.0,2.8609,920.25,3
567,322.5,0.17823,0.16995,-1.0856,3,-61.5,1.3929,925.75,3
568,323.0,0.50654,0.0091865,-0.96014,3,-60.0,5.9902,922.75,3
569,323.5,0.27203,0.14698,-1.0514,3,-60.5,5.5545,923.75,3
570,323.75,0.27203,0.14698,-1.0514,2,-51.0,2.5817,920.75,3
571,324.0,0.22513000000000002,0.16995,-1.0628,2,-52.0,2.1215,921.75,3
572,324.25,0.31893,0.08956900000000001,-1.0286,3,-60.5,5.7187,923.25,3
573,324.75,0.20168,0.16995,-1.0628,2,-50.5,2.8655,920.25,3
574,325.0,0.14305,0.14698,-1.097,3,-62.0,1.3821,925.75,3
575,325.25,0.14305,0.14698,-1.097,3,-61.0,5.013,924.75,3
576,325.75,0.15478,0.16995,-1.0856,3,-60.5,5.4778,923.75,3
577,326.0,0.17823,0.15847,-1.0742,3,-59.5,0.42645,921.25,3
578,326.25,0.17823,0.15847,-1.0742,3,-59.0,0.69029,920.75,3
579,326.33,0.14305,0.1355,-1.0856,3,-60.0,0.17794000000000001,921.75,3
580,327.0,0.30721,0.14698,-1.04,3,-61.5,1.6276,925.25,3
581,327.25,0.30721,0.14698,-1.04,2,-50.5,2.8149,920.25,3
582,327.5,0.14305,0.15847,-1.097,3,-62.0,1.3775,925.75,3
583,327.75,0.14305,0.15847,-1.097,3,-60.5,2.1108,924.25,3
584,328.0,0.14305,0.15847,-1.097,3,-60.0,5.9963,922.75,3
585,328.25,0.40101,0.05511900000000001,-0.99434,3,-60.5,2.37,923.75,3
586,328.5,0.40101,0.05511900000000001,-0.99434,2,-51.5,2.3899,921.25,3
587,328.75,0.24858000000000002,0.10105,-1.0742,2,-50.5,2.6737,920.75,3
588,329.0,0.2603,0.10105,-1.0628,3,-60.0,0.23163000000000003,921.75,3
589,329.75,0.37756,0.05511900000000001,-1.0057,2,-50.0,6.0592,920.25,3
590,330.0,0.15478,0.1355,-1.0856,3,-60.5,5.2677,924.25,3
591,330.25,0.15478,0.1355,-1.0856,3,-61.0,1.8853,924.75,3
592,330.5,0.20168,0.16995,-1.0742,3,-60.0,2.3669,923.75,3
593,331.25,0.17823,0.16995,-1.0742,3,-60.0,0.16567,921.75,3
594,331.5,0.2134,0.16995,-1.0628,3,-60.0,6.2034,922.25,3
595,332.0,0.35411,0.10105,-1.0057,2,-50.5,2.8593,920.25,3
596,332.25,0.15478,0.14698,-1.0856,3,-62.0,1.4097,925.75,3
597,332.75,0.15478,0.14698,-1.0856,3,-60.5,1.8914,924.75,3
598,333.5,0.56517,0.0091865,-0.94873,2,-51.5,2.6139,920.75,3
599,333.75,0.29548,0.1355,-1.0514,2,-52.0,2.1721,921.75,3
600,334.5,0.23685,0.14698,-1.0628,2,-50.5,6.0684,920.25,3
601,334.75,0.30721,0.10105,-1.0172,3,-61.5,1.4251,925.75,3
602,335.25,0.28376,0.12402,-1.04,3,-60.5,1.8975,924.75,3
603,335.5,0.28376,0.12402,-1.04,3,-60.0,5.5039,923.75,3
604,335.75,0.34238,0.11254000000000002,-1.0172,2,-51.5,2.3516,921.25,3
605,336.0,0.37756,0.078086,-1.0057,2,-51.0,2.6062,920.75,3
606,336.25,0.54171,0.0091865,-0.9373299999999999,2,-52.5,1.9221,922.25,3
607,336.5,0.20168,0.15847,-1.0742,3,-60.0,5.7586,923.25,3
608,336.75,0.20168,0.15847,-1.0742,3,-61.0,1.6598,925.25,3
609,337.0,0.22513000000000002,0.15847,-1.0628,2,-50.5,2.8916,920.25,3
610,337.5,0.51826,0.0091865,-0.94873,3,-60.5,1.8914,924.75,3
611,338.0,0.49481,0.020669999999999997,-0.9373299999999999,3,-59.5,5.6987,923.75,3
612,338.25,0.49481,0.020669999999999997,-0.9373299999999999,2,-52.0,2.64,921.25,3
613,339.25,0.50654,-0.025263,-0.97154,2,-50.5,3.0557,920.25,3
614,339.5,0.1665,0.15847,-1.097,2,-50.5,6.1957,920.25,3
615,339.75,0.23685,0.14698,-1.0742,3,-59.5,5.2692,924.25,3
616,340.25,0.48308999999999996,0.032152999999999994,-0.9829399999999999,2,-53.0,1.8101,922.75,3
617,340.5,0.48308999999999996,0.032152999999999994,-0.9829399999999999,3,-59.5,5.5116,923.75,3
618,340.75,0.17823,0.14698,-1.0856,2,-51.0,2.7044,920.75,3
619,341.0,0.30721,0.12402,-1.04,2,-52.0,2.2442,921.75,3
620,341.08,0.22513000000000002,0.14698,-1.0742,3,-59.5,0.18254,921.75,3
621,341.25,0.22513000000000002,0.14698,-1.0742,2,-52.0,2.0371,922.25,3
622,341.75,0.20168,0.14698,-1.0742,2,-50.0,2.9805,920.25,3
623,342.0,0.37756,0.066602,-1.0172,3,-61.0,1.4051,925.75,3
624,343.0,0.37756,0.066602,-0.99434,2,-51.5,2.4605,921.25,3
625,343.25,0.52999,-0.0022965999999999998,-0.96014,2,-50.5,2.7796,920.75,3
626,343.5,0.23685,0.14698,-1.0628,2,-51.5,2.2657,921.75,3
627,343.75,0.27203,0.14698,-1.0514,3,-59.5,5.7325,923.25,3
628,344.25,0.27203,0.14698,-1.0514,2,-50.0,6.1467,920.25,3
629,345.0,0.24858000000000002,0.1355,-1.0742,3,-59.5,6.0025,922.75,3
630,345.25,0.24858000000000002,0.1355,-1.0742,3,-60.0,5.4886,923.75,3
631,345.5,0.17823,0.14698,-1.0742,3,-58.5,0.48627,921.25,3
632,345.58,0.17823,0.14698,-1.0742,2,-50.5,2.7719,920.75,3
633,345.75,0.2134,0.1355,-1.0856,2,-51.5,2.2151,921.75,3
634,346.0,0.34238,0.078086,-1.04,2,-51.5,2.2304,921.75,3
635,346.25,0.41273000000000004,0.066602,-0.99434,3,-60.0,5.7371,923.25,3
636,346.75,0.36583000000000004,0.08956900000000001,-1.0172,2,-50.0,3.0005,920.25,3
637,347.0,0.20168,0.14698,-1.0742,3,-60.5,1.3944,925.75,3
638,347.25,0.20168,0.14698,-1.0742,3,-60.0,2.1384,924.25,3
639,347.5,0.22513000000000002,0.12402,-1.0742,3,-59.5,6.0316,922.75,3
640,347.75,0.2603,0.1355,-1.0628,2,-51.0,2.5035,921.25,3
641,348.0,0.2134,0.12402,-1.0856,3,-59.0,0.474,921.25,3
642,348.25,0.20168,0.1355,-1.0856,2,-51.0,2.258,921.75,3
643,348.5,0.61207,-0.025263,-0.9373299999999999,2,-52.0,2.0233,922.25,3
644,349.0,0.29548,0.12402,-1.04,2,-50.0,2.9775,920.25,3
645,349.25,0.2134,0.14698,-1.0742,2,-50.0,2.9775,920.25,3
646,349.75,0.33066,0.08956900000000001,-1.0172,3,-60.0,1.8914,924.75,3
647,350.0,0.60034,-0.025263,-0.9373299999999999,3,-60.0,5.5039,923.75,3
648,350.25,0.17823,0.12402,-1.0856,2,-50.5,2.5111,921.25,3
649,350.75,0.1665,0.12402,-1.0742,2,-51.5,2.2565,921.75,3
650,351.0,0.40101,0.032152999999999994,-1.0172,3,-59.5,6.2494,922.25,3
651,351.25,0.42446000000000006,0.043636,-0.99434,3,-60.5,1.6628,925.25,3
652,351.5,0.42446000000000006,0.043636,-0.99434,2,-50.0,6.1605,920.25,3
653,351.75,0.28376,0.12402,-1.0628,3,-61.0,1.4419,925.75,3
654,352.25,0.47136000000000006,0.0091865,-0.97154,3,-60.5,1.9343,924.75,3
655,352.5,0.24858000000000002,0.1355,-1.0742,3,-60.0,5.5131,923.75,3
656,352.75,0.40101,0.05511900000000001,-0.99434,2,-51.5,2.5173,921.25,3
657,353.0,0.29548,0.11254000000000002,-1.0628,2,-52.0,2.2258,921.75,3
658,353.25,0.2603,0.1355,-1.0514,2,-52.5,2.0325,922.25,3
659,353.5,0.2603,0.1355,-1.0514,3,-59.5,6.2494,922.25,3
660,353.75,0.38928,0.078086,-0.99434,2,-50.0,6.1697,920.25,3
661,354.0,0.38928,0.078086,-0.99434,2,-50.0,6.1681,920.25,3
662,354.25,0.27203,0.1355,-1.0514,3,-60.0,2.1568,924.25,3
663,354.75,0.22513000000000002,0.12402,-1.0628,3,-60.0,6.0531,922.75,3
664,355.5,0.2134,0.1355,-1.0742,3,-59.5,0.21629,921.75,3
665,355.75,0.29548,0.12402,-1.0514,3,-59.5,6.2709,922.25,3
666,356.0,0.29548,0.12402,-1.0514,3,-59.5,5.7647,923.25,3
667,356.25,0.29548,0.12402,-1.0514,3,-60.5,1.6751,925.25,3
668,356.5,0.20168,0.14698,-1.0742,2,-50.5,2.9698,920.25,3
669,356.75,0.35411,0.08956900000000001,-1.0286,3,-60.0,5.2508,924.25,3
670,357.0,0.35411,0.08956900000000001,-1.0286,3,-60.5,1.8853,924.75,3
671,357.25,0.35411,0.08956900000000001,-1.0286,3,-59.0,6.0316,922.75,3
672,357.5,0.40101,0.05511900000000001,-0.99434,3,-60.0,5.5162,923.75,3
673,357.75,0.33066,0.10105,-1.0286,2,-51.0,2.5295,921.25,3
674,358.0,0.20168,0.12402,-1.0742,2,-51.5,2.2856,921.75,3
675,358.25,0.30721,0.12402,-1.0628,3,-59.5,0.003068,922.25,3
676,358.5,0.49481,-0.0022965999999999998,-0.96014,3,-59.5,5.7708,923.25,3
677,358.75,0.49481,-0.0022965999999999998,-0.96014,2,-50.5,6.1651,920.25,3
678,359.0,0.23685,0.14698,-1.0742,3,-61.0,1.4128,925.75,3
679,359.25,0.23685,0.14698,-1.0742,3,-60.0,5.2539,924.25,3
680,359.5,0.42446000000000006,0.066602,-0.99434,3,-59.5,5.9457,922.75,3
681,359.75,0.42446000000000006,0.066602,-0.99434,3,-59.5,5.9212,922.75,3
682,360.25,0.47136000000000006,0.0091865,-0.97154,2,-51.0,2.7443,920.75,3
683,360.5,0.2603,0.14698,-1.0742,2,-51.5,2.2534,921.75,3
684,360.75,0.58862,-0.048229,-0.9373299999999999,2,-52.5,2.0233,922.25,3
685,361.25,0.49481,-0.01378,-0.97154,2,-50.0,6.1405,920.25,3
686,361.35,0.44791000000000003,0.043636,-0.99434,2,-50.0,6.1451,920.25,3
687,361.75,0.43618999999999997,0.05511900000000001,-0.9829399999999999,3,-60.0,1.8776,924.75,3
688,362.0,0.30721,0.14698,-1.04,3,-59.5,5.9426,922.75,3
689,362.25,0.30721,0.14698,-1.04,3,-59.5,5.4732,923.75,3
690,362.5,0.30721,0.14698,-1.04,2,-51.0,2.4206,921.25,3
691,362.75,0.2603,0.14698,-1.0742,2,-51.0,2.6753,920.75,3
692,363.0,0.33066,0.12402,-1.04,2,-52.0,2.0479,922.25,3
693,363.25,0.37756,0.08956900000000001,-1.0172,3,-59.5,6.2694,922.25,3
694,363.75,0.35411,0.10105,-1.0286,2,-50.0,3.025,920.25,3
695,364.0,0.23685,0.1355,-1.0628,3,-61.0,1.3837,925.75,3
696,364.5,0.35411,0.08956900000000001,-1.0172,2,-53.0,1.7994,922.75,3
697,364.75,0.33066,0.11254000000000002,-1.0514,2,-51.0,2.4436,921.25,3
698,365.0,0.22513000000000002,0.14698,-1.0628,2,-51.0,2.7136,920.75,3
699,365.25,0.33066,0.11254000000000002,-1.0286,3,-59.5,0.19328,921.75,3
700,365.5,0.33066,0.11254000000000002,-1.0286,3,-59.0,6.2786,922.25,3
701,365.75,0.33066,0.11254000000000002,-1.0286,3,-59.5,5.7908,923.25,3
702,366.25,0.27203,0.12402,-1.0514,2,-50.0,3.025,920.25,3
703,366.75,0.2603,0.14698,-1.0628,3,-60.0,1.8791,924.75,3
704,367.0,0.24858000000000002,0.14698,-1.0628,3,-59.5,2.3731,923.75,3
705,367.25,0.24858000000000002,0.14698,-1.0628,2,-51.0,2.5142,921.25,3
706,367.5,0.20168,0.12402,-1.0856,3,-59.0,0.49854,921.25,3
707,367.75,0.23685,0.12402,-1.0742,3,-59.5,0.26384,921.75,3
708,368.0,0.27203,0.1355,-1.0514,2,-52.0,2.0709,922.25,3
709,368.25,0.27203,0.1355,-1.0514,3,-59.5,5.78,923.25,3
710,368.5,0.28376,0.10105,-1.0628,2,-50.0,2.9821,920.25,3
711,368.75,0.2134,0.11254000000000002,-1.0856,3,-61.0,1.4113,925.75,3
712,369.0,0.2134,0.11254000000000002,-1.0856,3,-60.0,5.2677,924.25,3
713,369.25,0.2134,0.11254000000000002,-1.0856,3,-60.0,1.8807,924.75,3
714,369.5,0.2134,0.11254000000000002,-1.0856,3,-59.5,2.3976,923.75,3
715,369.75,0.2134,0.11254000000000002,-1.0856,3,-59.5,5.5223,923.75,3
716,370.0,0.2603,0.12402,-1.0742,2,-50.5,2.7366,920.75,3
717,370.25,0.23685,0.12402,-1.0514,2,-51.5,2.2335,921.75,3
718,370.33,0.60034,-0.048229,-0.9373299999999999,2,-52.0,2.0233,922.25,3
719,370.75,0.2134,0.11254000000000002,-1.0742,3,-60.5,1.6582,925.25,3
720,371.25,0.17823,0.11254000000000002,-1.0856,3,-61.0,1.4327,925.75,3
721,371.5,0.17823,0.11254000000000002,-1.0856,3,-59.5,2.1445,924.25,3
722,371.75,0.17823,0.11254000000000002,-1.0856,3,-60.0,1.8807,924.75,3
723,372.0,0.2134,0.14698,-1.0742,3,-60.0,5.4639999999999995,923.75,3
724,372.75,0.2603,0.12402,-1.0742,3,-59.5,6.251,922.25,3
725,373.25,0.52999,-0.0022965999999999998,-0.96014,3,-60.5,1.6306,925.25,3
726,374.0,0.48308999999999996,0.0091865,-0.94873,3,-60.5,5.0299,924.75,3
727,374.25,0.48308999999999996,0.0091865,-0.94873,2,-53.0,1.8086,922.75,3
728,374.5,0.27203,0.12402,-1.0742,2,-51.0,2.5142,921.25,3
729,374.75,0.2603,0.12402,-1.0514,2,-50.5,5.9074,920.75,3
730,375.0,0.18995,0.10105,-1.0856,2,-51.5,2.2887,921.75,3
731,375.25,0.18995,0.10105,-1.0628,2,-52.0,2.0923,922.25,3
732,375.5,0.18995,0.10105,-1.0628,3,-59.5,5.7739,923.25,3
733,375.75,0.44791000000000003,0.066602,-1.0514,2,-50.0,0.033748,920.25,3
734,376.25,0.37756,0.032152999999999994,-0.99434,3,-60.5,2.324,924.25,3
735,376.75,0.43618999999999997,0.043636,-0.9829399999999999,3,-59.5,6.274,922.75,3
736,377.0,0.45963999999999994,0.020669999999999997,-0.99434,2,-50.5,2.5617,921.25,3
737,377.25,0.42446000000000006,0.05511900000000001,-0.99434,2,-50.0,2.8302,920.75,3
738,377.5,0.34238,0.10105,-1.04,3,-59.5,0.48933999999999994,921.75,3
739,378.25,0.34238,0.11254000000000002,-1.0286,2,-50.0,0.0061359,920.25,3
740,378.5,0.35411,0.12402,-1.0742,3,-61.5,1.6322,925.75,3
741,378.75,0.35411,0.12402,-1.0742,3,-60.5,2.3117,924.25,3
742,379.03,0.35411,0.12402,-1.0742,3,-60.5,2.0617,924.75,3
743,379.25,0.23685,0.11254000000000002,-1.04,3,-59.5,5.5269,923.75,3
744,379.5,0.23685,0.11254000000000002,-1.04,2,-51.0,5.6236,921.25,3
745,379.75,0.22513000000000002,0.11254000000000002,-1.097,2,-51.0,2.8225,920.75,3
746,380.0,0.28376,0.11254000000000002,-1.04,3,-59.0,0.27612,921.75,3
747,380.5,0.27203,0.10105,-1.0628,3,-60.5,1.6997,925.25,3
748,381.0,0.23685,0.11254000000000002,-1.0628,3,-60.5,1.4573,925.75,3
749,381.5,0.29548,0.12402,-1.0514,3,-60.0,1.9052,924.75,3
750,381.75,0.67069,-0.048229,-0.9259299999999999,3,-58.5,0.52155,921.25,3
751,382.0,0.67069,-0.048229,-0.9259299999999999,2,-51.5,2.5587,921.25,3
752,382.25,0.35411,0.10105,-1.0286,2,-50.5,2.8149,920.75,3
753,383.0,0.41273000000000004,0.032152999999999994,-1.0172,3,-60.0,1.6782,925.25,3
754,383.25,0.41273000000000004,0.032152999999999994,-1.0172,2,-50.5,3.0634,920.25,3
755,383.5,0.22513000000000002,0.14698,-1.0856,3,-61.0,1.4189,925.75,3
756,384.25,0.51826,0.020669999999999997,-0.9829399999999999,3,-60.0,5.3889,923.75,3
757,384.75,0.2603,0.10105,-1.0742,2,-52.0,2.1875,921.75,3
758,385.0,0.29548,0.10105,-1.0286,3,-59.5,6.1467,922.25,3
759,385.5,0.20168,0.14698,-1.0628,3,-61.0,1.7257,925.25,3
760,386.5,0.47136000000000006,0.032152999999999994,-0.97154,3,-59.5,5.4886,923.75,3
761,386.75,0.47136000000000006,0.032152999999999994,-0.97154,2,-51.5,2.4866,921.25,3
762,387.0,0.47136000000000006,0.032152999999999994,-0.9829399999999999,2,-51.5,2.4866,921.25,3
763,387.25,0.57689,-0.025263,-0.96014,2,-52.0,2.258,921.75,3
764,387.75,0.2603,0.1355,-1.0514,3,-60.5,1.6199,925.25,3
765,388.0,0.2603,0.1355,-1.0514,2,-50.5,6.1451,920.25,3
766,388.25,0.36583000000000004,0.08956900000000001,-1.0057,3,-61.0,1.3744,925.75,3
767,388.75,0.2603,0.12402,-1.0628,3,-59.5,6.0117,922.75,3
768,389.0,0.2603,0.12402,-1.0628,3,-60.5,5.5868,923.75,3
769,389.25,0.2603,0.12402,-1.0628,2,-52.5,5.7494,921.25,3
770,389.33,0.2134,0.12402,-1.0856,2,-51.0,5.8874,920.75,3
771,389.5,0.2134,0.12402,-1.0856,2,-51.0,5.9227,920.75,3
772,389.75,0.49481,0.020669999999999997,-0.97154,3,-59.5,0.18561,921.75,3
773,390.0,0.2603,0.14698,-1.0628,3,-59.5,5.731,923.25,3
774,390.25,0.48308999999999996,0.032152999999999994,-0.9829399999999999,2,-51.0,6.1497,920.25,3
775,390.5,0.60034,-0.01378,-0.9373299999999999,2,-50.5,6.1605,920.25,3
776,390.75,0.60034,-0.01378,-0.9373299999999999,3,-61.0,1.3668,925.75,3
777,391.25,0.37756,0.078086,-1.0057,3,-59.5,5.9963,922.75,3
778,391.5,0.37756,0.078086,-1.0057,3,-59.5,5.4886,923.75,3
779,392.0,0.27203,0.1355,-1.0742,2,-51.5,2.7443,920.75,3
780,392.25,0.22513000000000002,0.14698,-1.0742,3,-59.5,6.2157,922.25,3
781,392.5,0.22513000000000002,0.14698,-1.0628,3,-59.5,5.7356,923.25,3
782,392.75,0.22513000000000002,0.14698,-1.0628,2,-51.0,2.9821,920.25,3
783,393.75,0.62379,-0.025263,-0.9145200000000001,3,-59.5,5.9779,922.75,3
784,394.0,0.62379,-0.025263,-0.9145200000000001,3,-60.0,5.4809,923.75,3
785,394.25,0.30721,0.1355,-1.0514,2,-51.0,2.752,920.75,3
786,394.5,0.28376,0.12402,-1.0742,2,-52.0,2.2519,921.75,3
787,394.75,0.30721,0.14698,-1.0286,3,-59.5,5.7217,923.25,3
788,395.0,0.30721,0.14698,-1.0286,3,-60.0,5.8215,923.25,3
789,395.25,0.30721,0.14698,-1.0286,2,-50.5,3.0097,920.25,3
790,396.0,0.27203,0.14698,-1.0628,3,-60.0,1.8929,924.75,3
791,396.25,0.27203,0.14698,-1.0628,3,-59.5,6.0255,922.75,3
792,396.5,0.34238,0.12402,-1.0286,2,-52.0,2.4881,921.25,3
793,396.75,0.62379,-0.025263,-0.9373299999999999,3,-58.5,0.7225,920.75,3
794,397.0,0.62379,-0.025263,-0.9373299999999999,3,-59.0,0.22396,921.75,3
795,397.5,0.38928,0.08956900000000001,-1.0057,3,-60.5,1.6536,925.25,3
796,398.25,0.45963999999999994,0.020669999999999997,-0.9829399999999999,3,-60.0,1.9129,924.75,3
797,398.5,0.45963999999999994,0.020669999999999997,-0.9829399999999999,3,-59.5,5.9703,922.75,3
798,398.75,0.45963999999999994,0.020669999999999997,-0.9829399999999999,3,-60.0,6.0025,922.75,3
799,399.0,0.28376,0.14698,-1.0628,2,-51.0,2.7826,920.75,3
800,399.25,0.22513000000000002,0.1355,-1.0856,2,-51.5,2.7566,920.75,3
801,399.75,0.38928,0.066602,-1.0057,3,-60.0,5.7141,923.25,3
802,400.0,0.38928,0.066602,-1.0057,3,-60.5,1.646,925.25,3
803,400.25,0.2134,0.12402,-1.0856,2,-50.5,3.0281,920.25,3
804,400.5,0.27203,0.078086,-1.04,3,-61.5,4.559,925.75,3
805,401.25,0.56517,-0.07119600000000001,-0.97154,2,-51.0,2.5219,921.25,3
806,401.5,0.27203,0.08956900000000001,-1.0628,3,-59.0,0.8805,920.75,3
807,401.75,0.27203,0.08956900000000001,-1.0628,3,-59.0,0.27151,921.75,3
808,402.0,0.27203,0.08956900000000001,-1.0628,3,-59.5,0.003068,922.25,3
809,402.25,0.47136000000000006,0.020669999999999997,-1.0286,3,-59.5,5.8184,923.25,3
810,402.5,0.57689,-0.01378,-0.9373299999999999,2,-50.5,6.1344,920.25,3
811,403.25,0.29548,0.10105,-1.0514,3,-60.0,5.0713,924.75,3
812,403.5,0.29548,0.10105,-1.0514,3,-59.5,6.0485,922.75,3
813,403.75,0.33066,0.078086,-1.04,2,-51.0,2.5802,921.25,3
814,404.0,0.2603,0.078086,-1.0514,2,-50.5,2.8532,920.75,3
815,404.25,0.24858000000000002,0.08956900000000001,-1.0628,3,-59.5,0.061359000000000004,922.25,3
816,404.5,0.42446000000000006,0.043636,-1.0057,3,-59.0,5.8521,923.25,3
817,404.75,0.42446000000000006,0.043636,-1.0057,3,-60.0,1.7441,925.25,3
818,405.0,0.42446000000000006,0.043636,-1.0057,2,-50.0,3.094,920.25,3
819,405.25,0.49481,0.0091865,-0.9829399999999999,3,-60.5,1.514,925.75,3
820,405.5,0.49481,0.0091865,-0.9829399999999999,3,-59.5,2.1951,924.25,3
821,406.0,0.34238,0.08956900000000001,-1.04,3,-59.5,6.0746,922.75,3
822,406.25,0.49481,-0.0022965999999999998,-0.9829399999999999,2,-51.0,2.5756,921.25,3
823,406.5,0.57689,-0.036746,-0.94873,2,-50.5,6.0055,920.75,3
824,406.75,0.27203,0.066602,-1.04,3,-59.0,0.32214,921.75,3
825,407.0,0.27203,0.066602,-1.04,2,-52.0,2.1031,922.25,3
826,407.25,0.24858000000000002,0.05511900000000001,-1.0514,3,-59.0,5.8721,923.25,3
827,407.75,0.60034,-0.036746,-0.9373299999999999,3,-60.5,1.4987,925.75,3
828,408.0,0.60034,-0.036746,-0.9373299999999999,3,-60.0,5.1174,924.75,3
829,408.25,0.41273000000000004,0.066602,-1.0172,3,-59.5,6.1037,922.75,3
830,408.5,0.43618999999999997,0.020669999999999997,-1.0057,2,-51.0,2.6354,921.25,3
831,409.0,0.38928,0.078086,-1.04,2,-51.5,2.3547,921.75,3
832,409.25,0.41273000000000004,0.043636,-1.0286,2,-51.5,2.3501,921.75,3
833,409.35,0.30721,0.078086,-1.04,3,-59.0,0.039883999999999996,922.25,3
834,409.5,0.30721,0.078086,-1.04,3,-59.0,5.803,923.25,3
835,410.0,0.51826,-0.01378,-0.96014,2,-50.0,6.2617,920.25,3
836,410.25,0.29548,0.078086,-1.0628,3,-60.5,1.4312,925.75,3
837,410.5,0.30721,0.078086,-1.04,3,-59.5,1.9436,924.75,3
838,410.75,0.30721,0.078086,-1.04,3,-59.5,6.0485,922.75,3
839,411.0,0.28376,0.10105,-1.0742,3,-59.0,5.5438,923.75,3
840,411.5,0.35411,0.078086,-1.0286,2,-51.0,2.8118,920.75,3
841,411.75,0.40101,0.066602,-1.0286,2,-52.5,2.0862,922.25,3
842,412.0,0.28376,0.08956900000000001,-1.0514,3,-59.5,5.8,923.25,3
843,412.5,0.48308999999999996,0.0091865,-0.99434,3,-60.5,1.4527,925.75,3
844,413.0,0.35411,0.08956900000000001,-1.0514,3,-59.5,1.9589,924.75,3
845,413.5,0.27203,0.10105,-1.04,3,-59.0,5.5745,923.75,3
846,413.75,0.35411,0.10105,-1.0286,2,-51.0,2.8563,920.75,3
847,414.0,0.41273000000000004,0.05511900000000001,-1.0172,2,-52.0,2.3347,921.75,3
848,414.25,0.35411,0.08956900000000001,-1.04,3,-59.0,0.003068,922.25,3
849,414.75,0.40101,0.078086,-1.0057,3,-60.5,4.8198,925.25,3
850,415.0,0.2603,0.08956900000000001,-1.0628,3,-60.5,1.4266,925.75,3
851,415.5,0.34238,0.08956900000000001,-1.04,3,-59.5,1.8883,924.75,3
852,415.75,0.34238,0.08956900000000001,-1.04,3,-59.5,5.5116,923.75,3
853,416.0,0.28376,0.066602,-1.0628,2,-51.0,2.6124,921.25,3
854,416.25,0.38928,0.078086,-1.0286,2,-50.5,2.8501,920.75,3
855,416.5,0.42446000000000006,0.032152999999999994,-1.0172,2,-51.5,2.3654,921.75,3
856,416.75,0.27203,0.05511900000000001,-1.0514,3,-59.0,0.033748,922.25,3
857,417.0,0.41273000000000004,0.043636,-0.9829399999999999,3,-60.0,1.7288,925.25,3
858,417.25,0.41273000000000004,0.043636,-0.9829399999999999,2,-50.5,6.2786,920.25,3
859,417.5,0.50654,0.0091865,-0.97154,3,-59.0,2.169,924.25,3
860,418.0,0.36583000000000004,0.078086,-1.04,3,-59.5,6.0792,922.75,3
861,418.5,0.38928,0.066602,-1.0286,2,-51.0,2.6216,921.25,3
862,418.75,0.42446000000000006,0.032152999999999994,-1.0286,2,-50.5,6.0316,920.75,3
863,419.0,0.43618999999999997,0.05511900000000001,-1.0057,2,-52.0,2.1322,922.25,3
864,419.25,0.38928,0.066602,-1.0286,3,-59.5,5.7954,923.25,3
865,419.5,0.38928,0.066602,-1.0286,3,-60.0,1.7058,925.25,3
866,419.75,0.28376,0.08956900000000001,-1.04,2,-50.5,6.2786,920.25,3
867,420.0,0.51826,-0.01378,-0.9829399999999999,3,-59.0,2.2074,924.25,3
868,420.75,0.30721,0.078086,-1.0628,3,-59.0,5.53,923.75,3
869,421.25,0.38928,0.08956900000000001,-1.04,3,-59.0,0.26845,921.75,3
870,421.5,0.52999,0.0091865,-0.97154,3,-58.5,0.001534,922.25,3
871,421.75,0.52999,0.0091865,-0.97154,3,-59.0,5.7248,923.25,3
872,422.0,0.52999,0.0091865,-0.97154,3,-60.5,1.6398,925.25,3
873,422.25,0.49481,0.0091865,-0.96014,2,-50.5,3.025,920.25,3
874,422.33,0.49481,0.0091865,-0.96014,3,-60.5,1.3883,925.75,3
875,422.5,0.49481,0.0091865,-0.96014,3,-59.0,2.0908,924.25,3
876,423.0,0.57689,-0.036746,-0.94873,3,-59.0,6.0086,922.75,3
877,423.25,0.6472399999999999,-0.036746,-0.9373299999999999,2,-51.0,2.5096,921.25,3
878,423.5,0.30721,0.08956900000000001,-1.04,2,-51.0,2.6814,920.75,3
879,424.0,0.35411,0.066602,-1.0286,2,-52.5,2.0586,922.25,3
880,424.5,0.56517,-0.036746,-0.96014,2,-50.0,0.010738,920.25,3
881,424.75,0.31893,0.066602,-1.0514,3,-60.0,1.445,925.75,3
882,425.0,0.31893,0.066602,-1.0514,3,-59.0,5.3168,924.25,3
883,425.25,0.50654,0.0091865,-0.9829399999999999,3,-59.5,6.1421,922.75,3
884,425.75,0.5534399999999999,-0.025263,-0.8917200000000001,2,-51.0,2.5617,921.25,3
885,426.0,0.43618999999999997,0.05511900000000001,-1.0057,2,-52.0,6.1329,920.75,3
886,426.25,0.51826,-0.01378,-0.9829399999999999,2,-51.5,2.3317,921.75,3
887,426.33,0.51826,-0.01378,-0.9829399999999999,2,-51.5,2.1046,922.25,3
888,426.75,0.30721,0.05511900000000001,-1.0172,3,-59.5,1.7027,925.25,3
889,427.5,0.38928,0.08956900000000001,-1.0172,3,-59.5,1.9482,924.75,3
890,427.75,0.70587,-0.059712,-0.90312,2,-52.5,1.8791,922.75,3
891,428.0,0.70587,-0.059712,-0.90312,3,-59.5,5.5208,923.75,3
892,428.25,0.52999,-0.0022965999999999998,-0.97154,2,-51.0,2.5556,921.25,3
893,428.75,0.35411,0.08956900000000001,-1.04,2,-52.0,2.1184,922.25,3
894,429.25,0.57689,-0.059712,-0.94873,3,-59.5,1.6966,925.25,3
895,429.75,0.57689,-0.059712,-0.94873,3,-59.0,2.1614,924.25,3
896,430.0,0.57689,-0.059712,-0.94873,3,-59.5,1.9236,924.75,3
897,430.5,0.5534399999999999,-0.025263,-0.9829399999999999,3,-59.0,5.5346,923.75,3
898,430.75,0.2603,0.066602,-1.0742,2,-50.0,5.9503,920.75,3
899,431.0,0.40101,0.05511900000000001,-1.0286,2,-51.5,2.327,921.75,3
900,431.25,0.30721,0.078086,-1.0286,3,-59.0,0.021476,922.25,3
901,431.75,0.28376,0.08956900000000001,-1.0514,2,-50.0,3.0986,920.25,3
902,432.0,0.31893,0.078086,-1.04,3,-60.0,1.4419,925.75,3
903,432.25,0.31893,0.078086,-1.04,3,-59.0,2.1614,924.25,3
904,432.5,0.30721,0.08956900000000001,-1.04,3,-59.0,5.9963,922.75,3
905,432.75,0.30721,0.08956900000000001,-1.04,3,-59.0,5.5484,923.75,3
906,433.25,0.30721,0.08956900000000001,-1.0514,2,-51.0,2.7842,920.75,3
907,434.0,0.36583000000000004,0.078086,-1.04,3,-60.0,1.6076,925.25,3
908,434.25,0.51826,0.032152999999999994,-0.9829399999999999,2,-50.5,2.9974,920.25,3
909,434.5,0.40101,0.10105,-1.0286,3,-59.5,5.2155,924.25,3
910,435.0,0.62379,-0.036746,-0.9259299999999999,2,-52.5,1.8592,922.75,3
911,435.25,0.62379,-0.036746,-0.9259299999999999,3,-59.5,5.4763,923.75,3
912,435.5,0.57689,-0.0022965999999999998,-0.94873,2,-51.0,5.6895,921.25,3
913,435.75,0.6472399999999999,-0.07119600000000001,-0.9373299999999999,2,-50.5,5.9242,920.75,3
914,436.25,0.36583000000000004,0.08956900000000001,-1.04,3,-59.0,5.7264,923.25,3
915,436.5,0.36583000000000004,0.08956900000000001,-1.04,2,-50.0,6.1773,920.25,3
916,437.0,0.29548,0.08956900000000001,-1.0742,3,-59.0,2.1414,924.25,3
917,437.25,0.29548,0.08956900000000001,-1.0742,3,-59.5,1.8883,924.75,3
918,437.75,0.60034,0.0091865,-0.97154,3,-59.5,5.5822,923.75,3
919,438.0,0.47136000000000006,0.032152999999999994,-1.0172,2,-50.5,5.9074,920.75,3
920,438.25,0.51826,0.043636,-1.0057,2,-50.5,2.778,920.75,3
921,438.5,0.41273000000000004,0.05511900000000001,-1.0172,2,-52.5,2.0893,922.25,3
922,438.75,0.28376,0.078086,-1.0514,3,-59.5,6.1221,923.25,3
923,439.0,0.37756,0.08956900000000001,-1.0742,2,-50.0,0.001534,920.25,3
924,439.5,0.49481,0.0091865,-0.94873,3,-59.0,2.0801,924.25,3
925,439.75,0.2603,0.066602,-1.04,3,-59.0,5.935,922.75,3
926,440.25,0.51826,-0.059712,-0.96014,3,-59.0,5.441,923.75,3
927,440.5,0.6472399999999999,-0.10565,-0.9259299999999999,2,-50.5,2.6430000000000002,920.75,3
928,441.0,0.34238,0.05511900000000001,-1.0172,3,-59.0,5.6773,923.25,3
929,441.5,0.42446000000000006,0.032152999999999994,-1.0057,2,-50.0,6.1467,920.25,3
930,441.75,0.28376,0.078086,-1.0514,3,-60.5,1.4343,925.75,3
931,442.25,0.5534399999999999,-0.036746,-0.94873,3,-59.5,1.9083,924.75,3
932,442.75,0.35411,0.066602,-1.0286,2,-51.5,2.5556,921.25,3
933,443.0,0.29548,0.066602,-1.0514,2,-50.5,2.8103,920.75,3
934,443.25,0.50654,-0.0022965999999999998,-0.96014,2,-52.5,2.0755,922.25,3
935,443.75,0.41273000000000004,0.066602,-1.0286,3,-59.0,5.7217,923.25,3
936,444.75,0.44791000000000003,0.043636,-0.99434,3,-59.5,4.99,924.75,3
937,445.0,0.30721,0.11254000000000002,-1.04,3,-59.5,5.4257,923.75,3
938,445.25,0.30721,0.11254000000000002,-1.04,2,-51.5,2.4789,921.25,3
939,445.5,0.2603,0.066602,-1.0628,2,-50.5,2.7474,920.75,3
940,445.75,0.61207,-0.082679,-0.9373299999999999,3,-59.0,6.2356,922.25,3
941,446.0,0.61207,-0.082679,-0.9373299999999999,3,-59.5,5.7371,923.25,3
942,446.5,0.57689,-0.01378,-0.94873,2,-50.0,6.1451,920.25,3
943,446.75,0.33066,0.078086,-1.0628,3,-59.0,5.2554,924.25,3
944,447.25,0.7645,-0.094162,-0.90312,3,-58.5,5.9902,922.75,3
945,447.5,0.57689,-0.059712,-0.96014,2,-51.0,2.4083,921.25,3
946,447.75,0.2603,0.032152999999999994,-1.0514,2,-50.0,2.6630000000000003,920.75,3
947,448.0,0.24858000000000002,0.05511900000000001,-1.0628,2,-51.0,2.1905,921.75,3
948,448.25,0.22513000000000002,0.020669999999999997,-1.0742,2,-52.0,1.9804,922.25,3
949,448.5,0.63552,-0.082679,-0.85751,3,-59.5,5.6635,923.25,3
950,448.75,0.63552,-0.082679,-0.85751,3,-60.0,1.5999,925.25,3
951,449.0,0.42446000000000006,0.078086,-1.0856,3,-61.0,1.3422,925.75,3
952,449.5,0.34238,0.08956900000000001,-1.0628,3,-59.5,1.8408,924.75,3
953,450.0,0.49481,-0.036746,-0.94873,3,-59.0,5.5039,923.75,3
954,450.25,0.30721,0.066602,-1.0514,2,-50.5,5.9304,920.75,3
955,450.5,0.28376,0.066602,-1.0742,2,-51.0,2.3194,921.75,3
956,450.75,0.35411,0.12402,-1.0286,2,-52.5,2.1138,922.25,3
957,451.0,0.63552,-0.059712,-0.9145200000000001,3,-59.5,1.6475,925.25,3
958,451.25,0.63552,-0.059712,-0.9145200000000001,2,-50.0,6.231,920.25,3
959,451.5,0.28376,0.078086,-1.0514,3,-60.5,1.4343,925.75,3
960,452.0,0.60034,-0.048229,-0.94873,3,-59.5,1.9175,924.75,3
961,452.25,0.35411,0.078086,-1.0286,3,-59.0,2.3976,923.75,3
962,452.5,0.28376,0.078086,-1.0628,2,-51.0,2.5525,921.25,3
963,452.75,0.29548,0.066602,-1.0514,2,-50.5,2.8041,920.75,3
964,453.25,0.68242,-0.059712,-0.90312,3,-59.0,5.7371,923.25,3
965,453.75,0.2603,0.078086,-1.0514,2,-50.0,6.1605,920.25,3
966,454.0,0.29548,0.078086,-1.0514,3,-60.5,1.4021,925.75,3
967,454.25,0.29548,0.078086,-1.0514,3,-59.0,2.1261,924.25,3
968,454.75,0.56517,-0.036746,-0.96014,3,-59.0,5.5346,923.75,3
969,455.0,0.34238,0.066602,-1.04,2,-51.0,2.4789,921.25,3
970,455.25,0.44791000000000003,0.020669999999999997,-0.99434,2,-51.5,2.3086,921.75,3
971,455.75,0.36583000000000004,0.05511900000000001,-1.04,3,-59.0,5.8184,923.25,3
972,456.0,0.36583000000000004,0.05511900000000001,-1.04,2,-50.0,6.1911,920.25,3
973,456.25,0.28376,0.066602,-1.04,2,-50.0,3.0189,920.25,3
974,456.5,0.37756,0.078086,-1.04,3,-59.0,5.2953,924.25,3
975,457.0,0.48308999999999996,-0.0022965999999999998,-0.97154,2,-52.0,1.9006,922.75,3
976,457.25,0.29548,0.066602,-1.0514,3,-59.0,5.5116,923.75,3
977,457.5,0.31893,0.078086,-1.04,2,-50.0,2.7857,920.75,3
978,457.75,0.50654,-0.01378,-0.9829399999999999,2,-51.5,2.2964,921.75,3
979,458.25,0.36583000000000004,0.078086,-1.0286,3,-59.0,5.7156,923.25,3
980,458.5,0.36583000000000004,0.078086,-1.0286,3,-59.5,1.6536,925.25,3
981,458.58,0.36583000000000004,0.078086,-1.0286,2,-49.5,6.185,920.25,3
982,458.75,0.51826,-0.0022965999999999998,-0.96014,3,-60.0,1.3821,925.75,3
983,460.0,0.34238,0.066602,-1.0286,2,-50.5,2.7826,920.75,3
984,460.5,0.29548,0.078086,-1.0514,3,-59.0,5.6834,923.25,3
985,460.75,0.51826,-0.059712,-0.94873,3,-59.5,1.6475,925.25,3
986,461.0,0.51826,-0.059712,-0.94873,2,-50.0,6.1467,920.25,3
987,461.25,0.52999,-0.01378,-0.9829399999999999,3,-60.0,1.3975,925.75,3
988,461.5,0.52999,-0.01378,-0.9829399999999999,3,-59.0,5.3091,924.25,3
989,462.0,0.51826,-0.025263,-0.96014,3,-59.0,5.5147,923.75,3
990,462.25,0.34238,0.05511900000000001,-1.04,2,-51.0,2.5387,921.25,3
991,462.5,0.33066,0.05511900000000001,-1.04,2,-50.0,2.8118,920.75,3
992,462.6,0.69414,-0.10565,-0.9145200000000001,3,-58.5,0.22855999999999999,921.75,3
993,463.0,0.35411,0.05511900000000001,-1.0286,2,-52.0,2.0862,922.25,3
994,463.08,0.35411,0.05511900000000001,-1.0286,3,-59.0,5.6865,923.25,3
995,463.5,0.57689,-0.048229,-0.9145200000000001,2,-50.0,3.0403,920.25,3
