,time,frontal,vertical,lateral,id,rssi,phase,freq,label
0,0.0,0.18995,0.14698,-0.99434,3,-59.5,1.511,925.75,3
1,0.025,0.18995,0.14698,-0.99434,3,-58.0,6.0009,924.25,3
2,0.275,0.18995,0.14698,-0.99434,3,-59.0,0.20861999999999997,922.75,3
3,0.5,0.18995,0.14698,-0.99434,3,-58.5,0.42031,922.75,3
4,0.75,0.18995,0.14698,-0.99434,3,-58.5,5.9334,923.75,3
5,1.0,0.47136000000000006,0.2733,-0.8917200000000001,3,-59.0,4.9824,920.75,3
6,1.05,0.47136000000000006,0.2733,-0.8917200000000001,3,-58.5,4.9486,920.75,3
7,1.5,0.28376,0.36516,-1.0172,3,-58.5,3.7122,922.25,3
8,1.75,0.33066,0.35368,-1.0057,3,-59.0,6.0868,923.25,3
9,2.0,0.33066,0.35368,-1.0057,3,-58.5,5.1542,920.25,3
10,2.5,0.49481,0.26182,-0.90312,3,-58.5,5.3521,924.25,3
11,3.5,0.44791000000000003,0.28478000000000003,-0.9373299999999999,3,-57.5,4.7615,920.75,3
12,3.575,0.44791000000000003,0.28478000000000003,-0.9373299999999999,3,-58.0,4.7308,920.75,3
13,3.6,0.44791000000000003,0.28478000000000003,-0.9373299999999999,3,-58.5,0.8575,921.75,3
14,4.5,0.47136000000000006,0.26182,-0.9373299999999999,3,-58.0,5.1158,920.25,3
15,4.75,0.47136000000000006,0.26182,-0.9373299999999999,3,-60.5,1.2809,925.75,3
16,5.0,0.20168,0.35368,-1.0286,3,-59.0,2.2074,924.25,3
17,5.25,0.20168,0.35368,-1.0172,3,-58.5,0.087437,922.75,3
18,5.75,0.1665,0.35368,-1.0172,3,-58.5,4.671,920.75,3
19,6.0,0.17823,0.38813000000000003,-1.04,3,-58.5,0.79614,921.75,3
20,6.5,0.17823,0.38813000000000003,-1.04,3,-59.0,5.9012,923.25,3
21,7.0,0.34238,0.29627,-0.9373299999999999,3,-58.5,4.9225,920.25,3
22,7.25,0.34238,0.29627,-0.9373299999999999,3,-61.5,1.2272,925.75,3
23,7.5,0.34238,0.29627,-0.97154,3,-60.5,4.9548,924.75,3
24,7.75,0.34238,0.29627,-0.97154,3,-58.5,0.03835,922.75,3
25,8.5,0.42446000000000006,0.26182,-0.9259299999999999,2,-53.0,0.58905,920.75,3
26,8.575,0.42446000000000006,0.26182,-0.9259299999999999,3,-58.5,0.81915,921.75,3
27,8.75,0.23685,0.35368,-1.0057,3,-58.5,0.42031,922.25,3
28,9.25,0.30721,0.29627,-0.97154,3,-60.5,1.534,925.25,3
29,9.5,0.17823,0.37665,-1.0286,3,-61.5,1.2594,925.75,3
30,9.75,0.17823,0.37665,-1.0286,3,-60.0,5.2815,924.25,3
31,10.0,0.17823,0.37665,-1.0286,3,-61.0,4.8504,924.75,3
32,10.25,0.33066,0.30775,-0.97154,3,-59.5,2.3317,923.75,3
33,10.5,0.33066,0.30775,-0.97154,3,-58.5,4.0773,921.25,3
34,10.75,0.33066,0.30775,-0.97154,3,-58.0,4.4685,920.75,3
35,11.0,0.15478,0.36516,-1.04,3,-59.0,0.57831,921.75,3
36,11.25,0.15478,0.36516,-1.04,3,-59.0,0.2485,922.25,3
37,11.5,0.13132,0.37665,-1.0286,3,-59.5,5.8844,923.25,3
38,11.75,0.13132,0.37665,-1.0286,3,-59.0,4.8198,920.25,3
39,12.25,0.2603,0.33071999999999996,-0.9829399999999999,3,-60.0,2.0801,924.25,3
40,12.75,0.15478,0.36516,-1.04,3,-60.0,2.4053,923.75,3
41,13.0,0.18995,0.35368,-1.0057,2,-53.5,0.44485,920.75,3
42,13.25,0.18995,0.35368,-1.0057,3,-59.5,1.3177,920.75,3
43,13.5,0.096148,0.36516,-1.0628,3,-59.0,3.7813,921.75,3
44,13.75,0.096148,0.36516,-1.0628,3,-59.5,0.26998,922.25,3
45,14.5,0.17823,0.37665,-1.0286,3,-62.0,1.172,925.75,3
46,15.5,0.45963999999999994,0.22737,-0.9259299999999999,3,-58.5,4.5360000000000005,920.75,3
47,15.75,0.45963999999999994,0.22737,-0.9259299999999999,2,-53.5,6.0945,921.75,3
48,16.0,0.31893,0.28478000000000003,-0.9829399999999999,3,-59.0,0.30373,922.25,3
49,16.5,0.096148,0.36516,-1.0286,3,-61.5,1.4788,925.25,3
50,16.75,0.096148,0.36516,-1.0286,3,-59.0,4.8474,920.25,3
51,17.5,0.41273000000000004,0.25033,-0.9259299999999999,3,-59.5,0.042950999999999996,922.75,3
52,17.575,0.41273000000000004,0.25033,-0.9259299999999999,3,-60.0,5.6098,923.75,3
53,17.75,0.41273000000000004,0.25033,-0.9259299999999999,3,-59.5,2.4835,923.75,3
54,18.25,0.20168,0.36516,-1.0286,3,-58.5,4.5897,920.75,3
55,18.5,0.35411,0.2733,-0.96014,3,-59.5,0.36202,922.25,3
56,18.75,0.35411,0.2733,-0.96014,3,-61.0,1.5309,925.25,3
57,19.25,0.50654,0.2044,-0.9259299999999999,3,-61.5,1.2318,925.75,3
58,19.75,0.50654,0.2044,-0.9259299999999999,3,-60.5,1.7717,924.75,3
59,20.0,0.30721,0.28478000000000003,-0.9829399999999999,3,-60.0,5.5377,923.75,3
60,20.25,0.15478,0.35368,-1.04,3,-58.5,4.154,921.25,3
61,20.75,0.47136000000000006,0.2044,-0.9145200000000001,3,-59.0,0.69029,921.75,3
62,21.0,0.47136000000000006,0.2044,-0.9145200000000001,3,-59.0,0.31293000000000004,922.25,3
63,21.25,0.40101,0.23885,-0.94873,3,-61.0,4.6955,925.25,3
64,22.25,0.20168,0.3422,-1.0286,3,-60.5,1.8239,924.75,3
65,22.5,0.20168,0.3422,-1.0286,3,-59.5,6.2586,922.75,3
66,23.5,0.22513000000000002,0.33071999999999996,-1.0172,3,-59.0,6.0025,923.25,3
67,23.75,0.22513000000000002,0.33071999999999996,-1.0172,3,-60.5,4.6955,925.25,3
68,24.0,0.22513000000000002,0.33071999999999996,-1.0172,3,-59.0,5.0345,920.25,3
69,24.5,0.2603,0.30775,-1.0057,3,-60.0,5.2738,924.25,3
70,24.575,0.2603,0.30775,-1.0057,3,-60.0,1.8515,924.75,3
71,24.75,0.2603,0.30775,-1.0057,3,-59.0,0.084369,922.75,3
72,25.0,0.2603,0.30775,-1.0057,3,-60.0,2.4513,923.75,3
73,25.075,0.2603,0.30775,-1.0057,3,-59.0,4.2154,921.25,3
74,25.25,0.24858000000000002,0.35368,-1.0286,3,-58.5,4.7078,920.75,3
75,25.5,0.24858000000000002,0.35368,-1.0286,3,-59.0,0.81148,921.75,3
76,26.5,0.23685,0.3422,-1.0286,3,-61.0,1.3192,925.75,3
77,26.75,0.23685,0.3422,-1.0286,3,-59.5,2.2457,924.25,3
78,27.0,0.23685,0.3422,-1.0286,3,-59.5,1.9067,924.75,3
79,27.075,0.23685,0.3422,-1.0286,3,-60.0,5.033,924.75,3
80,27.25,0.14305,0.35368,-1.0286,3,-59.5,5.6558,923.75,3
81,27.75,0.22513000000000002,0.3422,-1.0172,3,-58.0,4.4117,921.25,3
82,28.0,0.22513000000000002,0.3422,-1.0172,3,-59.5,0.7378399999999999,921.75,3
83,28.25,0.22513000000000002,0.3422,-1.0172,3,-59.0,0.4648,922.25,3
84,28.5,0.35411,0.26182,-0.96014,3,-59.0,6.0193,923.25,3
85,28.75,0.35411,0.26182,-0.96014,3,-60.5,1.5953,925.25,3
86,28.825,0.35411,0.26182,-0.96014,3,-58.5,5.0897,920.25,3
87,29.25,0.22513000000000002,0.33071999999999996,-1.0057,3,-59.5,2.2304,924.25,3
88,29.5,0.22513000000000002,0.33071999999999996,-1.0057,3,-60.5,5.0514,924.75,3
89,29.575,0.22513000000000002,0.33071999999999996,-1.0057,3,-59.5,0.19328,922.75,3
90,30.0,0.1196,0.36516,-1.04,3,-58.5,4.4378,921.25,3
91,30.25,0.42446000000000006,0.22737,-0.9259299999999999,3,-58.5,4.7845,920.75,3
92,30.75,0.20168,0.33071999999999996,-1.0286,3,-59.5,0.51235,922.25,3
93,31.5,0.24858000000000002,0.33071999999999996,-1.0057,3,-62.0,1.2655,925.75,3
94,32.0,0.24858000000000002,0.33071999999999996,-1.0057,3,-59.5,1.9129,924.75,3
95,32.25,0.14305,0.35368,-1.0514,3,-59.0,5.7141,923.75,3
96,32.75,0.36583000000000004,0.22737,-0.96014,3,-58.5,4.8305,920.75,3
97,32.825,0.36583000000000004,0.22737,-0.96014,3,-59.0,0.95414,921.75,3
98,33.0,0.36583000000000004,0.22737,-0.96014,3,-58.5,3.7276,922.25,3
99,33.25,0.20168,0.33071999999999996,-1.0172,3,-59.0,6.0899,923.25,3
100,33.5,0.20168,0.33071999999999996,-1.0172,3,-60.5,1.5999,925.25,3
101,33.75,0.22513000000000002,0.33071999999999996,-1.0172,3,-61.5,1.2977,925.75,3
102,34.0,0.22513000000000002,0.33071999999999996,-1.0172,3,-60.0,5.3244,924.25,3
103,34.5,0.23685,0.33071999999999996,-1.0172,3,-59.0,5.6865,923.75,3
104,35.0,0.29548,0.28478000000000003,-0.99434,3,-59.0,4.3488,921.25,3
105,35.075,0.29548,0.28478000000000003,-0.99434,3,-59.0,4.6863,920.75,3
106,35.25,0.29548,0.28478000000000003,-0.99434,3,-59.0,4.0374,921.75,3
107,35.5,0.10787000000000001,0.35368,-1.0628,3,-58.5,0.55684,922.25,3
108,36.0,0.13132,0.35368,-1.04,3,-61.0,1.6122,925.25,3
109,36.25,0.13132,0.35368,-1.04,3,-59.0,4.9364,920.25,3
110,36.5,0.47136000000000006,0.21588000000000002,-0.9259299999999999,3,-60.0,2.2043,924.25,3
111,37.5,0.13132,0.35368,-1.0514,3,-59.5,4.6418,920.75,3
112,37.75,0.13132,0.35368,-1.0514,3,-59.0,0.7531800000000001,921.75,3
113,38.0,0.43618999999999997,0.21588000000000002,-0.9259299999999999,3,-59.0,0.5230899999999999,922.25,3
114,38.25,0.43618999999999997,0.21588000000000002,-0.9259299999999999,3,-59.5,6.0377,923.25,3
115,38.75,0.17823,0.36516,-1.04,3,-61.5,1.3254,925.75,3
116,39.0,0.17823,0.36516,-1.04,3,-61.0,5.2861,924.25,3
117,39.25,0.29548,0.28478000000000003,-0.9829399999999999,3,-59.0,0.11812,922.75,3
118,39.5,0.29548,0.28478000000000003,-0.9829399999999999,3,-59.5,5.6957,923.75,3
119,39.75,0.29548,0.28478000000000003,-0.9829399999999999,3,-58.5,4.4148,921.25,3
120,40.0,0.1665,0.3422,-1.0514,3,-58.0,4.7262,920.75,3
121,40.075,0.1665,0.3422,-1.0514,3,-58.5,0.8713,921.75,3
122,40.25,0.1665,0.35368,-1.0286,3,-59.0,3.6693,922.25,3
123,40.5,0.1665,0.35368,-1.0286,3,-59.0,6.0485,923.25,3
124,41.0,0.43618999999999997,0.21588000000000002,-0.9259299999999999,3,-59.5,5.0974,920.25,3
125,41.25,0.43618999999999997,0.21588000000000002,-0.9259299999999999,3,-61.5,1.2778,925.75,3
126,41.75,0.20168,0.3422,-1.0286,3,-60.0,1.8623,924.75,3
127,42.5,0.2603,0.30775,-1.0172,3,-59.0,0.8452200000000001,921.75,3
128,42.775,0.2603,0.30775,-1.0172,3,-58.5,0.48933999999999994,922.25,3
129,43.0,0.1665,0.35368,-1.04,3,-59.0,5.9963,923.25,3
130,43.5,0.40101,0.21588000000000002,-0.96014,3,-58.5,5.0514,920.25,3
131,44.0,0.43618999999999997,0.21588000000000002,-0.94873,3,-60.0,1.85,924.75,3
132,44.25,0.43618999999999997,0.21588000000000002,-0.94873,3,-59.5,0.033748,922.75,3
133,44.5,0.27203,0.28478000000000003,-0.99434,3,-58.5,4.3519,921.25,3
134,45.0,0.37756,0.23885,-0.96014,3,-58.0,4.0574,921.75,3
135,45.25,0.14305,0.3422,-1.0514,3,-59.0,0.5261600000000001,922.25,3
136,45.325,0.14305,0.3422,-1.0514,3,-59.5,6.0424,923.25,3
137,45.5,0.14305,0.3422,-1.0514,3,-59.5,6.0454,923.25,3
138,46.0,0.10787000000000001,0.3422,-1.0628,3,-59.0,5.1143,920.25,3
139,46.75,0.30721,0.28478000000000003,-0.9829399999999999,3,-59.5,5.6941,923.75,3
140,47.25,0.13132,0.3422,-1.0514,3,-58.5,4.7369,920.75,3
141,47.5,0.31893,0.2733,-0.97154,3,-59.0,0.48627,922.25,3
142,47.75,0.14305,0.3422,-1.04,3,-59.0,6.0209,923.25,3
143,48.25,0.28376,0.30775,-0.9829399999999999,3,-61.5,4.4194,925.75,3
144,48.75,0.28376,0.30775,-0.9829399999999999,3,-59.5,2.2227,924.25,3
145,48.825,0.28376,0.30775,-0.9829399999999999,3,-60.0,1.9083,924.75,3
146,49.0,0.28376,0.30775,-0.9829399999999999,3,-60.5,5.0606,924.75,3
147,49.075,0.28376,0.30775,-0.9829399999999999,3,-59.0,0.17027,922.75,3
148,49.5,0.43618999999999997,0.2044,-0.9373299999999999,3,-58.5,4.4071,921.25,3
149,49.75,0.27203,0.29627,-0.9829399999999999,3,-59.0,0.87284,921.75,3
150,50.0,0.27203,0.29627,-0.9829399999999999,3,-58.5,0.8927799999999999,921.75,3
151,50.075,0.27203,0.29627,-0.9829399999999999,3,-58.5,0.50775,922.25,3
152,50.5,0.2603,0.33071999999999996,-0.99434,3,-60.5,1.5693,925.25,3
153,50.75,0.2603,0.33071999999999996,-0.99434,3,-58.5,5.0529,920.25,3
154,51.0,0.30721,0.2733,-0.97154,3,-59.5,5.3521,924.25,3
155,51.25,0.30721,0.2733,-0.97154,3,-60.0,1.9083,924.75,3
156,51.75,0.13132,0.3422,-1.0514,3,-59.5,5.6788,923.75,3
157,52.0,0.24858000000000002,0.28478000000000003,-0.99434,3,-58.5,4.8029,920.75,3
158,52.5,0.34238,0.21588000000000002,-0.9829399999999999,3,-58.5,0.59365,922.25,3
159,52.575,0.34238,0.21588000000000002,-0.9829399999999999,3,-58.5,0.60592,922.25,3
160,52.75,0.34238,0.21588000000000002,-0.9829399999999999,3,-59.0,6.1482,923.25,3
161,53.25,0.084423,0.31923,-1.0514,3,-58.5,5.2094,920.25,3
162,53.5,0.1665,0.29627,-1.04,3,-59.5,5.395,924.25,3
163,54.25,0.35411,0.22737,-0.96014,3,-59.0,5.7524,923.75,3
164,54.5,0.47136000000000006,0.15847,-0.9259299999999999,3,-59.0,4.8305,920.75,3
165,54.75,0.47136000000000006,0.15847,-0.9259299999999999,3,-58.5,4.8136,920.75,3
166,54.85,0.47136000000000006,0.15847,-0.9259299999999999,3,-58.0,4.1157,921.75,3
167,55.0,0.13132,0.33071999999999996,-1.0628,3,-59.0,6.1221,923.25,3
168,55.5,0.20168,0.31923,-1.0286,3,-60.5,4.7876,925.25,3
169,55.575,0.20168,0.31923,-1.0286,3,-59.0,5.0637,920.25,3
170,56.0,0.20168,0.31923,-1.0286,3,-60.0,2.2611,924.25,3
171,56.25,0.27203,0.29627,-1.0057,3,-60.0,0.07209700000000001,922.75,3
172,56.5,0.27203,0.29627,-1.0057,3,-60.0,5.6512,923.75,3
173,56.75,0.22513000000000002,0.30775,-1.04,3,-58.0,4.4961,921.25,3
174,57.25,0.20168,0.30775,-1.0172,3,-58.0,0.94647,921.75,3
175,57.5,0.13132,0.33071999999999996,-1.0628,3,-59.0,6.0316,923.25,3
176,57.775,0.13132,0.33071999999999996,-1.0628,3,-59.0,6.0577,923.25,3
177,58.0,0.13132,0.33071999999999996,-1.0628,2,-53.0,4.3534,920.25,3
178,58.5,0.2603,0.30775,-1.0172,3,-59.5,1.8853,924.75,3
179,58.75,0.2603,0.30775,-1.0172,3,-59.0,0.11965,922.75,3
180,59.0,0.45963999999999994,0.22737,-0.9373299999999999,3,-58.5,5.6803,923.75,3
181,59.25,0.45963999999999994,0.22737,-0.9373299999999999,3,-58.0,4.4608,921.25,3
182,59.325,0.45963999999999994,0.22737,-0.9373299999999999,3,-58.0,4.47,921.25,3
183,59.5,0.45963999999999994,0.22737,-0.9373299999999999,3,-58.0,4.8274,920.75,3
184,59.575,0.45963999999999994,0.22737,-0.9373299999999999,3,-57.5,4.1065,921.75,3
185,59.75,0.18995,0.33071999999999996,-1.04,3,-58.5,0.56911,922.25,3
186,60.0,0.18995,0.33071999999999996,-1.04,2,-53.5,5.1987,923.25,3
187,60.05,0.18995,0.33071999999999996,-1.04,3,-58.5,6.096,923.25,3
188,60.25,0.28376,0.28478000000000003,-0.99434,3,-58.5,5.2171,920.25,3
189,60.5,0.28376,0.28478000000000003,-0.99434,3,-58.5,5.2048,920.25,3
190,60.75,0.28376,0.28478000000000003,-0.99434,3,-59.0,2.2457,924.25,3
191,61.0,0.28376,0.28478000000000003,-0.99434,3,-59.5,5.3444,924.25,3
192,61.075,0.28376,0.28478000000000003,-0.99434,3,-60.0,5.0253,924.75,3
193,61.25,0.28376,0.28478000000000003,-0.99434,3,-58.5,0.14265999999999998,922.75,3
194,61.5,0.42446000000000006,0.22737,-0.94873,3,-59.0,5.6834,923.75,3
195,61.75,0.42446000000000006,0.22737,-0.94873,3,-58.0,4.4577,921.25,3
196,62.0,0.22513000000000002,0.33071999999999996,-1.0286,3,-58.0,4.1111,921.75,3
197,62.25,0.22513000000000002,0.33071999999999996,-1.0286,3,-58.5,0.59825,922.25,3
198,62.5,0.22513000000000002,0.33071999999999996,-1.0286,3,-58.5,6.1052,923.25,3
199,62.75,0.40101,0.23885,-0.96014,3,-58.5,5.2355,920.25,3
200,63.0,0.40101,0.23885,-0.96014,3,-60.5,1.3238,925.75,3
201,63.25,0.40101,0.23885,-0.96014,3,-59.0,5.3919,924.25,3
202,63.5,0.40101,0.23885,-0.96014,3,-59.5,1.939,924.75,3
203,63.75,0.14305,0.33071999999999996,-1.0514,3,-58.5,0.24236999999999997,922.75,3
204,63.825,0.14305,0.33071999999999996,-1.0514,3,-59.0,5.7448,923.75,3
205,64.0,0.14305,0.33071999999999996,-1.0514,3,-58.5,1.376,921.25,3
206,64.25,0.14305,0.33071999999999996,-1.0514,3,-58.0,4.5437,921.25,3
207,64.5,0.2134,0.33071999999999996,-1.0286,3,-58.5,1.0048,921.75,3
208,64.75,0.34238,0.26182,-0.97154,3,-59.0,6.1022,923.25,3
209,65.0,0.34238,0.26182,-0.97154,3,-59.0,6.1068,923.25,3
210,65.25,0.29548,0.28478000000000003,-1.0057,3,-58.5,5.2033,920.25,3
211,65.5,0.29548,0.28478000000000003,-1.0057,3,-61.0,1.3361,925.75,3
212,66.25,0.47136000000000006,0.2044,-0.9373299999999999,3,-58.5,0.2255,922.75,3
213,66.5,0.15478,0.33071999999999996,-1.04,3,-58.0,4.5605,921.25,3
214,66.75,0.43618999999999997,0.2044,-0.9373299999999999,2,-53.0,0.064427,921.75,3
215,67.25,0.35411,0.23885,-0.96014,3,-58.0,3.8012,922.25,3
216,67.325,0.35411,0.23885,-0.96014,3,-58.5,6.1497,923.25,3
217,68.0,0.35411,0.25033,-0.96014,3,-61.0,1.3346,925.75,3
218,69.0,0.2134,0.30775,-1.04,3,-58.0,4.5467,921.25,3
219,69.075,0.2134,0.30775,-1.04,3,-58.0,4.9011,920.75,3
220,69.5,0.20168,0.31923,-1.04,3,-58.0,4.1847,921.75,3
221,69.575,0.20168,0.31923,-1.04,3,-58.0,0.67495,922.25,3
222,69.625,0.20168,0.31923,-1.04,3,-58.5,0.67188,922.25,3
223,69.75,0.20168,0.31923,-1.04,3,-58.5,6.1528,923.25,3
224,70.0,0.20168,0.31923,-1.04,3,-60.0,1.6352,925.25,3
225,70.5,0.31893,0.25033,-0.97154,3,-59.0,5.3751,924.25,3
226,70.75,0.31893,0.25033,-0.97154,3,-60.0,1.9374,924.75,3
227,71.0,0.31893,0.25033,-0.97154,3,-59.0,0.21629,922.75,3
228,71.25,0.37756,0.25033,-0.96014,3,-59.0,5.6635,923.75,3
229,71.325,0.37756,0.25033,-0.96014,3,-58.0,4.4179,921.25,3
230,72.0,0.37756,0.23885,-0.96014,3,-58.5,0.63047,922.25,3
231,72.5,0.44791000000000003,0.21588000000000002,-0.9373299999999999,3,-60.0,4.7001,925.25,3
232,72.575,0.44791000000000003,0.21588000000000002,-0.9373299999999999,3,-58.5,5.2094,920.25,3
233,73.0,0.14305,0.33071999999999996,-1.0514,3,-59.0,5.4502,924.25,3
234,73.25,0.14305,0.33071999999999996,-1.0514,3,-59.0,0.17794000000000001,922.75,3
235,74.0,0.27203,0.30775,-1.0286,3,-58.5,1.6306,920.75,3
236,74.25,0.38928,0.25033,-0.96014,3,-59.0,0.9065799999999999,921.75,3
237,74.5,0.38928,0.25033,-0.94873,3,-59.0,6.1022,923.25,3
238,75.0,0.36583000000000004,0.22737,-0.96014,3,-58.5,5.1956,920.25,3
239,75.075,0.36583000000000004,0.22737,-0.96014,3,-58.5,5.1971,920.25,3
240,75.5,0.36583000000000004,0.22737,-0.96014,3,-59.5,2.2427,924.25,3
241,75.75,0.35411,0.25033,-0.97154,2,-53.5,5.5591,922.75,3
242,76.0,0.35411,0.25033,-0.97154,3,-59.0,5.7049,923.75,3
243,76.075,0.35411,0.25033,-0.97154,3,-59.0,2.5786,923.75,3
244,76.75,0.29548,0.30775,-1.0172,3,-58.5,0.5322899999999999,922.25,3
245,77.0,0.18995,0.3422,-1.0286,3,-59.0,6.0408,923.25,3
246,77.25,0.18995,0.3422,-1.0286,3,-60.0,1.6291,925.25,3
247,78.0,0.42446000000000006,0.21588000000000002,-0.94873,3,-59.5,5.102,924.75,3
248,78.75,0.2134,0.33071999999999996,-1.0286,3,-58.0,4.4777,921.25,3
249,79.25,0.20168,0.3422,-1.04,3,-59.0,0.49701000000000006,922.25,3
250,79.5,0.2603,0.31923,-1.0286,3,-60.0,6.0868,923.25,3
251,80.0,0.15478,0.33071999999999996,-1.0514,3,-58.5,5.1204,920.25,3
252,80.25,0.15478,0.33071999999999996,-1.0514,3,-59.0,5.3674,924.25,3
253,80.5,0.1665,0.3422,-1.0514,3,-60.0,4.9931,924.75,3
254,80.75,0.1665,0.3422,-1.0514,3,-58.5,0.16107,922.75,3
255,81.0,0.1665,0.3422,-1.0514,3,-58.5,5.6404,923.75,3
256,81.25,0.22513000000000002,0.3422,-1.04,3,-58.0,4.855,920.75,3
257,82.0,0.48308999999999996,0.19292,-0.9373299999999999,3,-59.0,6.1068,923.25,3
258,82.5,0.15478,0.3422,-1.04,3,-60.5,1.3392,925.75,3
259,83.0,0.56517,0.16995,-0.90312,3,-59.5,5.1066,924.75,3
260,83.075,0.56517,0.16995,-0.90312,3,-59.0,0.19482,922.75,3
261,83.25,0.56517,0.16995,-0.90312,3,-59.0,5.754,923.75,3
262,83.5,0.56517,0.16995,-0.90312,3,-58.5,5.7524,923.75,3
263,84.0,0.17823,0.35368,-1.04,3,-58.5,4.154,921.75,3
264,84.25,0.17823,0.35368,-1.04,3,-58.0,0.6642100000000001,922.25,3
265,84.75,0.13132,0.35368,-1.04,3,-59.5,5.1526,920.25,3
266,85.0,0.13132,0.35368,-1.04,3,-61.5,1.7012,925.75,3
267,85.25,0.13132,0.35368,-1.04,3,-64.5,5.9764,924.75,3
268,88.75,0.56517,0.9048700000000001,-0.013684,1,-68.5,3.6371,920.75,1
269,89.0,0.45963999999999994,0.84746,-0.24174,1,-65.0,0.58905,921.75,1
270,89.5,0.2134,1.169,-0.09350499999999999,2,-68.0,1.3775,920.25,1
271,90.5,0.7645,0.77856,0.077541,1,-68.0,1.6429,922.75,4
272,94.25,0.2603,0.95081,-0.025087,1,-60.0,5.957999999999999,923.25,2
273,212.75,0.38928,0.37665,-0.9373299999999999,3,-59.5,3.7030000000000003,921.75,3
274,213.0,0.38928,0.37665,-0.9373299999999999,2,-51.5,6.1574,921.75,3
275,213.08,0.38928,0.37665,-0.9373299999999999,3,-60.0,0.32214,922.25,3
276,213.5,0.29548,0.39960999999999997,-0.96014,3,-63.0,1.2533,925.25,3
277,214.0,0.44791000000000003,0.37665,-0.90312,3,-61.5,1.9788,924.25,3
278,214.5,0.37756,0.4111,-0.96014,3,-60.0,0.021476,922.75,3
279,214.75,0.37756,0.4111,-0.96014,3,-60.0,0.018408,922.75,3
280,214.83,0.37756,0.4111,-0.96014,3,-60.5,5.5116,923.75,3
281,215.0,0.37756,0.4111,-0.96014,3,-59.5,4.3657,921.25,3
282,215.25,0.28376,0.42258,-0.97154,3,-59.5,4.7231,920.75,3
283,215.33,0.28376,0.42258,-0.97154,3,-59.5,0.78847,921.75,3
284,215.5,0.28376,0.42258,-0.97154,3,-59.5,0.3881,922.25,3
285,215.75,0.27203,0.42258,-0.9829399999999999,3,-59.5,5.8767,923.25,3
286,216.75,0.54171,0.30775,-0.8689100000000001,2,-54.0,1.3054,924.75,3
287,217.0,0.54171,0.30775,-0.8689100000000001,2,-51.5,5.7417,922.75,3
288,217.08,0.2603,0.42258,-0.9829399999999999,2,-51.5,5.7018,922.75,3
289,217.13,0.2603,0.42258,-0.9829399999999999,3,-60.0,5.5392,923.75,3
290,217.25,0.2603,0.42258,-0.9829399999999999,3,-60.0,5.5147,923.75,3
291,217.5,0.62379,0.30775,-0.8461,3,-59.5,4.7691,920.75,3
292,218.0,0.28376,0.43406000000000006,-0.97154,2,-51.5,6.0516,922.25,3
293,218.08,0.28376,0.43406000000000006,-0.97154,3,-59.5,0.45866,922.25,3
294,218.25,0.33066,0.43406000000000006,-0.97154,3,-62.0,1.2824,925.25,3
295,218.5,0.33066,0.43406000000000006,-0.97154,3,-60.5,5.1235,920.25,3
296,218.75,0.33066,0.43406000000000006,-0.97154,3,-62.5,0.9970899999999999,925.75,3
297,219.0,0.24858000000000002,0.42258,-0.99434,3,-60.0,2.0448,924.25,3
298,219.5,0.27203,0.42258,-0.9829399999999999,3,-59.0,0.15033,922.75,3
299,219.58,0.27203,0.42258,-0.9829399999999999,3,-60.0,5.5699,923.75,3
300,219.75,0.27203,0.42258,-0.9829399999999999,3,-59.5,5.5699,923.75,3
301,220.0,0.23685,0.43406000000000006,-0.9829399999999999,3,-59.5,4.7814,920.75,3
302,220.5,0.38928,0.38813000000000003,-0.94873,3,-59.0,0.44638999999999995,922.25,3
303,220.58,0.38928,0.38813000000000003,-0.94873,2,-52.0,2.1384,923.25,3
304,220.6,0.38928,0.38813000000000003,-0.94873,3,-59.5,5.8767,923.25,3
305,221.0,0.27203,0.42258,-0.9829399999999999,3,-61.5,1.2931,925.25,3
306,221.25,0.27203,0.42258,-0.9829399999999999,2,-55.5,0.6995,925.75,3
307,221.5,0.42446000000000006,0.37665,-0.9145200000000001,3,-60.0,2.0218,924.25,3
308,221.75,0.42446000000000006,0.37665,-0.9145200000000001,3,-61.0,4.8228,924.75,3
309,222.0,0.35411,0.39960999999999997,-0.94873,3,-59.5,0.11965,922.75,3
310,222.08,0.35411,0.39960999999999997,-0.94873,3,-60.0,5.5637,923.75,3
311,222.25,0.24858000000000002,0.43406000000000006,-0.9829399999999999,3,-59.5,4.513,921.25,3
312,222.5,0.24858000000000002,0.43406000000000006,-0.9829399999999999,3,-60.0,4.8627,920.75,3
313,223.25,0.27203,0.44555,-0.97154,3,-61.5,1.3591,925.25,3
314,224.0,0.29548,0.44555,-0.9829399999999999,3,-60.5,2.0632,924.25,3
315,224.25,0.29548,0.44555,-0.9829399999999999,3,-61.5,1.6782,924.75,3
316,224.6,0.48308999999999996,0.35368,-0.8917200000000001,3,-59.5,4.2399,921.25,3
317,224.75,0.23685,0.43406000000000006,-0.97154,2,-50.5,1.06,920.75,3
318,225.0,0.23685,0.43406000000000006,-0.97154,3,-59.5,4.5329,920.75,3
319,225.25,0.23685,0.42258,-0.99434,3,-59.5,0.38043000000000005,922.25,3
320,225.5,0.23685,0.42258,-0.99434,2,-51.0,2.1583,923.25,3
321,225.75,0.45963999999999994,0.3422,-0.8917200000000001,3,-62.0,4.5421,925.25,3
322,226.0,0.45963999999999994,0.3422,-0.8917200000000001,3,-60.5,5.1051,920.25,3
323,226.25,0.45963999999999994,0.3422,-0.8917200000000001,3,-62.5,0.99249,925.75,3
324,226.33,0.45963999999999994,0.3422,-0.8917200000000001,3,-60.5,5.1097,924.25,3
325,226.75,0.36583000000000004,0.4111,-0.94873,3,-60.0,6.2464,922.75,3
326,226.83,0.36583000000000004,0.4111,-0.94873,3,-60.0,6.2356,922.75,3
327,227.0,0.36583000000000004,0.4111,-0.94873,3,-60.0,2.3040000000000003,923.75,3
328,227.25,0.24858000000000002,0.43406000000000006,-0.9829399999999999,2,-50.5,0.53076,921.25,3
329,227.33,0.24858000000000002,0.43406000000000006,-0.9829399999999999,3,-59.5,4.2875,921.25,3
330,227.5,0.2603,0.42258,-0.9829399999999999,2,-50.5,0.07209700000000001,921.75,3
331,227.58,0.2603,0.42258,-0.9829399999999999,3,-59.5,3.8948,921.75,3
332,227.75,0.24858000000000002,0.42258,-0.97154,2,-51.5,5.2048,923.25,3
333,228.0,0.23685,0.42258,-1.0057,2,-51.5,2.0678,923.25,3
334,228.25,0.23685,0.42258,-1.0057,3,-61.0,5.0851,920.25,3
335,228.75,0.36583000000000004,0.38813000000000003,-0.94873,3,-60.0,2.0923,924.25,3
336,228.83,0.36583000000000004,0.38813000000000003,-0.94873,3,-60.5,5.2585,924.25,3
337,229.5,0.50654,0.31923,-0.90312,2,-51.0,0.66882,921.25,3
338,229.75,0.22513000000000002,0.42258,-1.0172,3,-60.5,4.7492,920.75,3
339,230.0,0.22513000000000002,0.42258,-1.0172,2,-51.0,0.29452,921.75,3
340,230.08,0.22513000000000002,0.42258,-1.0172,3,-59.5,4.1003,921.75,3
341,230.5,0.31893,0.4111,-0.97154,3,-60.0,5.9733,923.25,3
342,230.58,0.31893,0.4111,-0.97154,3,-62.0,4.5038,925.25,3
343,231.0,0.30721,0.42258,-0.9829399999999999,3,-63.0,0.98021,925.75,3
344,231.75,0.24858000000000002,0.42258,-0.99434,2,-51.5,1.9267,923.75,3
345,232.0,0.22513000000000002,0.42258,-1.0057,2,-50.5,0.8927799999999999,921.25,3
346,232.08,0.22513000000000002,0.42258,-1.0057,3,-60.0,4.4363,921.25,3
347,232.13,0.22513000000000002,0.42258,-1.0057,3,-60.0,4.7523,920.75,3
348,232.5,0.2603,0.42258,-0.9829399999999999,3,-59.5,4.1003,921.75,3
349,232.75,0.2603,0.42258,-0.9829399999999999,2,-51.0,2.1767,923.25,3
350,233.25,0.37756,0.38813000000000003,-0.94873,3,-59.5,5.0959,920.25,3
351,233.5,0.37756,0.38813000000000003,-0.94873,3,-61.5,0.9203899999999999,925.75,3
352,233.75,0.60034,0.29627,-0.8689100000000001,3,-60.0,1.6199,924.75,3
353,234.0,0.60034,0.29627,-0.8689100000000001,3,-59.0,0.026077999999999997,922.75,3
354,234.25,0.22513000000000002,0.42258,-1.0057,3,-59.0,2.37,923.75,3
355,234.33,0.22513000000000002,0.42258,-1.0057,2,-51.5,1.9543,923.75,3
356,234.5,0.24858000000000002,0.42258,-0.99434,2,-51.0,0.88971,921.25,3
357,234.58,0.24858000000000002,0.42258,-0.99434,3,-58.5,4.4056,921.25,3
358,234.75,0.24858000000000002,0.42258,-0.99434,3,-59.0,4.7369,920.75,3
359,235.0,0.44791000000000003,0.35368,-0.9145200000000001,3,-58.5,3.9761,921.75,3
360,235.08,0.44791000000000003,0.35368,-0.9145200000000001,3,-59.0,0.40037,922.25,3
361,235.25,0.44791000000000003,0.35368,-0.9145200000000001,2,-51.0,5.372000000000001,923.25,3
362,235.33,0.44791000000000003,0.35368,-0.9145200000000001,3,-58.5,5.8291,923.25,3
363,235.75,0.40101,0.36516,-0.94873,2,-51.0,4.7691,920.25,3
364,236.25,0.30721,0.42258,-0.9829399999999999,3,-60.5,1.7426,924.75,3
365,236.5,0.30721,0.42258,-0.9829399999999999,3,-59.5,0.18561,922.75,3
366,236.75,0.28376,0.42258,-0.97154,2,-50.5,0.8820399999999999,921.25,3
367,236.83,0.28376,0.42258,-0.97154,3,-60.0,4.47,921.25,3
368,237.0,0.28376,0.42258,-0.97154,3,-60.0,4.7538,920.75,3
369,237.25,0.47136000000000006,0.35368,-0.90312,3,-59.5,4.0175,921.75,3
370,237.5,0.29548,0.42258,-0.9829399999999999,3,-60.0,0.48933999999999994,922.25,3
371,237.75,0.29548,0.42258,-0.9829399999999999,2,-51.0,2.301,923.25,3
372,237.83,0.29548,0.42258,-0.9829399999999999,3,-59.5,5.938,923.25,3
373,238.0,0.24858000000000002,0.42258,-0.9829399999999999,2,-51.5,4.8781,920.25,3
374,238.1,0.24858000000000002,0.42258,-0.9829399999999999,3,-60.0,5.1465,920.25,3
375,238.25,0.24858000000000002,0.42258,-0.9829399999999999,3,-62.0,1.0170000000000001,925.75,3
376,238.75,0.40101,0.37665,-0.9373299999999999,3,-59.0,0.041417,922.75,3
377,239.25,0.28376,0.42258,-0.99434,2,-51.5,1.9313,923.75,3
378,239.33,0.28376,0.42258,-0.99434,3,-59.5,5.5239,923.75,3
379,239.38,0.28376,0.42258,-0.99434,2,-50.5,0.91732,921.25,3
380,239.5,0.34238,0.4111,-0.97154,2,-51.0,1.33,920.75,3
381,239.75,0.27203,0.42258,-0.99434,3,-59.5,3.7199,922.25,3
382,240.0,0.31893,0.42258,-0.97154,3,-59.5,5.9749,923.25,3
383,240.5,0.63552,0.2733,-0.85751,2,-51.5,4.8336,920.25,3
384,240.6,0.63552,0.2733,-0.85751,3,-60.5,5.0621,920.25,3
385,241.0,0.30721,0.42258,-0.97154,3,-60.5,5.0514,924.25,3
386,241.25,0.30721,0.42258,-0.97154,3,-61.0,4.7109,924.75,3
387,241.5,0.38928,0.37665,-0.9373299999999999,3,-59.5,5.4533,923.75,3
388,242.25,0.30721,0.4111,-0.9829399999999999,2,-50.5,0.53843,921.75,3
389,242.33,0.30721,0.4111,-0.9829399999999999,3,-59.0,4.0221,921.75,3
390,242.38,0.30721,0.4111,-0.9829399999999999,3,-59.0,3.6095,922.25,3
391,242.5,0.23685,0.43406000000000006,-0.99434,3,-59.0,5.8797,923.25,3
392,243.0,0.30721,0.42258,-0.9829399999999999,3,-60.0,5.0483,920.25,3
393,243.5,0.27203,0.42258,-0.9829399999999999,3,-60.5,1.5923,924.75,3
394,243.75,0.43618999999999997,0.35368,-0.9145200000000001,3,-59.5,6.185,922.75,3
395,244.0,0.43618999999999997,0.35368,-0.9145200000000001,3,-60.0,5.3873,923.75,3
396,244.08,0.43618999999999997,0.35368,-0.9145200000000001,2,-52.0,1.8715,923.75,3
397,244.25,0.28376,0.42258,-0.97154,3,-59.0,4.2936,921.25,3
398,244.33,0.28376,0.42258,-0.97154,3,-60.0,4.6955,920.75,3
399,244.75,0.40101,0.36516,-0.94873,3,-59.5,0.4832,922.25,3
400,245.0,0.40101,0.36516,-0.94873,3,-60.0,5.9841,923.25,3
401,245.08,0.40101,0.36516,-0.94873,3,-61.5,1.3867,925.25,3
402,245.25,0.40101,0.36516,-0.94873,3,-61.5,1.3668,925.25,3
403,245.75,0.60034,0.2733,-0.8689100000000001,3,-60.5,1.9942,924.25,3
404,246.75,0.44791000000000003,0.36516,-0.9145200000000001,2,-51.5,1.2747,920.75,3
405,247.0,0.30721,0.42258,-0.97154,3,-60.0,0.84983,921.75,3
406,247.08,0.30721,0.42258,-0.97154,2,-51.0,0.09510700000000001,922.25,3
407,247.25,0.35411,0.4111,-0.97154,2,-51.0,0.099709,922.25,3
408,248.0,0.2603,0.37665,-1.0172,3,-64.0,0.93266,925.75,3
409,248.5,0.54171,0.2733,-0.88031,3,-62.0,1.6506,924.75,3
410,248.58,0.54171,0.2733,-0.88031,3,-60.0,6.2786,922.75,3
411,248.75,0.54171,0.2733,-0.88031,3,-60.5,2.3777,923.75,3
412,249.25,0.5534399999999999,0.29627,-0.88031,3,-60.0,4.7998,920.75,3
413,249.5,0.5534399999999999,0.29627,-0.88031,3,-59.5,0.90045,921.75,3
414,249.58,0.5534399999999999,0.29627,-0.88031,3,-59.5,0.46326000000000006,922.25,3
415,249.75,0.28376,0.36516,-0.9829399999999999,3,-59.0,5.8736,923.25,3
416,250.0,0.33066,0.35368,-1.0057,3,-61.0,1.2456,925.25,3
417,250.5,0.33066,0.35368,-1.0057,3,-60.5,1.9236,924.25,3
418,251.0,0.31893,0.37665,-0.9829399999999999,3,-62.0,1.6506,924.75,3
419,251.08,0.31893,0.37665,-0.9829399999999999,3,-60.5,0.018408,922.75,3
420,252.0,0.2603,0.36516,-1.0057,2,-51.0,0.076699,922.25,3
421,252.08,0.2603,0.36516,-1.0057,3,-60.0,3.6539,922.25,3
422,252.5,0.47136000000000006,0.29627,-0.90312,3,-62.0,1.2809,925.25,3
423,253.0,0.34238,0.38813000000000003,-1.0057,3,-61.0,5.2139999999999995,924.25,3
424,253.5,0.45963999999999994,0.30775,-0.9259299999999999,3,-59.5,0.16874,922.75,3
425,253.58,0.45963999999999994,0.30775,-0.9259299999999999,2,-51.5,5.869,922.75,3
426,253.6,0.45963999999999994,0.30775,-0.9259299999999999,3,-60.0,0.14265999999999998,922.75,3
427,254.0,0.67069,0.23885,-0.8461,3,-60.0,4.4363,921.25,3
428,254.25,0.43618999999999997,0.31923,-0.94873,2,-51.0,0.44178999999999996,921.75,3
429,254.33,0.43618999999999997,0.31923,-0.94873,3,-60.0,4.1602,921.75,3
430,254.75,0.42446000000000006,0.33071999999999996,-0.94873,3,-60.0,6.0746,923.25,3
431,255.25,0.45963999999999994,0.31923,-0.9259299999999999,3,-64.5,0.98635,925.75,3
432,255.75,0.48308999999999996,0.25033,-0.90312,3,-62.0,0.02301,922.75,3
433,256.25,0.33066,0.35368,-0.99434,3,-60.5,4.4624,921.25,3
434,256.5,0.33066,0.35368,-0.99434,3,-60.5,4.7799,920.75,3
435,257.0,0.57689,0.25033,-0.8917200000000001,3,-60.5,0.53996,922.25,3
436,257.25,0.48308999999999996,0.29627,-0.9259299999999999,3,-63.0,1.4143,925.25,3
437,258.0,0.65897,0.23885,-0.85751,3,-61.0,2.1491,924.25,3
438,258.25,0.40101,0.37665,-0.94873,3,-60.5,0.21322,922.75,3
439,258.5,0.40101,0.37665,-0.94873,2,-52.0,1.85,923.75,3
440,258.75,0.37756,0.39960999999999997,-0.96014,3,-60.5,2.571,923.75,3
441,259.5,0.50654,0.31923,-0.9145200000000001,2,-51.5,5.4886,923.25,3
442,259.57,0.50654,0.31923,-0.9145200000000001,2,-51.5,5.4686,923.25,3
443,260.0,0.42446000000000006,0.35368,-0.94873,3,-63.5,1.1597,925.75,3
444,260.25,0.42446000000000006,0.35368,-0.94873,3,-61.5,5.3567,924.25,3
445,261.5,0.57689,0.2733,-0.88031,3,-60.5,1.1121,921.75,3
446,261.75,0.2603,0.38813000000000003,-0.99434,3,-60.5,0.76852,922.25,3
447,262.5,0.29548,0.39960999999999997,-0.9829399999999999,3,-62.5,5.2815,920.25,3
448,263.25,0.41273000000000004,0.35368,-0.94873,3,-60.5,0.36969,922.75,3
449,263.5,0.57689,0.28478000000000003,-0.88031,3,-61.0,4.6802,921.25,3
450,264.0,0.37756,0.37665,-0.94873,3,-60.5,4.2875,921.75,3
451,264.25,0.37756,0.37665,-0.94873,3,-60.5,3.8994,922.25,3
452,264.75,0.38928,0.37665,-0.94873,3,-62.0,5.1542,920.25,3
453,265.25,0.30721,0.39960999999999997,-0.9829399999999999,3,-61.0,2.0141,924.25,3
454,265.75,0.30721,0.39960999999999997,-0.9829399999999999,3,-60.0,0.13806,922.75,3
455,265.82,0.30721,0.39960999999999997,-0.9829399999999999,3,-60.5,5.5929,923.75,3
456,266.0,0.30721,0.39960999999999997,-0.9829399999999999,3,-60.0,4.4777,921.25,3
457,266.5,0.62379,0.26182,-0.85751,3,-60.5,4.0973,921.75,3
458,266.75,0.62379,0.26182,-0.85751,2,-52.0,0.039883999999999996,922.25,3
459,267.0,0.58862,0.2733,-0.8689100000000001,3,-63.0,1.3238,925.25,3
460,267.25,0.58862,0.2733,-0.8689100000000001,3,-62.0,1.9604,920.25,3
461,267.75,0.42446000000000006,0.37665,-0.9373299999999999,3,-61.5,2.0939,924.25,3
462,268.0,0.2603,0.42258,-0.97154,3,-60.5,0.21169000000000002,922.75,3
463,268.5,0.40101,0.37665,-0.94873,2,-51.5,0.92806,921.25,3
464,268.57,0.40101,0.37665,-0.94873,3,-61.0,1.3652,921.25,3
465,268.75,0.40101,0.37665,-0.94873,2,-52.0,0.60439,921.75,3
466,269.0,0.44791000000000003,0.30775,-0.9259299999999999,3,-61.0,0.64427,922.25,3
467,269.25,0.31893,0.38813000000000003,-0.9829399999999999,3,-60.5,6.0454,923.25,3
468,269.5,0.31893,0.38813000000000003,-0.9829399999999999,3,-62.5,1.3837,925.25,3
469,270.0,0.54171,0.30775,-0.88031,3,-61.0,2.0402,924.25,3
470,270.5,0.56517,0.28478000000000003,-0.88031,2,-51.5,5.803,922.75,3
471,270.6,0.56517,0.28478000000000003,-0.88031,3,-60.0,0.092039,922.75,3
472,271.0,0.63552,0.26182,-0.8689100000000001,3,-60.0,4.467,921.25,3
473,271.25,0.63552,0.26182,-0.8689100000000001,3,-61.0,1.7135,920.75,3
474,271.5,0.45963999999999994,0.33071999999999996,-0.9145200000000001,3,-60.5,3.7935,922.25,3
475,272.0,0.49481,0.31923,-0.90312,3,-62.5,1.3821,925.25,3
476,272.75,0.63552,0.25033,-0.85751,3,-61.5,1.6828,924.75,3
477,273.0,0.63552,0.25033,-0.85751,3,-60.0,0.061359000000000004,922.75,3
478,273.25,0.63552,0.25033,-0.85751,3,-60.5,2.4206,923.75,3
479,273.5,0.63552,0.25033,-0.85751,3,-60.0,4.4808,921.25,3
480,273.75,0.49481,0.31923,-0.90312,2,-51.5,0.5353600000000001,921.75,3
481,273.82,0.49481,0.31923,-0.90312,2,-51.5,0.55837,921.75,3
482,274.0,0.48308999999999996,0.31923,-0.9145200000000001,2,-51.5,0.16874,922.25,3
483,274.07,0.48308999999999996,0.31923,-0.9145200000000001,3,-60.5,6.1160000000000005,923.25,3
484,274.25,0.48308999999999996,0.31923,-0.9145200000000001,3,-60.5,6.1267,923.25,3
485,275.0,0.36583000000000004,0.39960999999999997,-0.96014,3,-61.0,2.0709,924.25,3
486,275.07,0.36583000000000004,0.39960999999999997,-0.96014,3,-61.5,1.6966,924.75,3
487,275.25,0.36583000000000004,0.39960999999999997,-0.96014,3,-60.0,0.09510700000000001,922.75,3
488,275.5,0.36583000000000004,0.39960999999999997,-0.96014,3,-60.0,0.099709,922.75,3
489,275.57,0.36583000000000004,0.39960999999999997,-0.96014,3,-60.5,5.5929,923.75,3
490,276.0,0.33066,0.39960999999999997,-0.97154,3,-61.5,1.7058,920.75,3
491,277.0,0.38928,0.39960999999999997,-0.94873,3,-61.5,5.0775,920.25,3
492,278.1,0.40101,0.3422,-0.96014,3,-60.5,2.5449,923.75,3
493,278.5,0.28376,0.42258,-0.97154,3,-60.5,4.0973,921.75,3
494,278.75,0.28376,0.42258,-0.97154,2,-52.0,0.033748,922.25,3
495,278.82,0.28376,0.42258,-0.97154,3,-60.5,3.6923,922.25,3
496,279.0,0.28376,0.39960999999999997,-0.9829399999999999,3,-60.5,2.8486,923.25,3
497,279.75,0.57689,0.28478000000000003,-0.88031,3,-61.0,2.2197,924.25,3
498,280.0,0.57689,0.28478000000000003,-0.88031,3,-62.0,4.9946,924.75,3
499,280.25,0.28376,0.39960999999999997,-0.99434,2,-51.5,5.8751,922.75,3
500,280.5,0.28376,0.39960999999999997,-0.99434,3,-61.0,5.7156,923.75,3
501,280.75,0.31893,0.39960999999999997,-0.9829399999999999,3,-61.0,1.6904,920.75,3
502,281.0,0.31893,0.39960999999999997,-0.9829399999999999,3,-60.5,4.1034,921.75,3
503,281.25,0.31893,0.39960999999999997,-0.9829399999999999,3,-60.5,3.7107,922.25,3
504,281.32,0.31893,0.39960999999999997,-0.9829399999999999,3,-60.5,3.7,922.25,3
505,281.5,0.31893,0.39960999999999997,-0.9829399999999999,3,-60.5,2.8609,923.25,3
506,282.0,0.31893,0.42258,-0.96014,3,-62.5,5.145,920.25,3
507,282.75,0.29548,0.39960999999999997,-0.97154,3,-61.0,3.252,922.75,3
508,283.5,0.29548,0.39960999999999997,-0.9829399999999999,3,-60.5,4.1157,921.75,3
509,283.75,0.29548,0.39960999999999997,-0.9829399999999999,3,-60.5,3.7398,922.25,3
510,284.5,0.31893,0.39960999999999997,-0.9829399999999999,3,-62.0,5.1726,920.25,3
511,284.75,0.31893,0.39960999999999997,-0.9829399999999999,3,-61.0,2.0893,924.25,3
512,285.0,0.44791000000000003,0.36516,-0.9259299999999999,3,-60.5,0.11198,922.75,3
513,285.25,0.44791000000000003,0.36516,-0.9259299999999999,3,-60.5,3.2398,922.75,3
514,285.5,0.54171,0.29627,-0.88031,3,-60.5,4.4163,921.25,3
515,286.0,0.69414,0.23885,-0.8347,3,-60.5,4.1080000000000005,921.75,3
516,286.5,0.49481,0.33071999999999996,-0.9145200000000001,3,-60.5,6.0669,923.25,3
517,286.75,0.50654,0.31923,-0.90312,3,-61.5,1.9988,920.25,3
518,287.25,0.33066,0.42258,-0.96014,3,-62.0,1.6981,924.75,3
519,287.75,0.31893,0.39960999999999997,-0.97154,3,-61.0,2.4130000000000003,923.75,3
520,288.5,0.36583000000000004,0.39960999999999997,-0.96014,3,-60.5,3.7489999999999997,922.25,3
521,289.0,0.50654,0.31923,-0.8917200000000001,3,-62.5,1.4021,925.25,3
522,289.75,0.35411,0.39960999999999997,-0.97154,3,-62.0,1.7625,924.75,3
523,290.0,0.35411,0.39960999999999997,-0.97154,3,-61.0,0.18868,922.75,3
524,290.5,0.57689,0.28478000000000003,-0.88031,3,-61.0,4.8474,920.75,3
525,290.75,0.2603,0.38813000000000003,-0.9829399999999999,3,-60.5,4.1602,921.75,3
526,291.25,0.40101,0.37665,-0.94873,3,-61.0,6.0792,923.25,3
527,292.0,0.62379,0.2733,-0.85751,2,-58.5,0.7087,925.75,3
528,292.25,0.62379,0.2733,-0.85751,3,-63.5,1.6015,924.75,3
529,292.5,0.31893,0.4111,-0.96014,3,-62.0,2.3455,923.75,3
530,293.0,0.27203,0.4111,-0.97154,3,-62.0,1.6966,920.75,3
531,293.5,0.44791000000000003,0.3422,-0.9259299999999999,3,-61.0,6.1375,923.25,3
532,294.0,0.30721,0.38813000000000003,-0.97154,3,-62.5,5.2217,920.25,3
533,294.5,0.30721,0.38813000000000003,-0.97154,2,-53.0,1.6858,924.25,3
534,294.57,0.30721,0.38813000000000003,-0.97154,2,-53.0,1.669,924.25,3
535,294.78,0.65897,0.25033,-0.8461,3,-61.5,1.7994,924.75,3
536,295.25,0.57689,0.28478000000000003,-0.88031,3,-61.0,2.5525,923.75,3
537,295.32,0.57689,0.28478000000000003,-0.88031,3,-61.0,4.5559,921.25,3
538,295.75,0.2603,0.39960999999999997,-0.9829399999999999,3,-61.0,0.75625,922.25,3
539,296.5,0.31893,0.37665,-0.9829399999999999,3,-62.0,2.0555,920.25,3
540,296.75,0.31893,0.37665,-0.9829399999999999,3,-63.5,1.1397,925.75,3
541,297.25,0.65897,0.25033,-0.8461,3,-62.0,1.9773,924.75,3
542,297.32,0.65897,0.25033,-0.8461,3,-61.5,0.37889,922.75,3
543,297.75,0.65897,0.25033,-0.8461,3,-62.0,4.5789,921.25,3
544,298.5,0.57689,0.26182,-0.96014,3,-61.5,5.7831,923.25,3
545,299.0,0.6472399999999999,0.25033,-0.8461,3,-64.5,0.97408,925.75,3
546,299.25,0.6472399999999999,0.25033,-0.8461,3,-62.0,2.0448,924.25,3
547,299.75,0.5534399999999999,0.29627,-0.85751,3,-61.5,2.5295,923.75,3
548,300.0,0.5534399999999999,0.29627,-0.85751,3,-61.5,4.5084,921.25,3
549,300.5,0.44791000000000003,0.37665,-0.9145200000000001,3,-61.5,4.2936,921.75,3
550,300.75,0.44791000000000003,0.37665,-0.9145200000000001,3,-61.5,0.83909,922.25,3
551,301.0,0.31893,0.4111,-0.96014,3,-63.0,1.5447,925.25,3
552,302.0,0.28376,0.42258,-0.9829399999999999,2,-54.0,1.3821,924.75,3
553,302.07,0.28376,0.42258,-0.9829399999999999,3,-62.0,1.7288,924.75,3
554,302.25,0.27203,0.4111,-0.9829399999999999,3,-61.0,2.4176,923.75,3
555,302.75,0.62379,0.26182,-0.8689100000000001,3,-61.5,1.8024,920.75,3
556,303.5,0.27203,0.39960999999999997,-0.9829399999999999,3,-62.5,4.7308,925.25,3
557,304.25,0.43618999999999997,0.35368,-0.9145200000000001,3,-61.5,5.3597,924.25,3
558,304.5,0.69414,0.26182,-0.8347,3,-60.5,0.30219,922.75,3
559,305.25,0.27203,0.39960999999999997,-0.99434,3,-61.5,1.7595,920.75,3
560,305.5,0.27203,0.39960999999999997,-0.99434,3,-61.0,4.1755,921.75,3
561,305.75,0.58862,0.29627,-0.8689100000000001,3,-61.0,6.1421,923.25,3
562,306.0,0.58862,0.29627,-0.8689100000000001,3,-62.5,1.465,925.25,3
563,306.25,0.58862,0.29627,-0.8689100000000001,3,-62.5,2.0739,920.25,3
