,time,frontal,vertical,lateral,id,rssi,phase,freq,label
0,0.0,-0.056282000000000006,0.98526,0.21438000000000001,3,-64.5,5.6481,924.25,4
1,2.75,0.54171,0.36516,-0.8347,2,-50.5,0.087437,920.25,1
2,3.0,0.60034,0.45703,-0.66366,2,-51.5,1.8638,921.25,1
3,3.05,0.60034,0.45703,-0.66366,3,-61.0,5.6497,921.25,1
4,7.75,1.1866,-0.01378,-0.13912,2,-59.5,5.7586,921.25,3
5,9.0,1.1866,-0.01378,-0.13912,2,-59.5,6.047000000000001,920.75,3
6,12.5,1.1866,-0.01378,-0.13912,2,-59.5,5.7448,920.25,3
7,15.5,1.3156,-0.025263,-0.082102,2,-60.5,5.4686,921.75,3
8,21.0,1.0928,0.05511900000000001,-0.15052000000000001,2,-60.0,5.9534,920.75,3
9,22.5,1.0928,0.05511900000000001,-0.15052000000000001,2,-60.0,5.6082,921.25,3
10,29.5,1.3508,-0.059712,-0.082102,2,-59.5,6.0531,920.25,3
11,32.0,1.3508,-0.059712,-0.082102,2,-60.0,5.6236,921.25,3
12,98.25,1.1163,0.020669999999999997,-0.15052000000000001,2,-61.0,2.3731,921.75,3
13,103.0,1.1163,0.020669999999999997,-0.15052000000000001,3,-66.0,0.33748,922.25,3
14,104.0,0.35411,0.89339,-0.60664,3,-61.0,5.757000000000001,924.75,1
15,104.5,0.35411,0.89339,-0.60664,2,-59.5,5.0713,923.75,1
16,104.75,0.35411,0.89339,-0.60664,3,-59.0,5.0069,920.25,1
17,105.75,-0.46667,0.8589399999999999,-0.12771,3,-66.5,0.67035,925.75,1
18,106.0,-0.46667,0.8589399999999999,-0.12771,3,-59.5,5.6052,923.25,1
19,109.0,0.30721,1.0656,0.12315,1,-51.0,2.0417,920.75,4
20,236.0,0.62379,0.6752100000000001,-0.48121,3,-58.5,1.8193,925.25,1
21,236.5,0.63552,0.61779,-0.5040100000000001,2,-51.0,0.044485000000000004,920.25,1
22,237.0,0.61207,0.56038,-0.59524,3,-60.5,0.056757,921.75,1
23,237.5,0.61207,0.56038,-0.59524,2,-59.0,0.08897100000000001,922.75,1
24,238.5,1.0576,0.21588000000000002,-0.15052000000000001,2,-59.5,0.38503000000000004,925.25,3
25,241.25,1.1163,-0.048229,-0.24174,3,-68.5,1.5294,920.25,3
26,242.0,1.1163,-0.048229,-0.24174,2,-59.5,4.3626,921.75,3
27,244.0,1.339,-0.11713,-0.070699,2,-60.0,1.0094,922.25,3
28,245.25,1.339,-0.11713,-0.070699,3,-69.5,1.2118,920.75,3
29,246.5,1.339,-0.11713,-0.070699,2,-60.0,0.9940200000000001,922.25,3
30,248.75,1.1045,-0.0022965999999999998,-0.15052000000000001,3,-68.0,0.8528899999999999,921.25,3
31,250.0,1.1045,-0.0022965999999999998,-0.15052000000000001,2,-59.0,4.9517,920.75,3
32,251.25,1.1045,-0.0022965999999999998,-0.15052000000000001,3,-69.5,0.42951000000000006,922.25,3
33,253.75,1.1514,-0.036746,-0.11631,2,-59.0,4.6219,921.25,3
34,254.75,1.1514,-0.036746,-0.11631,2,-59.0,5.0361,920.75,3
35,256.0,1.1514,-0.036746,-0.11631,3,-69.5,1.1045,921.25,3
36,257.5,1.1514,-0.036746,-0.11631,3,-68.5,1.5002,920.75,3
37,258.75,1.1514,-0.036746,-0.11631,3,-69.5,0.4648,922.25,3
38,262.25,1.1163,-0.025263,-0.12771,3,-68.0,1.445,920.75,3
39,263.5,1.1163,-0.025263,-0.12771,2,-60.0,1.0707,922.25,3
40,264.75,1.1163,-0.025263,-0.12771,3,-68.0,1.3837,920.75,3
41,266.0,1.1163,-0.025263,-0.12771,3,-69.5,0.38043000000000005,922.25,3
42,268.0,1.1163,-0.025263,-0.12771,3,-69.0,1.6644,920.25,3
43,271.0,1.2804,-0.094162,-0.070699,3,-69.5,0.45252,922.25,3
44,273.0,1.2804,-0.094162,-0.070699,3,-68.5,1.7181,920.25,3
45,279.25,1.1397,-0.01378,-0.10490999999999999,2,-59.0,1.7794,920.75,3
46,280.25,1.1397,-0.01378,-0.10490999999999999,3,-70.5,4.1003,921.25,3
47,281.75,1.1397,-0.01378,-0.10490999999999999,2,-63.0,5.8828,924.75,3
48,283.25,1.1397,-0.01378,-0.10490999999999999,3,-71.0,0.62893,921.75,3
49,287.5,1.1397,-0.025263,-0.11631,3,-68.0,1.6582,920.25,3
50,288.75,1.1397,-0.025263,-0.11631,3,-70.5,0.033748,922.75,3
51,290.25,1.1397,-0.025263,-0.11631,2,-59.0,1.4343,921.25,3
52,291.25,1.1397,-0.025263,-0.11631,3,-68.5,1.379,920.75,3
53,292.75,1.1397,-0.025263,-0.11631,3,-69.0,1.0446,921.25,3
54,296.25,1.1045,-0.01378,-0.11631,3,-69.0,1.4021,920.75,3
55,297.5,1.1045,-0.01378,-0.11631,3,-70.5,0.32366999999999996,922.25,3
56,299.75,1.1045,-0.01378,-0.11631,3,-68.5,1.7303,920.25,3
57,301.0,1.1045,-0.01378,-0.11631,3,-70.5,0.11965,922.75,3
58,302.25,1.1045,-0.01378,-0.11631,3,-69.0,1.063,921.25,3
59,306.0,1.1397,-0.01378,-0.11631,3,-68.5,4.47,920.75,3
60,307.5,1.1397,-0.01378,-0.11631,2,-60.0,1.1781,921.75,3
61,310.75,1.0694,0.0091865,-0.15052000000000001,2,-58.5,4.8612,920.75,3
62,312.0,1.0694,0.0091865,-0.15052000000000001,3,-70.0,0.96181,921.25,3
63,314.75,1.0694,0.0091865,-0.15052000000000001,3,-70.0,0.33441,922.25,3
64,316.75,1.0694,0.0091865,-0.15052000000000001,3,-68.0,1.6521,920.25,3
65,319.75,1.1045,0.0091865,-0.13912,3,-70.5,0.83449,921.75,3
66,321.75,1.1045,0.0091865,-0.13912,2,-59.5,4.6372,921.25,3
67,323.0,1.1045,0.0091865,-0.13912,2,-59.5,4.8781,920.75,3
68,324.25,1.1045,0.0091865,-0.13912,3,-69.0,1.1689,921.25,3
69,327.75,1.1397,-0.01378,-0.11631,2,-58.5,1.1658,922.75,3
70,328.25,1.1397,-0.01378,-0.11631,3,-69.5,5.1695,923.75,3
71,329.0,1.1397,-0.01378,-0.11631,3,-65.0,1.4527,920.25,3
72,329.25,1.1397,-0.01378,-0.11631,3,-67.0,6.1927,922.25,3
73,330.25,1.0928,0.05511900000000001,-0.19613,3,-65.5,0.80994,920.75,3
74,331.5,1.2687,-0.048229,-0.15052000000000001,3,-66.0,0.32366999999999996,921.25,3
75,334.0,1.1866,-0.059712,-0.13912,3,-69.0,0.25311,921.25,3
76,334.5,1.1866,-0.059712,-0.13912,3,-68.5,6.274,921.75,3
77,335.0,1.1866,-0.059712,-0.13912,3,-69.0,5.5147,922.75,3
78,336.5,1.1983,-0.082679,-0.16192,3,-68.5,0.34360999999999997,921.25,3
79,337.5,1.0459,0.0091865,-0.21894,3,-67.5,0.86977,920.75,3
80,338.75,1.0459,0.0091865,-0.21894,3,-63.5,5.3965,920.25,3
81,339.25,0.9872799999999999,0.14698,-0.447,3,-59.0,1.0247,921.75,3
82,340.5,0.29548,0.6866899999999999,-0.7662800000000001,3,-61.5,1.1597,923.75,1
83,341.25,-0.22044,0.97377,-0.31016,1,-69.0,5.7908,921.25,1
84,343.25,0.037521,0.9163600000000001,0.066138,3,-61.5,1.2824,924.25,4
