,time,frontal,vertical,lateral,id,rssi,phase,freq,label
0,0.0,0.037521,0.9163600000000001,-0.070699,3,-64.0,6.1329,923.75,4
1,1.5,0.49481,0.8359700000000001,-0.4356,3,-59.5,0.17948,924.25,4
2,2.0,0.35411,0.75559,-0.77769,2,-52.5,4.5851,921.25,4
3,2.5,0.57689,0.69818,-0.52682,2,-52.0,6.0071,921.75,1
4,4.25,0.87003,0.51445,-0.24174,2,-58.0,4.2967,920.25,3
5,5.75,0.87003,0.51445,-0.24174,2,-59.5,0.58905,920.75,3
6,6.75,0.87003,0.51445,-0.24174,2,-59.0,0.77159,920.25,3
7,7.5,0.87003,0.51445,-0.24174,2,-60.0,6.0592,921.75,3
8,12.0,1.339,-0.059712,-0.059296,2,-60.5,0.092039,921.25,3
9,174.0,0.18995,0.8589399999999999,-0.62945,3,-61.0,2.2457,923.75,1
10,174.75,0.18995,0.8589399999999999,-0.62945,1,-68.5,4.5314,921.25,1
11,175.5,-0.17354,0.95081,-0.025087,3,-69.0,1.7089,925.75,1
12,355.75,1.0459,0.38813000000000003,-0.28736,3,-64.5,0.18868,923.25,1
13,356.25,1.0459,0.38813000000000003,-0.28736,3,-66.0,0.50621,922.75,1
14,356.75,1.0459,0.38813000000000003,-0.28736,2,-60.0,5.4993,925.25,3
15,358.0,1.3156,-0.15158,-0.082102,3,-66.0,0.52769,921.75,3
16,359.25,1.3156,-0.15158,-0.082102,2,-59.5,5.9595,923.75,3
17,360.25,1.2804,-0.12861,-0.09350499999999999,2,-58.5,0.45252,922.25,3
18,360.75,1.2804,-0.12861,-0.09350499999999999,2,-59.5,6.2188,923.25,3
19,361.25,1.2804,-0.12861,-0.09350499999999999,3,-66.0,4.3565,920.75,3
20,363.5,1.1983,-0.10565,-0.12771,3,-67.5,5.9887,922.75,3
21,364.25,1.1983,-0.10565,-0.12771,3,-69.0,4.9639999999999995,924.25,3
22,365.75,1.0694,-0.01378,-0.18473,2,-59.0,0.19635,922.75,3
23,366.25,1.0694,-0.01378,-0.18473,3,-69.5,4.7155,924.75,3
24,368.25,1.2452,-0.11713,-0.082102,3,-66.5,6.1528,922.75,3
25,369.5,1.2452,-0.11713,-0.082102,3,-69.0,1.8561,920.25,3
26,370.75,1.2452,-0.11713,-0.082102,3,-68.5,0.14726,922.75,3
27,372.0,1.2452,-0.11713,-0.082102,3,-67.5,1.7257,920.25,3
28,374.5,1.128,-0.07119600000000001,-0.12771,3,-67.0,4.9747,920.25,3
29,375.5,1.128,-0.07119600000000001,-0.12771,3,-70.0,6.0991,922.75,3
30,377.25,1.0576,-0.025263,-0.17332999999999998,2,-59.0,0.22089,922.25,3
31,378.0,1.0576,-0.025263,-0.17332999999999998,3,-69.5,6.0101,922.75,3
32,379.25,1.0576,-0.025263,-0.17332999999999998,3,-67.5,1.7242,920.25,3
33,381.75,1.2101,-0.094162,-0.10490999999999999,3,-67.0,1.7564,920.25,3
34,382.25,1.2101,-0.094162,-0.10490999999999999,3,-68.5,0.77313,921.75,3
35,383.5,1.2101,-0.094162,-0.10490999999999999,3,-69.5,5.6236,923.75,3
36,384.75,1.2101,-0.094162,-0.10490999999999999,3,-67.0,0.70717,921.75,3
37,386.75,1.1397,-0.07119600000000001,-0.12771,3,-67.5,0.87744,921.25,3
38,387.75,1.1397,-0.07119600000000001,-0.12771,3,-68.0,5.915,922.75,3
39,390.25,1.0225,-0.01378,-0.17332999999999998,2,-59.5,6.228,922.75,3
40,391.25,1.0225,-0.01378,-0.17332999999999998,3,-69.0,5.148,924.25,3
41,391.75,1.0225,-0.01378,-0.17332999999999998,3,-67.5,0.14573,922.25,3
42,392.75,1.0225,-0.01378,-0.17332999999999998,3,-68.0,6.1666,922.75,3
43,395.25,1.2101,-0.10565,-0.10490999999999999,3,-66.5,1.3530000000000002,920.75,3
44,397.5,1.1045,-0.059712,-0.13912,3,-68.0,6.0562,922.75,3
45,398.75,1.1045,-0.059712,-0.13912,3,-66.5,1.6552,920.25,3
46,399.25,1.1045,-0.059712,-0.13912,2,-58.5,0.49548000000000003,921.75,3
47,400.0,1.1045,-0.059712,-0.13912,3,-66.5,4.5053,920.75,3
48,402.5,1.3508,-0.15158,-0.047893,3,-67.5,6.0055,922.75,3
49,404.0,1.3508,-0.15158,-0.047893,3,-67.5,6.231,922.25,3
50,406.25,1.128,-0.059712,-0.11631,2,-59.0,0.19328,922.25,3
51,406.75,1.128,-0.059712,-0.11631,2,-62.5,4.8075,925.75,3
52,409.0,1.1163,-0.07119600000000001,-0.12771,2,-59.0,0.5553,921.75,3
53,409.75,1.1163,-0.07119600000000001,-0.12771,3,-67.0,1.4067,920.75,3
54,411.25,1.1163,-0.07119600000000001,-0.12771,3,-68.5,0.19021,922.25,3
55,412.25,1.1163,-0.07119600000000001,-0.12771,3,-65.5,4.625,920.75,3
56,414.5,1.1397,-0.059712,-0.12771,3,-68.5,5.935,922.75,3
57,415.75,1.1397,-0.059712,-0.12771,3,-66.5,1.6153,920.25,3
58,416.5,1.1397,-0.059712,-0.12771,3,-67.5,0.5092800000000001,921.75,3
59,418.75,1.0576,-0.01378,-0.16192,3,-67.5,0.47093,921.75,3
60,419.75,1.0576,-0.01378,-0.16192,2,-62.0,5.1833,924.75,3
61,420.75,1.0576,-0.01378,-0.16192,3,-67.0,0.90045,921.25,3
62,423.5,1.2804,-0.12861,-0.070699,2,-59.5,0.36509,921.75,3
63,425.5,1.2804,-0.12861,-0.070699,3,-67.5,1.6874,920.25,3
64,428.25,1.1514,-0.059712,-0.11631,3,-69.5,0.044485000000000004,922.25,3
65,429.25,1.1514,-0.059712,-0.11631,3,-68.0,1.2579,920.75,3
66,432.75,1.128,-0.059712,-0.12771,3,-68.0,1.6276,920.25,3
67,433.5,1.128,-0.059712,-0.12771,2,-59.5,0.34054,921.75,3
68,436.5,1.3039,-0.14009000000000002,-0.059296,3,-69.5,4.3949,920.75,3
69,438.0,1.3039,-0.14009000000000002,-0.059296,3,-69.5,0.20095,922.25,3
70,441.25,1.1163,-0.059712,-0.11631,3,-70.0,6.027,922.75,3
71,442.5,1.1163,-0.059712,-0.11631,3,-68.0,1.5616,920.25,3
72,443.5,1.1163,-0.059712,-0.11631,3,-70.5,5.6205,923.25,3
73,446.25,1.1045,-0.036746,-0.13912,3,-68.5,1.2609,920.75,3
74,447.5,1.1045,-0.036746,-0.13912,3,-69.0,0.87284,921.25,3
75,448.75,1.1045,-0.036746,-0.13912,3,-69.5,6.0178,922.75,3
76,449.75,1.1045,-0.036746,-0.13912,3,-68.5,1.6045,920.25,3
77,451.0,1.1045,-0.036746,-0.13912,3,-70.5,6.0792,922.75,3
78,452.25,1.1045,-0.036746,-0.13912,3,-67.5,1.784,920.25,3
