,time,frontal,vertical,lateral,id,rssi,phase,freq,label
0,0.0,-0.091458,0.97377,0.20297,3,-61.0,0.87744,922.75,4
1,0.75,0.48308999999999996,0.84746,-0.41279,3,-58.5,0.96641,924.75,1
2,1.75,0.9521,0.42258,-0.35577,2,-51.5,6.0362,920.25,3
3,2.25,0.97555,0.37665,-0.41279,3,-62.0,1.1674,921.75,3
4,3.0,0.9403799999999999,0.1355,-0.42418999999999996,3,-68.5,5.5791,920.75,3
5,4.75,1.0576,-0.036746,-0.24174,2,-59.5,1.4419,921.75,3
6,7.25,1.1514,-0.07119600000000001,-0.11631,2,-58.5,1.1382,921.75,3
7,9.0,1.2335,-0.094162,-0.11631,3,-69.5,1.0201,921.25,3
8,10.0,1.2335,-0.094162,-0.11631,2,-59.5,0.36816,923.25,3
9,10.75,1.2335,-0.094162,-0.11631,2,-60.0,0.07209700000000001,923.75,3
10,11.5,1.2335,-0.094162,-0.11631,3,-68.5,1.3975,920.25,3
11,17.5,1.1397,-0.036746,-0.13912,2,-60.0,0.6412,922.75,3
12,23.75,1.1045,-0.036746,-0.16192,2,-58.5,1.514,921.25,3
13,24.75,1.1045,-0.036746,-0.16192,2,-60.0,0.76546,922.75,3
14,31.0,1.1397,-0.036746,-0.13912,3,-68.5,1.3545,920.25,3
15,34.0,1.1514,-0.07119600000000001,-0.13912,2,-62.5,5.3643,925.75,3
16,36.25,1.1514,-0.059712,-0.13912,2,-59.5,0.9940200000000001,922.25,3
17,37.5,1.1514,-0.059712,-0.13912,2,-61.0,0.27918000000000004,923.75,3
18,40.5,1.128,-0.036746,-0.16192,3,-69.5,1.5693,920.25,3
19,41.5,1.128,-0.036746,-0.16192,2,-60.5,0.33441,923.25,3
20,44.25,1.1163,-0.036746,-0.17332999999999998,2,-60.0,0.6228,922.75,3
21,45.75,1.1163,-0.036746,-0.17332999999999998,2,-58.5,4.5437,921.25,3
22,48.25,1.3508,-0.12861,-0.09350499999999999,2,-59.5,4.0144,922.25,3
23,49.0,1.3508,-0.12861,-0.09350499999999999,2,-59.5,0.64427,922.75,3
24,50.25,1.3508,-0.12861,-0.09350499999999999,2,-61.0,6.0991,924.25,3
25,59.5,1.0928,-0.036746,-0.16192,2,-62.5,5.7294,925.25,3
26,62.75,1.128,-0.025263,-0.16192,3,-69.5,0.61359,921.25,3
27,65.25,1.1514,-0.036746,-0.13912,2,-60.0,0.8575,922.25,3
28,68.75,1.128,-0.036746,-0.15052000000000001,3,-71.0,1.2209999999999999,920.75,3
29,70.25,1.128,-0.036746,-0.15052000000000001,2,-60.0,0.8452200000000001,922.25,3
30,73.5,1.3039,-0.11713,-0.09350499999999999,2,-60.5,0.59365,922.75,3
31,74.75,1.3039,-0.11713,-0.09350499999999999,3,-69.5,1.5263,920.25,3
32,77.25,1.1514,-0.048229,-0.12771,2,-58.5,4.5283,921.25,3
33,77.75,1.1514,-0.048229,-0.12771,2,-59.5,4.2,921.75,3
34,79.5,1.1514,-0.048229,-0.12771,3,-70.5,1.5539,920.25,3
35,82.25,1.2687,-0.10565,-0.09350499999999999,2,-59.0,4.5007,921.25,3
36,83.0,1.2687,-0.10565,-0.09350499999999999,3,-72.0,5.9104,922.75,3
37,84.5,1.2687,-0.10565,-0.09350499999999999,3,-69.5,1.2379,920.25,3
38,87.25,1.3625,-0.15158,-0.070699,2,-59.5,0.86056,922.25,3
39,88.0,1.3625,-0.15158,-0.070699,2,-60.5,0.59058,922.75,3
40,92.5,1.128,-0.036746,-0.17332999999999998,2,-60.5,5.372000000000001,925.75,3
41,100.5,1.0928,-0.036746,-0.17332999999999998,3,-70.0,0.8544299999999999,920.75,3
42,109.0,1.339,-0.15158,-0.013684,2,-60.0,1.1229,921.25,3
43,111.5,1.339,-0.15158,-0.013684,3,-71.0,5.9979,922.25,3
44,114.25,1.339,-0.15158,-0.013684,3,-70.5,0.049087,921.75,3
45,120.0,1.339,-0.15158,-0.013684,2,-60.0,4.4531,920.75,3
46,134.25,1.1749,-0.048229,-0.09350499999999999,3,-66.0,6.251,922.75,3
47,134.5,1.1749,-0.048229,-0.09350499999999999,2,-52.0,0.7409100000000001,920.75,3
48,135.0,0.45963999999999994,0.56038,-0.75488,3,-59.0,4.6526,923.75,1
49,135.08,0.45963999999999994,0.56038,-0.75488,3,-61.0,1.4051,925.25,1
50,135.25,0.45963999999999994,0.56038,-0.75488,3,-60.5,0.48167,924.25,1
51,135.5,0.45963999999999994,0.56038,-0.75488,3,-59.0,4.0773,920.25,1
52,135.58,0.45963999999999994,0.56038,-0.75488,3,-58.5,5.5745,920.25,1
53,135.75,0.43618999999999997,0.79004,-0.5040100000000001,3,-58.5,5.9595,921.25,1
54,136.0,0.43618999999999997,0.79004,-0.5040100000000001,3,-60.5,0.16107,922.25,1
55,136.75,0.072698,0.8704200000000001,-0.33297,3,-70.5,0.48167,922.75,4
56,137.25,0.072698,0.8704200000000001,-0.33297,3,-68.5,2.301,924.75,4
57,138.0,0.23685,1.0312,-0.0022806,1,-65.5,5.4732,921.25,4
58,149.0,0.049247000000000006,0.9048700000000001,0.054735,1,-58.5,1.8147,920.75,2
59,150.5,0.049247000000000006,0.9048700000000001,0.054735,1,-59.0,0.83142,922.25,2
60,151.5,0.049247000000000006,0.9048700000000001,0.054735,1,-58.5,5.1572,920.75,2
61,154.0,0.049247000000000006,0.9048700000000001,0.054735,1,-59.5,1.8132,920.75,2
62,206.5,0.8114,0.73263,-0.025087,1,-61.0,0.37429,922.25,2
63,213.75,0.8114,0.73263,-0.025087,1,-59.5,0.6534800000000001,922.25,2
64,229.5,1.0928,0.59483,0.043332,1,-59.5,1.6506,920.75,2
65,232.0,1.0928,0.59483,0.043332,1,-63.5,1.8193,924.75,2
66,414.25,0.47136000000000006,0.8589399999999999,-0.36718,2,-52.5,4.941,920.75,1
67,414.58,0.47136000000000006,0.8589399999999999,-0.36718,2,-52.5,3.8288,920.75,1
68,415.0,0.9403799999999999,0.4111,-0.447,3,-61.5,6.1543,925.25,1
69,415.75,0.9403799999999999,0.4111,-0.447,3,-64.5,1.014,922.25,1
70,416.5,0.9403799999999999,0.4111,-0.447,2,-59.0,0.7761899999999999,923.25,1
71,417.75,1.1163,-0.059712,-0.19613,3,-67.5,4.9624,920.25,3
72,418.5,1.1163,-0.059712,-0.19613,3,-68.0,0.7133,921.75,3
73,419.25,1.1163,-0.059712,-0.19613,3,-67.0,1.4711,920.75,3
74,420.25,1.1163,-0.059712,-0.19613,3,-67.5,4.8949,920.25,3
75,421.75,1.3742,-0.17454,-0.036489999999999995,3,-67.5,1.3559999999999999,920.75,3
76,422.75,1.3742,-0.17454,-0.036489999999999995,3,-68.0,1.7717,920.25,3
77,423.25,1.3742,-0.17454,-0.036489999999999995,3,-69.5,0.7025600000000001,921.75,3
78,424.25,1.3742,-0.17454,-0.036489999999999995,3,-67.5,1.7365,920.75,3
79,426.5,1.1163,-0.082679,-0.12771,2,-58.0,5.0575,920.75,3
80,427.75,1.1163,-0.082679,-0.12771,3,-69.0,1.2594,921.25,3
81,432.75,1.3039,-0.16305999999999998,-0.047893,2,-58.0,1.6199,921.25,3
82,433.0,1.3039,-0.16305999999999998,-0.047893,2,-58.5,1.3361,921.75,3
83,434.25,1.3039,-0.16305999999999998,-0.047893,2,-60.5,0.25311,923.75,3
84,435.25,1.3039,-0.16305999999999998,-0.047893,2,-59.0,1.0615,922.25,3
85,436.0,1.3039,-0.16305999999999998,-0.047893,2,-59.5,0.78847,922.75,3
86,438.0,1.2218,-0.12861,-0.082102,3,-70.0,0.9449299999999999,921.75,3
87,442.75,1.3508,-0.18603,-0.036489999999999995,2,-59.0,1.037,922.25,3
88,444.75,1.128,-0.082679,-0.11631,3,-69.0,1.9451,920.25,3
89,445.75,1.128,-0.082679,-0.11631,3,-70.5,0.11965,922.75,3
90,447.25,1.128,-0.082679,-0.11631,3,-69.0,2.0126,920.25,3
91,449.75,1.0928,-0.059712,-0.13912,2,-58.0,4.6848,921.25,3
92,450.0,1.0928,-0.059712,-0.13912,3,-69.5,0.9510700000000001,921.75,3
93,452.0,1.0928,-0.059712,-0.13912,3,-69.0,1.9758,920.25,3
94,452.75,1.0928,-0.059712,-0.13912,3,-69.5,0.8881700000000001,921.75,3
95,455.0,1.1045,-0.059712,-0.13912,3,-69.5,0.9265200000000001,921.75,3
96,456.75,1.1045,-0.059712,-0.13912,3,-68.5,1.9865,920.25,3
97,457.5,1.1045,-0.059712,-0.13912,2,-58.5,1.2609,921.75,3
98,460.5,1.1749,-0.094162,-0.10490999999999999,2,-60.0,0.7378399999999999,922.75,3
99,461.75,1.1749,-0.094162,-0.10490999999999999,3,-69.0,1.985,920.25,3
100,462.25,1.1749,-0.094162,-0.10490999999999999,3,-69.5,0.95414,921.75,3
101,466.75,1.128,-0.082679,-0.12771,2,-58.5,1.511,921.25,3
102,467.25,1.128,-0.082679,-0.12771,3,-70.5,0.78847,921.75,3
103,469.0,1.128,-0.082679,-0.12771,2,-58.0,5.1849,920.25,3
104,471.5,1.1045,-0.082679,-0.12771,3,-69.5,1.7779,920.25,3
105,472.75,1.1045,-0.082679,-0.12771,2,-58.5,4.8796,920.75,3
106,474.25,1.1045,-0.082679,-0.12771,2,-58.5,1.4864,921.25,3
107,475.0,1.1045,-0.082679,-0.12771,2,-60.0,0.6933600000000001,922.75,3
108,482.75,1.1045,-0.059712,-0.15052000000000001,2,-58.5,4.8458,920.75,3
109,488.75,1.1514,-0.094162,-0.11631,2,-58.5,4.605,921.25,3
110,489.5,1.1514,-0.094162,-0.11631,2,-60.5,0.6642100000000001,922.75,3
111,491.25,1.1514,-0.094162,-0.11631,2,-58.5,1.4864,921.25,3
