,time,frontal,vertical,lateral,id,rssi,phase,freq,label
0,0.0,0.38928,0.79004,-0.75488,3,-64.5,1.1934,924.75,1
1,1.75,0.38928,0.79004,-0.75488,2,-51.5,2.2427,921.75,1
2,2.25,0.42446000000000006,0.59483,-0.7662800000000001,3,-58.5,1.5309,920.75,1
3,2.5,0.42446000000000006,0.59483,-0.7662800000000001,2,-50.0,3.384,920.75,1
4,2.75,0.35411,0.0091865,-0.99434,2,-48.0,0.07363099999999999,921.25,3
5,2.8,0.35411,0.19292,-1.0514,3,-59.0,1.3208,920.25,3
6,2.825,0.35411,0.19292,-1.0514,2,-47.0,3.7659,920.25,3
7,2.85,0.23685,0.23885,-0.99434,3,-62.0,4.1755,920.25,3
8,4.25,0.29548,0.35368,-1.04,3,-71.0,5.9043,924.25,3
9,5.0,0.18995,0.36516,-1.0057,2,-51.5,2.8808,920.75,3
10,5.075,0.17823,0.35368,-1.0286,2,-51.5,2.5694,921.25,3
11,5.1,0.17823,0.35368,-1.0286,3,-65.0,5.0361,921.25,3
12,5.25,0.17823,0.35368,-1.0286,3,-65.0,5.7033,920.25,3
13,6.5,0.56517,0.2044,-0.90312,2,-52.0,2.1951,921.75,3
14,6.75,0.1665,0.37665,-1.0286,2,-52.5,2.1921,921.75,3
15,6.825,0.1665,0.37665,-1.0286,3,-70.0,6.0945,924.25,3
16,7.25,0.2134,0.36516,-1.0172,2,-52.0,5.9472,920.75,3
17,7.325,0.2134,0.36516,-1.0172,3,-65.0,5.3597,920.75,3
18,8.0,0.2134,0.36516,-1.0286,3,-68.5,0.17487,923.75,3
19,8.75,0.41273000000000004,0.2733,-0.9373299999999999,3,-66.5,4.0236,922.75,3
20,9.25,0.20168,0.37665,-1.0286,3,-69.0,5.9933,924.25,3
21,9.75,0.20168,0.37665,-1.0286,3,-64.5,2.2273,920.75,3
22,9.825,0.20168,0.37665,-1.0286,3,-65.5,4.9946,921.25,3
23,10.0,0.20168,0.37665,-1.0286,3,-64.5,5.7371,920.25,3
24,10.5,0.17823,0.37665,-1.0286,2,-52.0,1.9712,922.25,3
25,10.575,0.17823,0.37665,-1.0286,3,-65.5,4.381,922.25,3
26,10.75,0.17823,0.37665,-1.0286,3,-67.5,0.49394,923.25,3
27,11.25,0.28376,0.3422,-0.99434,3,-69.5,5.6819,924.75,3
28,11.75,0.18995,0.36516,-1.0286,2,-54.0,0.9434,924.25,3
29,11.825,0.18995,0.36516,-1.0286,3,-68.5,6.027,924.25,3
30,12.25,0.40101,0.29627,-0.96014,3,-65.0,1.9205,921.25,3
31,12.5,0.17823,0.36516,-1.0286,3,-64.5,5.7448,920.25,3
32,13.75,0.48308999999999996,0.23885,-0.9145200000000001,3,-65.5,1.5647,921.75,3
33,14.5,0.1665,0.37665,-1.0286,2,-52.0,6.0101,920.75,3
34,14.75,0.1665,0.3422,-1.0628,2,-52.0,5.7003,921.25,3
35,14.825,0.1665,0.3422,-1.0628,3,-64.5,5.0621,921.25,3
36,15.0,0.1665,0.3422,-1.0628,3,-64.5,5.8184,920.25,3
37,15.5,0.45963999999999994,0.26182,-0.9373299999999999,3,-65.0,1.3668,922.25,3
38,15.75,0.45963999999999994,0.26182,-0.9373299999999999,3,-66.0,0.6151300000000001,923.25,3
39,16.25,0.13132,0.35368,-1.0628,3,-64.0,1.6904,921.75,3
40,17.0,0.17823,0.36516,-1.0514,3,-63.5,5.5116,920.75,3
41,17.25,0.17823,0.36516,-1.0514,3,-64.0,5.1803,921.25,3
42,17.325,0.17823,0.36516,-1.0514,3,-63.5,2.7903,920.25,3
43,17.5,0.17823,0.36516,-1.0514,3,-67.5,0.43565,923.75,3
44,18.25,0.1665,0.35368,-1.04,2,-51.5,1.4251,923.25,3
45,18.325,0.1665,0.35368,-1.04,2,-51.0,1.6858,922.75,3
46,18.5,0.2134,0.3422,-1.0172,2,-51.5,1.6904,922.75,3
47,18.575,0.2134,0.3422,-1.0172,3,-69.0,5.9488,924.75,3
48,19.5,0.2134,0.31923,-1.0172,2,-50.5,6.0562,920.75,3
49,19.575,0.18995,0.3422,-1.0514,2,-50.5,2.5955,921.25,3
50,19.75,0.23685,0.3422,-1.0286,2,-50.5,0.12272000000000001,920.25,3
51,20.25,0.45963999999999994,0.23885,-0.9373299999999999,3,-64.5,4.5406,922.25,3
52,20.5,0.45963999999999994,0.23885,-0.9373299999999999,3,-70.0,2.4712,925.25,3
53,20.75,0.45963999999999994,0.23885,-0.9373299999999999,2,-51.5,1.4481,923.25,3
54,20.825,0.45963999999999994,0.23885,-0.9373299999999999,3,-66.0,3.8211,923.25,3
55,21.0,0.47136000000000006,0.22737,-0.9259299999999999,3,-69.0,5.8567,924.75,3
56,21.25,0.47136000000000006,0.22737,-0.9259299999999999,2,-51.0,2.2488,921.75,3
57,21.75,0.47136000000000006,0.23885,-0.9259299999999999,3,-64.5,5.5423,920.75,3
58,22.5,0.22513000000000002,0.33071999999999996,-1.0514,2,-52.5,1.1413,923.75,3
59,22.575,0.22513000000000002,0.33071999999999996,-1.0514,3,-67.5,0.27918000000000004,923.75,3
60,23.25,0.22513000000000002,0.3422,-1.0057,2,-52.5,1.6628,922.75,3
61,23.5,0.15478,0.38813000000000003,-1.04,3,-69.5,2.6783,924.75,3
62,24.0,0.47136000000000006,0.23885,-0.9145200000000001,3,-68.5,0.013806,924.25,3
63,24.5,0.2134,0.33071999999999996,-1.0286,2,-51.0,2.6001,921.25,3
64,25.0,0.2603,0.33071999999999996,-1.04,3,-68.0,0.28379,923.75,3
65,25.25,0.2603,0.33071999999999996,-1.04,2,-51.5,1.9865,922.25,3
66,25.325,0.2603,0.33071999999999996,-1.04,3,-65.5,4.493,922.25,3
67,25.75,0.61207,0.2044,-0.8917200000000001,3,-66.5,4.1724,922.75,3
68,26.0,0.61207,0.2044,-0.8917200000000001,3,-70.0,5.8521,924.75,3
69,26.25,0.24858000000000002,0.3422,-1.0286,3,-69.0,6.1574,924.25,3
70,27.25,0.2603,0.3422,-1.0286,3,-64.5,5.8644,920.25,3
71,27.5,0.35411,0.29627,-0.97154,3,-65.0,4.4992,922.25,3
72,28.0,0.34238,0.30775,-0.9829399999999999,2,-52.0,1.4174,923.25,3
73,28.05,0.34238,0.30775,-0.9829399999999999,2,-52.0,1.4297,923.25,3
74,28.5,0.28376,0.3422,-1.0057,3,-65.0,4.8965,921.75,3
75,29.25,0.28376,0.3422,-1.0057,3,-65.0,2.3899,920.75,3
76,29.325,0.28376,0.3422,-1.0057,2,-51.0,2.5541,921.25,3
77,29.5,0.22513000000000002,0.35368,-1.0172,3,-65.5,5.2247,921.25,3
78,29.75,0.20168,0.3422,-1.04,3,-68.0,0.27918000000000004,923.75,3
79,30.0,0.20168,0.3422,-1.04,2,-51.0,1.939,922.25,3
80,30.5,0.36583000000000004,0.29627,-0.97154,2,-52.0,1.3484,923.25,3
81,30.575,0.36583000000000004,0.29627,-0.97154,3,-67.0,0.65654,923.25,3
82,30.75,0.36583000000000004,0.29627,-0.97154,3,-66.5,4.2031,922.75,3
83,31.25,0.2603,0.3422,-1.0172,3,-69.5,0.003068,924.25,3
84,31.5,0.2603,0.3422,-1.0172,3,-65.0,5.5607,920.75,3
85,31.75,0.2603,0.3422,-1.0172,3,-65.5,5.2063,921.25,3
86,32.0,0.35411,0.30775,-0.9829399999999999,3,-65.5,5.8705,920.25,3
87,32.25,0.35411,0.30775,-0.9829399999999999,3,-69.0,0.32981,923.75,3
88,32.5,0.35411,0.30775,-0.9829399999999999,2,-50.5,1.8684,922.25,3
89,33.0,0.43618999999999997,0.25033,-0.96014,3,-66.5,4.1939,922.75,3
90,33.25,0.43618999999999997,0.25033,-0.96014,2,-50.5,2.2411,921.75,3
91,33.5,0.2134,0.33071999999999996,-1.0286,2,-50.5,2.2304,921.75,3
92,33.75,0.24858000000000002,0.33071999999999996,-1.0286,2,-53.0,0.74858,924.25,3
93,34.0,0.37756,0.28478000000000003,-0.97154,3,-64.5,5.5929,920.75,3
94,34.25,0.37756,0.28478000000000003,-0.97154,2,-50.5,2.5387,921.25,3
95,34.325,0.20168,0.33071999999999996,-1.0628,3,-64.5,5.2738,921.25,3
96,34.5,0.20168,0.33071999999999996,-1.0628,3,-64.5,5.9411,920.25,3
97,34.75,0.20168,0.33071999999999996,-1.0628,3,-67.5,0.36049000000000003,923.75,3
98,34.825,0.20168,0.33071999999999996,-1.0628,2,-50.5,1.9221,922.25,3
99,35.25,0.22513000000000002,0.35368,-1.0286,3,-67.0,0.69029,923.25,3
100,35.325,0.22513000000000002,0.35368,-1.0286,3,-66.0,4.2461,922.75,3
101,35.75,0.2603,0.36516,-1.0172,3,-69.5,5.9258,924.75,3
102,36.0,0.2603,0.36516,-1.0172,2,-50.5,2.2028,921.75,3
103,36.075,0.20168,0.33071999999999996,-1.0286,3,-69.0,0.001534,924.25,3
104,36.5,0.51826,0.22737,-0.9259299999999999,3,-64.5,5.6205,920.75,3
105,36.75,0.51826,0.22737,-0.9259299999999999,2,-50.5,2.5265,921.25,3
106,36.825,0.22513000000000002,0.3422,-1.04,2,-50.5,0.064427,920.25,3
107,37.0,0.20168,0.31923,-1.04,3,-68.0,0.41723999999999994,923.75,3
108,37.25,0.20168,0.31923,-1.04,3,-65.5,4.559,922.25,3
109,37.5,0.38928,0.28478000000000003,-0.97154,3,-67.5,0.7025600000000001,923.25,3
110,37.75,0.38928,0.28478000000000003,-0.97154,2,-51.0,1.6122,922.75,3
111,38.0,0.38928,0.28478000000000003,-0.97154,3,-66.5,4.2491,922.75,3
112,38.5,0.24858000000000002,0.3422,-1.0172,3,-68.5,0.033748,924.25,3
113,39.0,0.2134,0.3422,-1.04,3,-64.5,2.436,920.75,3
114,39.25,0.2134,0.3422,-1.04,2,-50.0,2.5173,921.25,3
115,39.5,0.23685,0.3422,-1.0172,3,-68.0,3.5389,923.75,3
116,39.75,0.23685,0.3422,-1.0172,3,-65.5,1.4281,922.25,3
117,40.25,0.31893,0.33071999999999996,-1.0057,2,-51.5,1.3499,923.25,3
118,40.3,0.27203,0.3422,-1.0286,2,-51.0,1.6122,922.75,3
119,40.5,0.27203,0.3422,-1.0286,2,-51.0,1.6153,922.75,3
120,40.55,0.20168,0.3422,-1.04,3,-70.0,2.8409,924.75,3
121,40.75,0.20168,0.3422,-1.04,2,-50.5,2.2135,921.75,3
122,41.0,0.2603,0.3422,-1.0172,3,-69.0,0.013806,924.25,3
123,41.25,0.52999,0.22737,-0.90312,2,-50.5,5.9948,920.75,3
124,41.5,0.38928,0.29627,-0.96014,3,-64.5,5.2309,921.25,3
125,41.75,0.22513000000000002,0.35368,-1.0172,3,-64.5,5.9365,920.25,3
126,42.0,0.22513000000000002,0.35368,-1.0172,2,-50.5,1.8899,922.25,3
127,42.5,0.31893,0.33071999999999996,-1.0057,3,-67.0,3.8748,923.25,3
128,42.75,0.2134,0.3422,-1.0286,3,-66.5,4.2184,922.75,3
129,43.0,0.2134,0.3422,-1.0286,3,-70.0,5.938,924.75,3
130,43.5,0.2603,0.3422,-1.0172,2,-52.5,0.7915300000000001,924.25,3
131,43.75,0.2603,0.35368,-1.0057,2,-50.5,5.9703,920.75,3
132,44.0,0.28376,0.3422,-1.0172,3,-65.0,5.2094,921.25,3
133,44.25,0.22513000000000002,0.3422,-1.0286,2,-50.5,0.024544,920.25,3
134,44.5,0.2134,0.35368,-1.04,3,-66.0,1.4435,922.25,3
135,44.75,0.2134,0.35368,-1.04,3,-71.0,5.6711,925.25,3
136,45.0,0.20168,0.35368,-1.04,3,-67.5,0.73017,923.25,3
137,45.25,0.20168,0.35368,-1.04,2,-51.0,1.5999,922.75,3
138,45.5,0.28376,0.35368,-1.0057,3,-65.5,1.7487,921.75,3
139,45.75,0.28376,0.35368,-1.0057,3,-69.0,6.2663,924.25,3
140,46.25,0.23685,0.35368,-1.0172,3,-64.5,5.5591,920.75,3
141,46.325,0.23685,0.35368,-1.0172,2,-50.5,2.5188,921.25,3
142,46.5,0.20168,0.35368,-1.04,3,-64.5,5.9396,920.25,3
143,47.0,0.33066,0.33071999999999996,-0.99434,3,-66.0,1.4143,922.25,3
144,47.25,0.33066,0.33071999999999996,-0.99434,2,-53.5,0.2439,925.25,3
145,47.5,0.45963999999999994,0.26182,-0.9259299999999999,3,-67.0,0.75012,923.25,3
146,47.575,0.45963999999999994,0.26182,-0.9259299999999999,3,-67.0,1.0907,922.75,3
147,48.0,0.45963999999999994,0.26182,-0.9259299999999999,3,-66.0,1.7671,921.75,3
148,48.25,0.30721,0.36516,-1.0057,3,-69.0,0.19788,924.25,3
149,48.5,0.30721,0.36516,-1.0057,3,-65.0,5.622000000000001,920.75,3
150,48.75,0.30721,0.36516,-1.0057,3,-65.0,5.5868,920.75,3
151,49.0,0.30721,0.36516,-1.0057,2,-50.0,2.4666,921.25,3
152,49.075,0.28376,0.3422,-1.0057,3,-65.0,5.9488,920.25,3
153,49.125,0.28376,0.3422,-1.0057,3,-64.5,6.0761,920.25,3
154,49.25,0.28376,0.3422,-1.0057,3,-68.0,0.474,923.75,3
155,49.5,0.28376,0.3422,-1.0057,2,-50.5,1.8853,922.25,3
156,50.0,0.49481,0.25033,-0.9145200000000001,2,-51.0,1.2901,923.25,3
157,50.075,0.49481,0.25033,-0.9259299999999999,2,-50.5,1.6352,922.75,3
158,50.125,0.49481,0.25033,-0.9259299999999999,2,-50.5,1.6506,922.75,3
159,50.25,0.49481,0.25033,-0.9259299999999999,3,-70.0,6.1758,924.75,3
160,51.0,0.54171,0.22737,-0.9145200000000001,2,-49.5,5.9979,920.75,3
161,51.075,0.2134,0.3422,-1.0172,2,-50.0,2.8762,920.75,3
162,51.25,0.33066,0.33071999999999996,-0.99434,2,-50.0,2.4866,921.25,3
163,51.325,0.41273000000000004,0.28478000000000003,-0.97154,3,-65.0,2.1568,921.25,3
164,51.5,0.41273000000000004,0.28478000000000003,-0.97154,3,-64.0,5.9426,920.25,3
165,51.75,0.41273000000000004,0.28478000000000003,-0.97154,3,-68.0,0.48781,923.75,3
166,52.0,0.41273000000000004,0.28478000000000003,-0.97154,2,-50.5,1.8791,922.25,3
167,52.25,0.38928,0.2733,-0.96014,2,-51.5,1.3039,923.25,3
168,52.325,0.38928,0.2733,-0.96014,3,-67.0,3.7889,923.25,3
169,52.5,0.38928,0.2733,-0.96014,3,-66.5,1.1213,922.75,3
170,53.0,0.23685,0.3422,-1.0172,2,-50.5,2.1598,921.75,3
171,53.075,0.23685,0.3422,-1.0172,3,-66.0,4.9394,921.75,3
172,53.5,0.30721,0.3422,-1.0057,3,-65.5,5.6036,920.75,3
173,53.75,0.2134,0.35368,-1.0286,2,-50.0,2.5019,921.25,3
174,53.825,0.20168,0.3422,-1.0286,2,-50.0,2.5065,921.25,3
175,54.0,0.23685,0.33071999999999996,-1.0172,3,-68.5,0.43105,923.75,3
176,54.25,0.23685,0.33071999999999996,-1.0172,3,-66.0,4.5989,922.25,3
177,54.75,0.24858000000000002,0.3422,-1.0172,2,-51.5,1.2671,923.25,3
178,54.825,0.24858000000000002,0.3422,-1.0172,3,-67.5,0.71023,923.25,3
179,55.25,0.22513000000000002,0.35368,-1.0286,2,-50.0,2.1706,921.75,3
180,56.0,0.37756,0.31923,-0.97154,2,-49.5,5.9856,920.75,3
181,56.25,0.48308999999999996,0.25033,-0.9373299999999999,3,-65.0,2.1829,921.25,3
182,56.325,0.48308999999999996,0.25033,-0.9373299999999999,3,-64.5,6.0301,920.25,3
183,56.5,0.48308999999999996,0.25033,-0.9373299999999999,3,-64.5,6.0347,920.25,3
184,56.75,0.48308999999999996,0.25033,-0.9373299999999999,2,-50.0,1.9175,922.25,3
185,56.825,0.2134,0.3422,-1.0286,2,-50.0,1.8822,922.25,3
186,57.0,0.23685,0.33071999999999996,-1.0286,2,-51.0,1.3438,923.25,3
187,57.25,0.33066,0.36516,-0.99434,2,-50.5,1.6045,922.75,3
188,57.325,0.33066,0.36516,-0.99434,3,-66.5,4.3964,922.75,3
189,57.75,0.5534399999999999,0.21588000000000002,-0.90312,2,-50.0,2.2289,921.75,3
190,57.825,0.57689,0.2044,-0.8917200000000001,2,-50.0,2.2258,921.75,3
191,58.5,0.54171,0.22737,-0.9145200000000001,2,-50.0,2.8639,920.75,3
192,58.575,0.38928,0.28478000000000003,-0.9829399999999999,3,-65.0,2.1767,921.25,3
193,58.75,0.22513000000000002,0.3422,-1.0286,3,-65.0,5.9518,920.25,3
194,59.0,0.24858000000000002,0.3422,-1.0172,2,-52.0,1.0446,923.75,3
195,59.075,0.24858000000000002,0.3422,-1.0172,2,-50.0,1.9343,922.25,3
196,59.25,0.24858000000000002,0.35368,-1.0057,2,-50.5,1.9159,922.25,3
197,59.325,0.24858000000000002,0.35368,-1.0057,3,-66.0,4.5789,922.25,3
198,59.75,0.43618999999999997,0.28478000000000003,-0.94873,2,-51.5,1.3284,923.25,3
199,59.825,0.34238,0.33071999999999996,-0.99434,2,-51.0,1.6245,922.75,3
200,60.25,0.22513000000000002,0.36516,-1.0172,3,-66.0,4.9118,921.75,3
201,60.75,0.52999,0.33071999999999996,-0.9145200000000001,3,-65.5,5.6404,920.75,3
202,60.825,0.52999,0.33071999999999996,-0.9145200000000001,3,-65.5,5.8046,920.75,3
203,61.0,0.52999,0.33071999999999996,-0.9145200000000001,2,-50.0,2.5495,921.25,3
204,61.25,0.22513000000000002,0.3422,-1.0286,3,-64.5,6.0562,920.25,3
205,61.5,0.22513000000000002,0.3422,-1.0286,3,-68.0,0.51235,923.75,3
206,62.0,0.2603,0.33071999999999996,-1.0172,3,-67.5,3.9791,923.25,3
207,62.25,0.2603,0.33071999999999996,-1.0172,2,-50.5,1.6122,922.75,3
208,62.5,0.2603,0.3422,-1.0172,3,-70.0,2.9529,924.75,3
209,62.75,0.2603,0.3422,-1.0172,2,-50.0,2.2151,921.75,3
210,62.825,0.24858000000000002,0.35368,-1.0057,3,-68.5,0.13039,924.25,3
211,63.25,0.49481,0.25033,-0.9145200000000001,3,-65.5,2.5142,920.75,3
212,63.5,0.49481,0.25033,-0.9145200000000001,2,-50.0,2.5418,921.25,3
213,63.575,0.28376,0.35368,-1.0172,2,-50.0,0.064427,920.25,3
214,63.75,0.41273000000000004,0.29627,-0.96014,3,-68.5,3.6463,923.75,3
215,64.0,0.41273000000000004,0.29627,-0.96014,2,-50.5,1.9083,922.25,3
216,64.075,0.2603,0.35368,-1.0172,2,-50.5,1.9098,922.25,3
217,64.5,0.50654,0.25033,-0.9145200000000001,2,-51.5,1.3254,923.25,3
218,64.575,0.56517,0.21588000000000002,-0.90312,2,-50.5,1.6045,922.75,3
219,64.75,0.27203,0.35368,-1.0057,2,-52.5,0.48473999999999995,924.75,3
220,65.0,0.27203,0.35368,-1.0057,2,-50.0,2.1875,921.75,3
221,65.075,0.2603,0.3422,-1.0172,2,-50.0,2.1951,921.75,3
222,65.25,0.44791000000000003,0.23885,-0.94873,2,-52.5,0.75625,924.25,3
223,65.325,0.44791000000000003,0.23885,-0.94873,3,-68.5,0.21783000000000002,924.25,3
224,65.75,0.27203,0.36516,-1.0172,3,-64.0,2.4559,920.75,3
225,65.825,0.27203,0.36516,-1.0172,2,-50.0,2.5127,921.25,3
226,66.0,0.2603,0.37665,-1.04,3,-65.0,5.4211,921.25,3
227,66.075,0.2603,0.37665,-1.04,3,-64.5,6.0914,920.25,3
228,66.25,0.2603,0.37665,-1.04,2,-52.0,1.0324,923.75,3
229,66.325,0.2603,0.37665,-1.04,3,-69.0,0.59058,923.75,3
230,66.5,0.42446000000000006,0.46851000000000004,-0.9373299999999999,3,-66.0,4.8121,922.25,3
231,66.75,0.42446000000000006,0.46851000000000004,-0.9373299999999999,3,-66.5,4.1663,923.25,3
232,67.0,0.42446000000000006,0.46851000000000004,-0.9373299999999999,2,-50.5,1.6045,922.75,3
233,67.25,0.37756,0.37665,-0.9373299999999999,2,-50.5,1.5739,922.75,3
234,67.5,0.49481,0.21588000000000002,-0.9373299999999999,2,-50.0,2.1675,921.75,3
235,67.575,0.49481,0.21588000000000002,-0.9373299999999999,2,-49.5,2.1844,921.75,3
236,67.6,0.49481,0.21588000000000002,-0.9373299999999999,2,-50.0,2.1752,921.75,3
237,67.65,0.31893,0.33071999999999996,-0.94873,3,-66.0,1.8899,921.75,3
238,68.0,0.35411,0.3422,-0.9829399999999999,3,-65.0,2.4866,920.75,3
239,68.25,0.2603,0.33071999999999996,-1.0172,3,-65.0,5.2278,921.25,3
240,68.5,0.2134,0.35368,-1.0286,3,-64.0,5.9089,920.25,3
241,68.75,0.2134,0.35368,-1.0286,3,-68.0,0.3881,923.75,3
242,69.0,0.2134,0.35368,-1.0286,2,-50.5,1.8638,922.25,3
243,69.25,0.40101,0.30775,-0.97154,3,-67.5,0.7639199999999999,923.25,3
244,69.5,0.40101,0.30775,-0.97154,2,-50.5,1.5846,922.75,3
245,70.0,0.65897,0.18143,-0.8917200000000001,2,-50.0,2.1951,921.75,3
246,70.075,0.65897,0.18143,-0.8917200000000001,2,-50.0,2.2043,921.75,3
247,70.25,0.24858000000000002,0.35368,-1.0172,3,-69.0,0.033748,924.25,3
248,70.5,0.24858000000000002,0.35368,-1.0172,2,-50.0,2.8179,920.75,3
249,70.575,0.24858000000000002,0.3422,-1.0172,2,-49.5,5.9687,920.75,3
250,70.75,0.29548,0.3422,-0.99434,2,-50.0,2.4819999999999998,921.25,3
251,70.825,0.29548,0.3422,-0.99434,2,-49.5,2.4989,921.25,3
252,70.85,0.29548,0.3422,-0.99434,2,-50.0,0.026077999999999997,920.25,3
253,71.0,0.24858000000000002,0.3422,-1.0172,2,-50.0,0.026077999999999997,920.25,3
254,71.075,0.44791000000000003,0.2733,-0.94873,2,-52.0,0.99555,923.75,3
255,71.25,0.44791000000000003,0.2733,-0.94873,3,-68.0,0.39884000000000003,923.75,3
256,71.75,0.29548,0.3422,-1.0172,3,-67.5,3.9101,923.25,3
257,72.0,0.29548,0.3422,-1.0172,3,-66.5,1.0937,922.75,3
258,72.25,0.28376,0.33071999999999996,-0.99434,3,-65.0,1.7902,921.75,3
259,72.5,0.28376,0.33071999999999996,-0.99434,3,-69.0,0.18101,924.25,3
260,73.0,0.27203,0.38813000000000003,-1.0172,3,-64.5,2.5495,920.75,3
261,73.075,0.27203,0.38813000000000003,-1.0172,3,-64.5,2.2119999999999997,921.25,3
262,73.25,0.27203,0.38813000000000003,-1.0172,2,-50.0,6.1528,920.25,3
263,73.5,0.2603,0.3422,-0.9829399999999999,3,-64.0,2.8455,920.25,3
264,73.6,0.2603,0.3422,-0.9829399999999999,3,-68.0,0.65501,923.75,3
265,73.75,0.2603,0.3422,-0.9829399999999999,3,-65.5,1.7349,922.25,3
266,74.0,0.34238,0.33071999999999996,-0.96014,3,-67.0,4.0252,923.25,3
267,74.25,0.34238,0.33071999999999996,-0.96014,3,-66.0,1.1827,922.75,3
268,74.75,0.58862,0.18143,-0.8917200000000001,3,-70.0,6.1651,924.75,3
269,74.825,0.58862,0.18143,-0.8917200000000001,2,-50.0,2.2181,921.75,3
270,75.0,0.2603,0.3422,-1.0286,2,-52.5,0.7409100000000001,924.25,3
271,75.075,0.2603,0.3422,-1.0286,3,-68.5,0.14726,924.25,3
272,75.25,0.2603,0.3422,-1.0286,3,-64.0,2.5725,920.75,3
273,75.5,0.56517,0.22737,-0.90312,2,-49.5,2.5341,921.25,3
274,75.75,0.37756,0.31923,-0.9829399999999999,2,-50.0,3.1937,920.25,3
275,76.0,0.40101,0.29627,-0.96014,2,-51.5,1.0247,923.75,3
276,76.075,0.40101,0.29627,-0.96014,2,-52.0,0.9986200000000001,923.75,3
277,76.125,0.22513000000000002,0.35368,-1.0286,3,-66.0,1.5033,922.25,3
278,76.25,0.22513000000000002,0.35368,-1.0286,2,-50.0,1.8822,922.25,3
279,76.5,0.35411,0.3422,-0.99434,2,-51.0,1.3039,923.25,3
280,76.575,0.35411,0.3422,-0.99434,2,-51.0,1.31,923.25,3
281,76.75,0.22513000000000002,0.3422,-1.0286,2,-50.5,1.6076,922.75,3
282,77.0,0.44791000000000003,0.25033,-0.94873,2,-50.5,1.5953,922.75,3
283,77.075,0.44791000000000003,0.25033,-0.94873,2,-52.5,0.48473999999999995,924.75,3
284,77.25,0.24858000000000002,0.33071999999999996,-1.0286,3,-65.0,1.8546,921.75,3
285,77.35,0.24858000000000002,0.33071999999999996,-1.0286,2,-52.5,0.72864,924.25,3
286,77.5,0.24858000000000002,0.33071999999999996,-1.0286,3,-68.5,0.14573,924.25,3
287,77.75,0.41273000000000004,0.30775,-0.94873,2,-49.5,5.9979,920.75,3
288,78.0,0.50654,0.25033,-0.9259299999999999,2,-49.5,2.5249,921.25,3
289,78.075,0.50654,0.25033,-0.9259299999999999,2,-49.5,2.5341,921.25,3
290,78.1,0.50654,0.25033,-0.9259299999999999,3,-65.0,5.3689,921.25,3
291,78.25,0.50654,0.25033,-0.9259299999999999,2,-49.5,0.055223,920.25,3
292,78.325,0.23685,0.3422,-1.0172,2,-49.5,0.07363099999999999,920.25,3
293,78.5,0.50654,0.25033,-0.9259299999999999,2,-51.5,1.0278,923.75,3
294,78.575,0.50654,0.25033,-0.9259299999999999,2,-51.5,1.0216,923.75,3
295,78.6,0.22513000000000002,0.3422,-1.0286,3,-65.5,4.6756,922.25,3
296,78.75,0.22513000000000002,0.3422,-1.0286,2,-53.0,0.22089,925.25,3
297,79.0,0.52999,0.23885,-0.8917200000000001,3,-67.0,0.84983,923.25,3
298,79.25,0.52999,0.23885,-0.8917200000000001,3,-66.5,1.2103,922.75,3
299,79.5,0.52999,0.23885,-0.8917200000000001,2,-53.0,0.46019,924.75,3
300,79.575,0.31893,0.35368,-1.0057,3,-65.0,4.9839,921.75,3
301,79.75,0.31893,0.35368,-1.0057,3,-68.5,0.19021,924.25,3
302,80.25,0.6472399999999999,0.2044,-0.88031,2,-49.5,6.0009,920.75,3
303,80.325,0.30721,0.35368,-0.99434,2,-50.0,2.8486,920.75,3
304,80.5,0.23685,0.33071999999999996,-1.0172,2,-49.5,2.5173,921.25,3
305,80.75,0.44791000000000003,0.2733,-0.94873,2,-49.5,0.059825,920.25,3
306,80.825,0.44791000000000003,0.2733,-0.94873,2,-49.5,0.064427,920.25,3
307,80.875,0.44791000000000003,0.2733,-0.94873,2,-49.5,0.049087,920.25,3
308,80.9,0.2603,0.33071999999999996,-1.0286,3,-68.0,0.474,923.75,3
309,81.0,0.2603,0.33071999999999996,-1.0286,2,-50.0,1.8853,922.25,3
310,81.25,0.22513000000000002,0.3422,-1.0172,3,-71.0,5.7678,925.25,3
311,81.5,0.22513000000000002,0.3422,-1.0172,3,-67.0,4.0052,923.25,3
312,81.75,0.23685,0.3422,-1.0172,2,-50.5,1.5923,922.75,3
313,81.825,0.23685,0.3422,-1.0172,3,-66.0,4.332,922.75,3
314,82.0,0.29548,0.3422,-1.0172,3,-65.0,1.8577,921.75,3
315,82.75,0.52999,0.23885,-0.9145200000000001,3,-64.5,2.5449,920.75,3
316,82.825,0.52999,0.23885,-0.9145200000000001,3,-64.5,5.3367,921.25,3
317,83.0,0.52999,0.23885,-0.9145200000000001,3,-64.5,2.1997,921.25,3
318,83.075,0.52999,0.23885,-0.9145200000000001,3,-64.5,6.0638,920.25,3
319,83.5,0.62379,0.19292,-0.8689100000000001,3,-65.5,4.6602,922.25,3
320,84.0,0.34238,0.3422,-0.99434,3,-68.5,3.8242,923.25,3
321,84.075,0.34238,0.3422,-0.99434,3,-67.5,4.2,922.75,3
322,84.5,0.37756,0.30775,-0.97154,2,-50.5,2.1292,921.75,3
323,85.25,0.23685,0.33071999999999996,-1.0286,3,-65.5,5.5822,920.75,3
324,85.325,0.23685,0.33071999999999996,-1.0286,2,-50.5,2.4636,921.25,3
325,85.75,0.24858000000000002,0.3422,-1.0172,3,-69.0,0.39423,923.75,3
326,86.0,0.24858000000000002,0.3422,-1.0172,3,-67.0,1.4419,922.25,3
327,86.25,0.24858000000000002,0.3422,-1.0172,2,-51.5,1.2303,923.25,3
328,86.5,0.2603,0.3422,-1.0172,3,-68.0,0.7133,923.25,3
329,86.575,0.2603,0.3422,-1.0172,3,-67.5,1.06,922.75,3
330,87.0,0.23685,0.3422,-1.0286,3,-66.0,1.7257,921.75,3
331,87.075,0.23685,0.3422,-1.0286,3,-69.5,0.001534,924.25,3
332,87.5,0.30721,0.35368,-1.0172,2,-50.0,2.7918,920.75,3
333,87.575,0.30721,0.35368,-1.0172,3,-65.5,5.5622,920.75,3
334,87.75,0.24858000000000002,0.3422,-1.0172,2,-50.0,2.4513,921.25,3
335,88.0,0.56517,0.19292,-0.90312,2,-50.0,0.016874,920.25,3
336,88.25,0.28376,0.3422,-1.0057,2,-52.0,0.9510700000000001,923.75,3
337,88.5,0.41273000000000004,0.29627,-0.96014,3,-66.5,4.5713,922.25,3
338,88.75,0.23685,0.3422,-1.0172,2,-51.5,1.2257,923.25,3
339,89.0,0.23685,0.3422,-1.0172,2,-51.0,1.5294,922.75,3
340,89.075,0.24858000000000002,0.3422,-1.0172,2,-51.0,1.5263,922.75,3
341,89.5,0.24858000000000002,0.33071999999999996,-1.0286,3,-66.0,4.8857,921.75,3
342,90.0,0.37756,0.30775,-0.97154,3,-65.5,5.619,920.75,3
343,90.25,0.37756,0.30775,-0.97154,2,-50.0,2.436,921.25,3
344,90.5,0.24858000000000002,0.3422,-1.0172,2,-50.0,0.0076698999999999995,920.25,3
345,90.575,0.58862,0.19292,-0.90312,2,-52.0,0.96641,923.75,3
346,90.75,0.58862,0.19292,-0.90312,2,-52.0,0.9510700000000001,923.75,3
347,90.825,0.24858000000000002,0.3422,-1.0172,2,-50.5,1.83,922.25,3
348,91.25,0.37756,0.31923,-0.97154,2,-51.5,1.2287,923.25,3
349,91.325,0.27203,0.33071999999999996,-1.0172,2,-51.5,1.2287,923.25,3
350,91.75,0.24858000000000002,0.33071999999999996,-1.0172,2,-50.0,2.1414,921.75,3
351,91.825,0.24858000000000002,0.33071999999999996,-1.0172,3,-66.0,4.9041,921.75,3
352,92.5,0.2603,0.33071999999999996,-1.0172,3,-65.5,5.6681,920.75,3
353,92.575,0.2603,0.33071999999999996,-1.0172,2,-50.0,2.4467,921.25,3
354,92.75,0.30721,0.3422,-0.99434,2,-50.0,6.2709,920.25,3
355,93.0,0.38928,0.30775,-0.9829399999999999,3,-65.0,5.9641,920.25,3
356,93.25,0.38928,0.30775,-0.9829399999999999,2,-52.5,0.93573,923.75,3
357,93.325,0.23685,0.33071999999999996,-1.0286,2,-50.5,1.8208,922.25,3
358,93.75,0.27203,0.3422,-1.0057,3,-67.5,0.73324,923.25,3
359,94.0,0.27203,0.3422,-1.0057,3,-67.0,1.0876,922.75,3
360,94.25,0.27203,0.33071999999999996,-1.0286,3,-65.5,4.8934,921.75,3
361,94.5,0.27203,0.33071999999999996,-1.0286,2,-52.5,0.6856899999999999,924.25,3
362,95.0,0.62379,0.19292,-0.8917200000000001,2,-50.0,2.4513,921.25,3
363,95.075,0.62379,0.19292,-0.8917200000000001,2,-50.0,5.6006,921.25,3
364,95.125,0.62379,0.19292,-0.8917200000000001,2,-50.0,2.4452,921.25,3
365,95.25,0.24858000000000002,0.3422,-1.0172,2,-50.0,6.274,920.25,3
366,95.325,0.45963999999999994,0.25033,-0.94873,3,-65.0,5.9718,920.25,3
367,95.75,0.23685,0.3422,-1.0172,2,-50.5,1.8254,922.25,3
368,96.0,0.2603,0.33071999999999996,-1.0286,3,-68.0,0.69796,923.25,3
369,96.25,0.2603,0.33071999999999996,-1.0286,2,-51.0,1.5263,922.75,3
370,96.325,0.23685,0.3422,-1.0286,3,-67.0,1.0554,922.75,3
371,96.5,0.23685,0.3422,-1.0286,2,-50.0,2.1491,921.75,3
372,96.75,0.2603,0.33071999999999996,-1.0172,2,-50.0,2.1368,921.75,3
373,97.25,0.47136000000000006,0.26182,-0.9373299999999999,3,-65.0,2.4436,920.75,3
374,97.5,0.47136000000000006,0.26182,-0.9373299999999999,2,-50.0,2.4482,921.25,3
375,97.75,0.36583000000000004,0.33071999999999996,-0.9829399999999999,3,-65.0,5.9396,920.25,3
376,97.825,0.36583000000000004,0.33071999999999996,-0.9829399999999999,2,-52.5,0.9295899999999999,923.75,3
377,98.0,0.36583000000000004,0.33071999999999996,-0.9829399999999999,3,-69.0,0.33901,923.75,3
378,98.25,0.42446000000000006,0.28478000000000003,-0.94873,2,-53.5,0.158,925.25,3
379,98.5,0.24858000000000002,0.33071999999999996,-1.0286,3,-68.0,0.6995,923.25,3
380,98.75,0.24858000000000002,0.33071999999999996,-1.0286,2,-51.0,1.511,922.75,3
381,99.0,0.29548,0.33071999999999996,-1.0172,2,-50.5,2.1154,921.75,3
382,99.25,0.22513000000000002,0.3422,-1.0286,3,-65.0,4.9087,921.75,3
383,99.5,0.22513000000000002,0.3422,-1.0286,3,-69.0,0.001534,924.25,3
384,99.75,0.2603,0.33071999999999996,-1.0172,2,-50.5,5.915,920.75,3
385,100.0,0.24858000000000002,0.31923,-1.0286,3,-64.5,6.0209,920.25,3
386,100.25,0.24858000000000002,0.31923,-1.0286,3,-64.5,5.9856,920.25,3
387,100.5,0.24858000000000002,0.31923,-1.0286,3,-68.5,0.36816,923.75,3
388,100.58,0.24858000000000002,0.31923,-1.0286,2,-50.5,1.8331,922.25,3
389,101.0,0.31893,0.31923,-1.0172,3,-67.5,3.8917,923.25,3
390,101.25,0.31893,0.31923,-1.0172,2,-51.0,1.5278,922.75,3
391,101.5,0.2603,0.3422,-1.0286,2,-50.0,2.1430000000000002,921.75,3
392,101.75,0.23685,0.33071999999999996,-1.0286,2,-52.5,0.71023,924.25,3
393,101.83,0.23685,0.33071999999999996,-1.0286,2,-52.5,0.7133,924.25,3
394,102.25,0.35411,0.33071999999999996,-0.99434,3,-65.0,5.6159,920.75,3
395,102.5,0.2603,0.33071999999999996,-1.0172,3,-65.0,2.1108,921.25,3
396,102.58,0.2603,0.33071999999999996,-1.0172,2,-50.0,0.010738,920.25,3
397,102.75,0.24858000000000002,0.3422,-1.0172,2,-52.0,0.9602700000000001,923.75,3
398,102.83,0.24858000000000002,0.3422,-1.0172,3,-68.5,0.3973,923.75,3
399,103.0,0.24858000000000002,0.3422,-1.0172,3,-66.0,4.5437,922.25,3
400,103.25,0.29548,0.33071999999999996,-1.0172,3,-68.0,0.70717,923.25,3
401,103.5,0.29548,0.33071999999999996,-1.0172,2,-50.5,1.534,922.75,3
402,104.0,0.2603,0.33071999999999996,-1.0172,2,-50.0,2.1399,921.75,3
403,104.25,0.37756,0.28478000000000003,-0.9829399999999999,3,-69.5,3.2566,924.25,3
404,104.5,0.37756,0.28478000000000003,-0.9829399999999999,2,-49.5,2.8072,920.75,3
405,104.58,0.37756,0.28478000000000003,-0.9829399999999999,2,-49.5,5.9518,920.75,3
406,104.75,0.27203,0.33071999999999996,-1.0172,2,-49.5,2.8103,920.75,3
407,104.83,0.27203,0.33071999999999996,-1.0172,2,-49.5,2.4712,921.25,3
408,104.88,0.27203,0.33071999999999996,-1.0172,2,-50.0,2.436,921.25,3
409,105.0,0.2134,0.31923,-1.0514,3,-70.0,3.591,923.75,3
410,105.25,0.2134,0.31923,-1.0514,2,-50.5,1.8178,922.25,3
411,105.5,0.33066,0.33071999999999996,-0.99434,2,-50.0,1.8669,922.25,3
412,105.75,0.49481,0.2044,-0.9259299999999999,3,-68.5,0.7531800000000001,923.25,3
413,106.0,0.49481,0.2044,-0.9259299999999999,3,-68.0,3.9132,923.25,3
414,106.08,0.49481,0.2044,-0.9259299999999999,3,-68.0,1.2625,922.75,3
415,106.25,0.49481,0.2044,-0.9259299999999999,2,-49.5,2.1353,921.75,3
416,106.5,0.29548,0.33071999999999996,-1.0057,3,-66.0,5.0483,921.75,3
417,107.0,0.50654,0.22737,-0.9145200000000001,2,-49.5,5.9703,920.75,3
418,107.08,0.50654,0.22737,-0.9145200000000001,2,-49.5,5.9871,920.75,3
419,107.1,0.50654,0.22737,-0.9145200000000001,2,-49.5,5.9657,920.75,3
420,107.25,0.23685,0.33071999999999996,-1.0286,2,-49.5,2.4758,921.25,3
421,107.33,0.24858000000000002,0.31923,-1.04,2,-49.5,2.4758,921.25,3
422,107.5,0.24858000000000002,0.30775,-1.0286,3,-65.5,6.0715,920.25,3
423,107.75,0.24858000000000002,0.30775,-1.0286,3,-69.0,0.48167,923.75,3
424,107.83,0.24858000000000002,0.30775,-1.0286,2,-50.0,1.8715,922.25,3
425,108.25,0.69414,0.15847,-0.8689100000000001,3,-68.0,4.0451,923.25,3
426,108.5,0.69414,0.15847,-0.8689100000000001,2,-50.5,1.557,922.75,3
427,108.75,0.30721,0.33071999999999996,-1.0172,2,-53.0,0.40957,924.75,3
428,109.0,0.28376,0.33071999999999996,-1.0172,2,-49.5,2.1721,921.75,3
429,109.5,0.31893,0.33071999999999996,-1.0057,2,-49.5,5.9657,920.75,3
430,109.75,0.49481,0.22737,-0.9259299999999999,3,-65.5,5.3873,921.25,3
431,110.0,0.2603,0.33071999999999996,-1.0057,2,-49.5,0.044485000000000004,920.25,3
432,110.08,0.2603,0.33071999999999996,-1.0057,2,-49.5,0.041417,920.25,3
433,110.1,0.2603,0.33071999999999996,-1.0057,3,-69.5,0.48627,923.75,3
434,110.75,0.22513000000000002,0.33071999999999996,-1.0057,2,-51.5,1.2502,923.25,3
435,110.83,0.22513000000000002,0.33071999999999996,-1.0057,3,-68.5,0.8651700000000001,923.25,3
436,110.88,0.22513000000000002,0.33071999999999996,-1.0057,3,-67.5,1.2732,922.75,3
437,111.25,0.60034,0.2044,-0.88031,2,-49.5,2.1138,921.75,3
438,111.75,0.52999,0.22737,-0.9259299999999999,2,-54.0,6.2096,925.75,3
439,112.0,0.27203,0.3422,-1.0286,3,-65.5,5.7509,920.75,3
440,112.25,0.27203,0.3422,-1.0286,3,-65.5,5.4288,921.25,3
441,112.33,0.27203,0.3422,-1.0286,3,-65.0,6.1129,920.25,3
442,112.5,0.27203,0.3422,-1.0286,2,-52.0,0.97715,923.75,3
443,112.75,0.27203,0.3422,-1.0172,3,-67.0,1.6076,922.25,3
444,112.83,0.27203,0.3422,-1.0172,2,-50.5,1.7902,922.25,3
445,113.0,0.49481,0.25033,-0.9259299999999999,2,-51.0,1.2303,923.25,3
446,113.25,0.56517,0.22737,-0.8917200000000001,2,-50.5,1.5417,922.75,3
447,113.75,0.67069,0.19292,-0.88031,2,-50.0,2.1123,921.75,3
448,114.0,0.45963999999999994,0.2733,-0.94873,2,-52.0,0.69489,924.25,3
449,114.08,0.45963999999999994,0.2733,-0.94873,2,-52.5,0.66728,924.25,3
450,114.25,0.36583000000000004,0.33071999999999996,-0.99434,2,-49.5,5.9304,920.75,3
451,114.33,0.24858000000000002,0.33071999999999996,-1.0286,3,-65.5,2.62,920.75,3
452,114.5,0.24858000000000002,0.33071999999999996,-1.0286,2,-49.5,2.4666,921.25,3
453,114.58,0.24858000000000002,0.31923,-1.0172,3,-66.0,5.3919,921.25,3
454,114.75,0.24858000000000002,0.31923,-1.0172,3,-66.0,6.119,920.25,3
455,115.0,0.24858000000000002,0.31923,-1.0172,2,-51.5,0.9434,923.75,3
456,115.25,0.28376,0.3422,-1.0057,2,-50.0,1.8178,922.25,3
457,115.5,0.2603,0.33071999999999996,-1.0172,2,-51.5,1.2195,923.25,3
458,115.75,0.2603,0.33071999999999996,-1.0172,2,-51.5,1.2272,923.25,3
459,116.0,0.27203,0.33071999999999996,-1.0172,2,-52.5,0.43105,924.75,3
460,116.25,0.28376,0.33071999999999996,-1.0057,3,-66.5,1.9696,921.75,3
461,116.33,0.28376,0.33071999999999996,-1.0057,2,-52.5,0.69796,924.25,3
462,116.75,0.42446000000000006,0.30775,-0.96014,3,-66.0,5.7494,920.75,3
463,116.83,0.42446000000000006,0.30775,-0.96014,3,-65.5,5.8199,920.75,3
464,117.0,0.42446000000000006,0.30775,-0.96014,3,-66.0,5.4349,921.25,3
465,117.25,0.42446000000000006,0.30775,-0.96014,3,-65.0,6.0945,920.25,3
466,117.33,0.42446000000000006,0.30775,-0.96014,3,-69.5,3.7659,923.75,3
467,117.75,0.27203,0.33071999999999996,-1.0172,2,-50.0,1.8577,922.25,3
468,118.0,0.31893,0.31923,-1.0057,2,-51.0,1.2763,923.25,3
469,118.25,0.27203,0.35368,-1.0172,3,-67.5,4.4915,922.75,3
470,118.33,0.27203,0.35368,-1.0172,2,-53.0,0.43258,924.75,3
471,118.5,0.51826,0.22737,-0.90312,2,-49.5,2.1629,921.75,3
472,118.75,0.49481,0.26182,-0.94873,2,-52.0,0.71944,924.25,3
473,118.83,0.49481,0.26182,-0.94873,2,-52.5,0.69796,924.25,3
474,119.25,0.27203,0.30775,-1.0057,2,-49.5,2.8118,920.75,3
475,119.5,0.54171,0.21588000000000002,-0.9259299999999999,3,-65.5,5.4686,921.25,3
476,119.58,0.54171,0.21588000000000002,-0.9259299999999999,3,-65.5,6.1666,920.25,3
477,119.75,0.54171,0.21588000000000002,-0.9259299999999999,3,-65.5,6.1467,920.25,3
478,119.83,0.54171,0.21588000000000002,-0.9259299999999999,3,-68.5,0.6642100000000001,923.75,3
479,120.0,0.54171,0.21588000000000002,-0.9259299999999999,2,-50.0,1.8285,922.25,3
480,120.25,0.27203,0.33071999999999996,-1.0172,2,-51.0,1.2395,923.25,3
481,120.5,0.30721,0.33071999999999996,-0.99434,2,-51.0,1.2272,923.25,3
482,120.75,0.35411,0.30775,-0.99434,3,-68.0,1.2763,922.75,3
483,121.0,0.24858000000000002,0.31923,-1.0172,2,-49.5,2.1552,921.75,3
484,121.5,0.2603,0.33071999999999996,-1.0057,2,-49.5,5.9503,920.75,3
485,121.75,0.2603,0.33071999999999996,-1.0057,2,-49.5,2.8072,920.75,3
486,121.83,0.2603,0.33071999999999996,-1.0057,2,-49.5,5.938,920.75,3
487,121.85,0.24858000000000002,0.31923,-1.0172,3,-66.5,5.417999999999999,921.25,3
488,122.0,0.24858000000000002,0.31923,-1.0172,3,-66.0,2.3086,921.25,3
489,122.08,0.24858000000000002,0.31923,-1.0172,2,-49.5,6.274,920.25,3
490,122.25,0.24858000000000002,0.31923,-1.0172,2,-49.5,0.001534,920.25,3
491,122.33,0.28376,0.33071999999999996,-1.0057,3,-68.5,0.6534800000000001,923.75,3
492,122.5,0.28376,0.33071999999999996,-1.0057,3,-66.5,4.7737,922.25,3
493,123.0,0.45963999999999994,0.26182,-0.9373299999999999,2,-51.0,1.2502,923.25,3
494,123.25,0.54171,0.21588000000000002,-0.9145200000000001,2,-50.5,1.5493,922.75,3
495,123.5,0.56517,0.21588000000000002,-0.90312,2,-49.5,2.1338,921.75,3
496,124.0,0.2603,0.33071999999999996,-1.0172,2,-49.5,5.9626,920.75,3
497,124.25,0.29548,0.33071999999999996,-1.0057,2,-49.5,2.4712,921.25,3
498,124.33,0.40101,0.30775,-0.97154,2,-49.5,2.4682,921.25,3
499,124.5,0.48308999999999996,0.25033,-0.9373299999999999,2,-49.5,0.001534,920.25,3
500,124.75,0.42446000000000006,0.28478000000000003,-0.94873,2,-51.5,0.98175,923.75,3
501,124.83,0.28376,0.33071999999999996,-1.0057,2,-50.0,1.8224,922.25,3
502,124.85,0.28376,0.33071999999999996,-1.0057,2,-49.5,1.8530000000000002,922.25,3
503,125.25,0.29548,0.33071999999999996,-1.0172,2,-51.0,1.3023,923.25,3
504,125.33,0.29548,0.33071999999999996,-1.0172,3,-68.0,0.9694799999999999,923.25,3
505,125.75,0.45963999999999994,0.26182,-0.94873,3,-70.0,6.2617,924.75,3
506,126.0,0.42446000000000006,0.28478000000000003,-0.96014,3,-66.0,1.9635,921.75,3
507,126.5,0.30721,0.3422,-1.0172,2,-49.5,2.8225,920.75,3
508,126.58,0.30721,0.3422,-1.0172,2,-49.5,5.9733,920.75,3
509,126.63,0.30721,0.3422,-1.0172,2,-49.5,5.9549,920.75,3
510,126.65,0.27203,0.33071999999999996,-1.0057,3,-65.0,5.7417,920.75,3
511,126.75,0.27203,0.33071999999999996,-1.0057,3,-65.5,5.3919,921.25,3
512,127.0,0.27203,0.33071999999999996,-1.0057,2,-49.5,0.026077999999999997,920.25,3
513,127.08,0.27203,0.33071999999999996,-1.0057,2,-49.0,0.033748,920.25,3
514,127.13,0.33066,0.31923,-1.0057,2,-51.5,1.0170000000000001,923.75,3
515,127.15,0.33066,0.31923,-1.0057,3,-68.5,0.59672,923.75,3
516,127.25,0.33066,0.31923,-1.0057,2,-50.0,1.85,922.25,3
517,127.33,0.28376,0.33071999999999996,-1.0172,3,-66.0,4.7262,922.25,3
518,127.75,0.28376,0.33071999999999996,-1.0172,2,-51.0,1.2824,923.25,3
519,127.83,0.35411,0.33071999999999996,-1.0057,3,-67.5,4.0221,923.25,3
520,128.0,0.35411,0.33071999999999996,-1.0057,2,-50.5,1.5769,922.75,3
521,128.25,0.38928,0.31923,-0.97154,2,-50.0,2.0908,921.75,3
522,128.75,0.33066,0.33071999999999996,-0.99434,2,-54.0,6.254,925.75,3
523,128.83,0.33066,0.33071999999999996,-0.99434,2,-49.5,5.9779,920.75,3
524,129.0,0.33066,0.33071999999999996,-0.99434,2,-49.5,5.9979,920.75,3
525,129.08,0.2603,0.33071999999999996,-1.0172,2,-49.5,2.8333,920.75,3
526,129.13,0.2603,0.33071999999999996,-1.0172,2,-49.5,2.5249,921.25,3
527,129.25,0.50654,0.22737,-0.9145200000000001,3,-66.0,2.3148,921.25,3
528,129.5,0.50654,0.22737,-0.9145200000000001,2,-49.5,0.064427,920.25,3
529,129.58,0.50654,0.22737,-0.9145200000000001,2,-49.5,0.07976699999999999,920.25,3
530,129.63,0.29548,0.33071999999999996,-1.0172,3,-69.5,3.8211,923.75,3
531,129.75,0.29548,0.33071999999999996,-1.0172,3,-67.0,4.8244,922.25,3
532,130.25,0.30721,0.33071999999999996,-1.0057,3,-68.0,4.177,923.25,3
533,130.33,0.30721,0.33071999999999996,-1.0057,3,-67.0,4.49,922.75,3
534,130.75,0.58862,0.21588000000000002,-0.90312,2,-49.5,2.1399,921.75,3
535,131.25,0.27203,0.31923,-1.0172,2,-49.5,2.8026,920.75,3
536,131.5,0.28376,0.31923,-0.99434,3,-65.5,5.7724,920.75,3
537,131.58,0.28376,0.31923,-0.99434,3,-66.0,5.3797,921.25,3
538,131.75,0.28376,0.31923,-0.99434,3,-65.0,6.0301,920.25,3
539,131.83,0.28376,0.31923,-0.99434,3,-65.0,6.0761,920.25,3
540,132.25,0.65897,0.18143,-0.8689100000000001,2,-50.0,1.8454,922.25,3
541,132.75,0.35411,0.33071999999999996,-0.99434,3,-67.5,4.4025,922.75,3
542,133.0,0.50654,0.23885,-0.9145200000000001,3,-66.0,5.0514,921.75,3
543,133.25,0.50654,0.23885,-0.9145200000000001,2,-52.5,0.6995,924.25,3
544,133.75,0.28376,0.33071999999999996,-1.0057,3,-65.5,2.6154,920.75,3
545,134.0,0.28376,0.33071999999999996,-1.0057,2,-49.5,5.9549,920.75,3
546,134.08,0.2603,0.33071999999999996,-1.0172,2,-49.5,2.4712,921.25,3
547,134.25,0.47136000000000006,0.25033,-0.94873,2,-49.5,0.0061359,920.25,3
548,134.33,0.47136000000000006,0.25033,-0.94873,2,-49.5,0.010738,920.25,3
549,134.38,0.47136000000000006,0.25033,-0.94873,2,-49.5,6.2817,920.25,3
550,134.4,0.29548,0.33071999999999996,-1.0057,2,-49.5,0.003068,920.25,3
551,134.5,0.52999,0.21588000000000002,-0.9145200000000001,3,-69.5,3.7184,923.75,3
552,134.75,0.52999,0.21588000000000002,-0.9145200000000001,3,-67.0,1.6322,922.25,3
553,135.0,0.52999,0.21588000000000002,-0.9145200000000001,2,-51.0,1.2594,923.25,3
554,135.08,0.29548,0.33071999999999996,-1.0172,3,-67.5,0.9449299999999999,923.25,3
555,135.25,0.29548,0.33071999999999996,-1.0172,2,-50.5,1.5417,922.75,3
556,135.5,0.27203,0.33071999999999996,-1.0172,3,-66.0,5.0529,921.75,3
557,136.0,0.37756,0.33071999999999996,-0.97154,2,-52.5,0.67188,924.25,3
558,136.25,0.24858000000000002,0.33071999999999996,-1.0172,3,-65.5,2.5602,920.75,3
559,136.33,0.24858000000000002,0.33071999999999996,-1.0172,2,-49.5,2.4743,921.25,3
560,136.38,0.24858000000000002,0.33071999999999996,-1.0172,2,-49.0,2.4866,921.25,3
561,136.5,0.33066,0.33071999999999996,-0.99434,2,-49.5,2.4682,921.25,3
562,136.75,0.28376,0.33071999999999996,-1.0057,3,-65.0,6.1298,920.25,3
563,136.8,0.28376,0.33071999999999996,-1.0057,2,-51.5,0.9986200000000001,923.75,3
564,137.0,0.38928,0.33071999999999996,-0.9829399999999999,3,-66.5,4.7262,922.25,3
565,137.5,0.65897,0.18143,-0.8689100000000001,2,-51.0,1.2671,923.25,3
566,137.58,0.2603,0.33071999999999996,-1.0172,3,-68.0,4.1187,923.25,3
567,137.75,0.2603,0.33071999999999996,-1.0172,2,-50.5,1.5662,922.75,3
568,138.0,0.43618999999999997,0.30775,-0.96014,2,-49.5,2.1537,921.75,3
569,138.08,0.43618999999999997,0.30775,-0.96014,2,-49.5,2.1644,921.75,3
570,138.1,0.43618999999999997,0.30775,-0.96014,2,-49.5,2.1445,921.75,3
571,138.25,0.27203,0.33071999999999996,-1.0172,2,-49.5,2.1568,921.75,3
572,138.33,0.38928,0.31923,-0.9829399999999999,2,-52.5,0.70563,924.25,3
573,138.35,0.38928,0.31923,-0.9829399999999999,2,-53.5,6.2464,925.75,3
574,138.75,0.61207,0.2044,-0.8917200000000001,3,-65.5,5.7417,920.75,3
575,138.83,0.61207,0.2044,-0.8917200000000001,3,-65.5,5.4057,921.25,3
576,139.0,0.61207,0.2044,-0.8917200000000001,3,-65.0,6.0638,920.25,3
577,139.25,0.61207,0.2044,-0.8917200000000001,3,-65.5,6.0531,920.25,3
578,139.33,0.61207,0.2044,-0.8917200000000001,3,-69.5,0.55837,923.75,3
579,140.0,0.47136000000000006,0.26182,-0.9373299999999999,3,-69.0,4.0773,923.25,3
580,140.08,0.47136000000000006,0.26182,-0.9373299999999999,3,-68.5,4.5099,922.75,3
581,140.5,0.36583000000000004,0.31923,-0.99434,2,-49.5,2.12,921.75,3
582,140.58,0.31893,0.31923,-0.99434,2,-52.0,0.73324,924.25,3
583,141.0,0.29548,0.31923,-1.0172,2,-49.5,2.8057,920.75,3
584,141.25,0.30721,0.33071999999999996,-0.99434,3,-65.0,5.7079,920.75,3
585,141.33,0.30721,0.33071999999999996,-0.99434,3,-65.5,5.3643,921.25,3
586,141.5,0.30721,0.33071999999999996,-0.99434,3,-65.0,6.1037,920.25,3
587,141.75,0.30721,0.33071999999999996,-0.99434,2,-52.0,0.9587399999999999,923.75,3
588,141.83,0.41273000000000004,0.31923,-0.97154,2,-50.5,1.8178,922.25,3
589,142.25,0.40101,0.33071999999999996,-0.96014,3,-69.5,3.8626,923.25,3
590,142.5,0.40101,0.33071999999999996,-0.96014,2,-51.5,1.3913,922.75,3
591,143.0,0.35411,0.35368,-0.99434,2,-50.0,1.9942,921.75,3
592,143.5,0.28376,0.33071999999999996,-1.0172,3,-66.0,5.5729999999999995,920.75,3
593,143.75,0.28376,0.33071999999999996,-1.0172,2,-50.0,2.2657,921.25,3
594,143.83,0.27203,0.35368,-0.9259299999999999,3,-66.5,5.8982,920.25,3
595,144.0,0.27203,0.35368,-0.9259299999999999,2,-49.5,6.1329,920.25,3
596,144.25,0.22513000000000002,0.33071999999999996,-1.0628,2,-50.5,1.6904,922.25,3
597,144.5,0.18995,0.29627,-1.0742,2,-50.5,1.7181,922.25,3
598,145.0,0.28376,0.33071999999999996,-0.99434,3,-69.0,4.2323,922.75,3
599,145.25,0.24858000000000002,0.31923,-0.99434,2,-50.0,2.008,921.75,3
600,145.5,0.23685,0.29627,-1.0514,2,-52.5,0.63507,924.25,3
601,146.0,0.28376,0.31923,-1.0172,3,-66.5,5.6435,920.75,3
602,146.25,0.28376,0.31923,-1.0172,2,-50.0,2.4206,921.25,3
603,146.33,0.28376,0.31923,-1.0172,2,-49.5,2.439,921.25,3
604,146.38,0.30721,0.30775,-1.0172,2,-49.5,6.2433,920.25,3
605,146.5,0.47136000000000006,0.23885,-0.94873,2,-52.0,0.90351,923.75,3
606,146.75,0.44791000000000003,0.26182,-0.94873,2,-50.0,1.7656,922.25,3
607,147.0,0.48308999999999996,0.23885,-0.9373299999999999,2,-51.5,1.1275,923.25,3
608,147.25,0.44791000000000003,0.2733,-0.96014,3,-68.5,4.1571,922.75,3
609,147.75,0.44791000000000003,0.2733,-0.96014,2,-50.0,1.9880000000000002,921.75,3
610,147.83,0.28376,0.3422,-1.0172,2,-50.5,1.9896,921.75,3
611,148.5,0.31893,0.35368,-1.0057,2,-50.0,2.6124,920.75,3
612,148.75,0.29548,0.33071999999999996,-1.0057,2,-50.0,2.2626,921.25,3
613,148.83,0.41273000000000004,0.30775,-0.97154,2,-50.0,6.0485,920.25,3
614,149.25,0.27203,0.3422,-1.0057,3,-68.0,4.5544,922.25,3
615,149.5,0.27203,0.3422,-1.0057,3,-70.0,0.72097,923.25,3
616,150.0,0.35411,0.3422,-0.99434,3,-68.5,4.2706,922.75,3
617,150.25,0.35411,0.3422,-0.99434,2,-50.0,1.9528,921.75,3
618,150.5,0.30721,0.3422,-1.0172,2,-53.0,0.5767800000000001,924.25,3
619,150.75,0.62379,0.21588000000000002,-0.8917200000000001,2,-49.5,2.5602,920.75,3
620,150.83,0.62379,0.21588000000000002,-0.8917200000000001,2,-49.5,2.5725,920.75,3
621,150.88,0.62379,0.21588000000000002,-0.8917200000000001,2,-50.0,2.5541,920.75,3
622,151.0,0.29548,0.3422,-0.99434,3,-66.5,5.5239,920.75,3
623,151.08,0.29548,0.3422,-0.99434,2,-50.0,2.2457,921.25,3
624,151.25,0.28376,0.3422,-1.0057,2,-50.0,6.0393,920.25,3
625,151.75,0.42446000000000006,0.30775,-0.96014,2,-50.5,1.6705,922.25,3
626,152.0,0.34238,0.33071999999999996,-1.0057,2,-51.5,1.129,923.25,3
627,152.08,0.34238,0.33071999999999996,-1.0057,3,-69.5,0.73324,923.25,3
628,152.5,0.38928,0.33071999999999996,-0.9829399999999999,2,-50.5,1.9497,921.75,3
629,153.25,0.30721,0.33071999999999996,-1.0057,2,-49.5,2.5633,920.75,3
630,153.5,0.5534399999999999,0.23885,-0.90312,3,-66.0,5.1036,921.25,3
631,153.75,0.27203,0.35368,-0.99434,3,-65.5,5.8169,920.25,3
632,154.0,0.36583000000000004,0.35368,-0.99434,2,-50.5,1.6552,922.25,3
633,154.08,0.36583000000000004,0.35368,-0.99434,3,-67.5,4.5084,922.25,3
634,154.5,0.37756,0.3422,-0.99434,3,-69.5,0.72711,923.25,3
635,154.75,0.37756,0.3422,-0.99434,2,-51.0,1.3698,922.75,3
636,155.0,0.34238,0.33071999999999996,-0.99434,2,-50.0,1.9466,921.75,3
637,155.25,0.34238,0.33071999999999996,-0.99434,3,-67.0,4.8412,921.75,3
638,155.75,0.42446000000000006,0.29627,-0.94873,3,-66.5,2.3209,920.75,3
639,155.83,0.42446000000000006,0.29627,-0.94873,2,-49.5,2.5541,920.75,3
640,155.88,0.28376,0.35368,-0.99434,3,-66.5,1.985,921.25,3
641,156.0,0.28376,0.35368,-0.99434,2,-50.0,2.887,920.25,3
642,156.25,0.28376,0.33071999999999996,-1.0172,2,-50.0,6.0285,920.25,3
643,156.5,0.47136000000000006,0.28478000000000003,-0.96014,2,-51.5,1.4297,922.25,3
644,156.55,0.45963999999999994,0.39960999999999997,-0.97154,2,-49.0,1.7181,922.25,3
645,156.75,0.2134,0.35368,-1.0628,3,-65.5,0.7025600000000001,925.25,3
646,157.0,0.2134,0.35368,-1.0628,3,-61.5,1.7211,923.25,3
647,157.08,0.2134,0.35368,-1.0628,3,-61.5,1.8377,923.25,3
648,157.25,0.1196,0.2733,-1.0628,3,-61.0,2.0877,922.75,3
649,157.5,0.34238,0.15847,-0.99434,2,-51.0,0.78386,924.75,3
650,157.58,0.34238,0.15847,-0.99434,2,-47.0,2.6246,921.75,3
651,157.6,-0.06800700000000001,0.38813000000000003,-1.0742,2,-47.0,2.6154,921.75,3
652,157.65,-0.079733,0.37665,-1.0742,2,-48.0,2.8731,921.75,3
653,159.0,0.084423,1.1231,-0.32156999999999997,3,-60.0,5.9764,922.25,1
654,159.58,0.084423,1.1231,-0.32156999999999997,1,-68.5,4.4731,922.75,1
655,159.75,0.084423,1.1231,-0.32156999999999997,3,-59.5,3.9715,924.75,1
656,160.0,0.48308999999999996,0.8704200000000001,0.043332,2,-62.5,3.6478,924.25,1
657,160.75,0.48308999999999996,0.8704200000000001,0.043332,1,-66.0,0.44332,921.25,1
658,162.0,0.29548,0.92784,-0.036489999999999995,1,-68.5,6.2817,922.75,4
659,163.25,0.63552,0.97377,-0.41279,2,-66.5,5.5285,921.25,4
660,164.0,0.88175,0.61779,0.020525,1,-64.0,0.1626,925.25,4
661,166.5,0.9169299999999999,0.8704200000000001,0.11175,1,-53.0,0.23317,923.25,4
662,166.75,0.9169299999999999,0.8704200000000001,0.11175,1,-51.5,0.015340000000000001,923.25,4
663,167.0,0.58862,0.8589399999999999,-0.047893,1,-50.0,5.0744,922.75,4
664,167.25,0.1665,0.92784,-0.025087,1,-50.5,2.2795,921.75,4
665,168.0,0.2134,0.98526,0.10035,1,-60.0,0.087437,921.25,4
666,441.25,0.54171,0.72114,-0.66366,3,-59.5,4.2813,923.75,1
667,441.75,0.65897,0.16995,-0.99434,3,-59.5,0.7179,925.25,3
668,442.0,0.65897,0.16995,-0.99434,3,-59.5,1.1397,922.75,3
669,443.0,0.65897,0.16995,-0.99434,3,-59.0,0.8651700000000001,920.75,3
670,443.5,0.51826,0.21588000000000002,-0.99434,3,-60.5,1.2395,920.25,3
671,443.58,0.51826,0.21588000000000002,-0.99434,3,-68.0,4.8167,923.75,3
672,444.25,0.15478,0.3422,-1.0286,3,-69.0,0.57217,923.25,3
673,444.5,0.15478,0.3422,-1.0286,3,-67.5,4.2092,922.75,3
674,444.75,0.15478,0.3422,-1.0286,2,-51.5,2.0387,921.75,3
675,445.03,0.18995,0.28478000000000003,-1.0286,2,-53.0,0.7808,924.25,3
676,445.08,0.18995,0.28478000000000003,-1.0286,3,-68.0,0.34515,924.25,3
677,445.75,0.34238,0.2733,-1.0057,2,-51.0,5.5699,921.25,3
678,445.83,0.34238,0.2733,-1.0057,3,-63.5,2.2764,921.25,3
679,446.0,0.1665,0.29627,-1.0628,2,-51.0,6.1789,920.25,3
680,446.08,0.1665,0.29627,-1.0742,3,-63.5,6.0592,920.25,3
681,446.25,0.1665,0.29627,-1.0742,2,-51.5,1.827,922.25,3
682,446.5,0.33066,0.28478000000000003,-0.99434,3,-69.5,2.7289999999999996,925.25,3
683,447.25,0.27203,0.29627,-1.04,2,-51.5,2.0509,921.75,3
684,447.5,0.38928,0.22737,-0.9829399999999999,3,-69.5,0.10737999999999999,924.25,3
685,448.0,0.34238,0.25033,-1.0057,2,-51.5,2.6523,920.75,3
686,448.25,0.18995,0.28478000000000003,-1.0628,3,-64.5,5.3413,921.25,3
687,448.5,0.18995,0.28478000000000003,-1.0628,3,-64.0,5.9979,920.25,3
688,448.75,0.20168,0.30775,-1.0514,3,-65.0,4.7645,922.25,3
689,449.25,0.20168,0.30775,-1.0514,3,-67.0,4.1525,923.25,3
690,449.75,0.17823,0.29627,-1.0514,2,-51.5,2.0479,921.75,3
691,450.0,0.17823,0.28478000000000003,-1.0514,3,-68.5,0.39576999999999996,924.25,3
692,450.5,0.45963999999999994,0.18143,-0.94873,2,-51.0,5.7938,920.75,3
693,450.75,0.22513000000000002,0.29627,-1.0514,3,-64.5,6.1421,920.25,3
694,451.25,0.29548,0.2733,-1.0172,2,-51.5,1.804,922.25,3
695,451.33,0.29548,0.2733,-1.0172,3,-65.5,4.7737,922.25,3
696,451.5,0.29548,0.2733,-1.0172,2,-52.0,1.2409999999999999,923.25,3
697,451.75,0.22513000000000002,0.29627,-1.04,2,-52.0,1.4909999999999999,922.75,3
698,451.83,0.22513000000000002,0.29627,-1.04,3,-66.0,1.3039,922.75,3
699,452.25,0.51826,0.16995,-0.9259299999999999,2,-51.5,2.0571,921.75,3
700,452.33,0.51826,0.16995,-0.9259299999999999,2,-51.5,2.0525,921.75,3
701,452.5,0.17823,0.29627,-1.04,2,-53.0,0.69029,924.25,3
702,452.75,0.54171,0.14698,-0.9145200000000001,2,-51.0,5.8169,920.75,3
703,453.25,0.31893,0.25033,-1.0286,3,-64.0,6.1574,920.25,3
704,453.5,0.31893,0.25033,-1.0286,3,-67.5,0.61666,923.75,3
705,454.0,0.20168,0.28478000000000003,-1.0514,3,-66.5,4.1494,923.25,3
706,454.25,0.45963999999999994,0.19292,-0.96014,3,-69.5,0.032214,924.75,3
707,454.5,0.45963999999999994,0.19292,-0.96014,2,-51.0,2.0586,921.75,3
708,455.25,0.18995,0.28478000000000003,-1.0628,2,-51.0,5.846,920.75,3
709,455.33,0.18995,0.28478000000000003,-1.0628,2,-51.0,2.4022,921.25,3
710,455.5,0.27203,0.28478000000000003,-1.04,3,-64.5,6.1635,920.25,3
711,455.75,0.27203,0.28478000000000003,-1.04,2,-52.5,0.99249,923.75,3
712,456.0,0.37756,0.21588000000000002,-0.96014,2,-51.5,1.7779,922.25,3
713,456.08,0.37756,0.21588000000000002,-0.96014,3,-65.5,1.6199,922.25,3
714,456.5,0.35411,0.23885,-1.0057,3,-66.5,0.9679399999999999,923.25,3
715,456.75,0.35411,0.23885,-1.0057,3,-66.0,1.3330000000000002,922.75,3
716,457.0,0.33066,0.26182,-1.0172,3,-64.5,1.9957,921.75,3
717,457.5,0.38928,0.22737,-0.97154,3,-65.0,5.8199,920.75,3
718,458.0,0.17823,0.28478000000000003,-1.0628,2,-51.0,6.1574,920.25,3
719,458.25,0.18995,0.28478000000000003,-1.0514,2,-51.0,6.162000000000001,920.25,3
720,458.5,0.23685,0.28478000000000003,-1.04,2,-51.5,1.7825,922.25,3
721,458.58,0.23685,0.28478000000000003,-1.04,3,-65.0,4.8382,922.25,3
722,459.0,0.18995,0.28478000000000003,-1.0514,3,-66.5,4.1878,923.25,3
723,459.25,0.18995,0.28478000000000003,-1.0514,3,-65.5,4.5007,922.75,3
724,459.5,0.22513000000000002,0.28478000000000003,-1.04,3,-65.0,2.0295,921.75,3
725,460.0,0.22513000000000002,0.28478000000000003,-1.04,3,-64.5,5.8445,920.75,3
726,460.25,0.18995,0.28478000000000003,-1.0628,2,-51.0,2.4022,921.25,3
727,460.5,0.20168,0.28478000000000003,-1.0514,2,-51.0,6.1727,920.25,3
728,460.6,0.20168,0.28478000000000003,-1.0514,3,-64.0,6.231,920.25,3
729,461.5,0.33066,0.25033,-1.0057,3,-65.5,4.4976,922.75,3
730,462.0,0.49481,0.15847,-0.94873,3,-64.5,2.0172,921.75,3
731,462.5,0.45963999999999994,0.18143,-0.96014,3,-64.0,2.7121,920.75,3
732,462.75,0.45963999999999994,0.18143,-0.96014,2,-51.5,2.3746,921.25,3
733,463.0,0.2603,0.28478000000000003,-1.0286,3,-64.0,6.2264,920.25,3
734,463.25,0.2603,0.28478000000000003,-1.0286,3,-65.0,1.6828,922.25,3
735,463.5,0.2603,0.28478000000000003,-1.0286,3,-65.0,4.8443,922.25,3
736,463.75,0.2134,0.29627,-1.04,3,-65.5,1.3559999999999999,922.75,3
737,464.5,0.23685,0.28478000000000003,-1.0286,3,-68.0,0.34975,924.25,3
738,465.0,0.22513000000000002,0.28478000000000003,-1.0514,3,-64.0,5.846,920.75,3
739,465.25,0.22513000000000002,0.28478000000000003,-1.0514,3,-64.0,5.4886,921.25,3
740,465.5,0.22513000000000002,0.28478000000000003,-1.0514,3,-64.0,6.2157,920.25,3
741,465.75,0.49481,0.18143,-0.94873,2,-51.5,1.8193,922.25,3
742,465.85,0.49481,0.18143,-0.94873,2,-52.0,1.7978,922.25,3
743,466.25,0.18995,0.28478000000000003,-1.0514,2,-52.0,1.5463,922.75,3
744,466.33,0.18995,0.28478000000000003,-1.0514,3,-65.5,4.4976,922.75,3
745,466.5,0.18995,0.28478000000000003,-1.0514,3,-69.5,0.07976699999999999,924.75,3
746,466.75,0.18995,0.28478000000000003,-1.0514,2,-51.5,2.0862,921.75,3
747,467.25,0.2134,0.28478000000000003,-1.04,2,-51.0,5.8015,920.75,3
748,467.5,0.23685,0.2733,-1.0514,3,-63.5,5.8429,920.75,3
749,467.75,0.2603,0.28478000000000003,-1.0286,3,-63.5,6.2142,920.25,3
750,468.0,0.2603,0.28478000000000003,-1.0286,3,-67.0,3.835,923.75,3
751,468.25,0.2603,0.28478000000000003,-1.0286,2,-51.5,1.8224,922.25,3
752,468.33,0.2603,0.28478000000000003,-1.0286,3,-64.5,1.7089,922.25,3
753,468.75,0.27203,0.28478000000000003,-1.0286,3,-66.0,4.1908,923.25,3
754,469.0,0.27203,0.28478000000000003,-1.0286,3,-65.5,4.5176,922.75,3
755,469.25,0.2134,0.2733,-1.04,3,-64.0,2.0402,921.75,3
756,469.5,0.2134,0.2733,-1.04,2,-53.0,0.7225,924.25,3
757,469.75,0.56517,0.1355,-0.9145200000000001,2,-51.0,5.8092,920.75,3
758,470.5,0.24858000000000002,0.28478000000000003,-1.04,2,-52.5,0.98635,923.75,3
759,470.58,0.35411,0.22737,-1.0057,3,-64.5,1.6935,922.25,3
760,470.75,0.35411,0.22737,-1.0057,3,-70.0,2.9345,925.25,3
761,471.0,0.35411,0.22737,-1.0057,3,-66.5,1.0723,923.25,3
762,471.5,0.40101,0.2044,-0.97154,3,-69.5,0.07976699999999999,924.75,3
763,471.75,0.40101,0.2044,-0.97154,2,-51.5,2.0739,921.75,3
764,472.25,0.27203,0.28478000000000003,-1.04,2,-51.0,2.6860000000000004,920.75,3
765,472.33,0.27203,0.28478000000000003,-1.04,2,-51.0,5.8215,920.75,3
766,472.5,0.37756,0.22737,-0.99434,2,-51.0,6.1421,920.25,3
767,472.75,0.17823,0.28478000000000003,-1.0628,3,-63.5,6.2188,920.25,3
768,473.0,0.17823,0.28478000000000003,-1.0628,3,-67.5,0.6764899999999999,923.75,3
769,473.5,0.43618999999999997,0.18143,-0.96014,2,-52.5,1.2425,923.25,3
770,473.58,0.24858000000000002,0.28478000000000003,-1.04,3,-65.5,1.3622,922.75,3
771,474.03,0.51826,0.15847,-0.9259299999999999,3,-64.5,5.1649,921.75,3
772,475.0,0.28376,0.26182,-1.04,3,-64.0,5.4963,921.25,3
773,475.08,0.28376,0.26182,-1.04,2,-51.0,6.1574,920.25,3
774,475.25,0.22513000000000002,0.29627,-1.04,3,-67.5,0.65961,923.75,3
775,475.5,0.22513000000000002,0.29627,-1.04,3,-64.5,1.6628,922.25,3
776,475.75,0.31893,0.25033,-1.0057,3,-66.0,4.1602,923.25,3
777,476.0,0.31893,0.25033,-1.0057,2,-51.5,1.5386,922.75,3
778,476.25,0.24858000000000002,0.28478000000000003,-1.04,3,-69.5,0.09510700000000001,924.75,3
779,476.75,0.38928,0.21588000000000002,-0.9829399999999999,3,-68.5,0.39116999999999996,924.25,3
780,477.25,0.20168,0.28478000000000003,-1.0514,2,-51.0,2.6737,920.75,3
781,477.5,0.22513000000000002,0.26182,-1.0628,2,-51.0,6.1528,920.25,3
782,477.58,0.22513000000000002,0.26182,-1.0628,3,-63.5,6.2126,920.25,3
783,478.0,0.35411,0.21588000000000002,-1.0057,2,-51.5,1.7994,922.25,3
784,478.08,0.35411,0.21588000000000002,-1.0057,3,-70.5,6.1605,925.25,3
785,478.5,0.56517,0.1355,-0.9145200000000001,2,-51.5,1.5263,922.75,3
786,478.6,0.56517,0.1355,-0.9145200000000001,3,-65.0,1.3606,922.75,3
787,479.25,0.37756,0.21588000000000002,-0.99434,3,-68.5,0.42798,924.25,3
788,479.5,0.37756,0.21588000000000002,-0.99434,2,-51.0,5.8061,920.75,3
789,479.75,0.20168,0.2733,-1.0628,2,-51.0,5.8169,920.75,3
790,479.83,0.35411,0.22737,-1.0057,2,-51.0,2.3501,921.25,3
791,480.0,0.35411,0.22737,-1.0057,2,-51.0,6.1528,920.25,3
792,480.25,0.33066,0.2733,-1.0172,3,-67.0,3.858,923.75,3
793,480.5,0.33066,0.2733,-1.0172,3,-64.5,4.8504,922.25,3
794,480.58,0.33066,0.2733,-1.0172,3,-69.5,6.0792,925.25,3
795,481.0,0.17823,0.28478000000000003,-1.0628,2,-51.5,1.5232,922.75,3
796,481.08,0.17823,0.28478000000000003,-1.0628,3,-65.0,4.4792,922.75,3
797,481.5,0.31893,0.25033,-1.0172,3,-64.0,5.1818,921.75,3
798,481.58,0.31893,0.25033,-1.0172,3,-67.5,0.33441,924.25,3
799,482.0,0.17823,0.28478000000000003,-1.0628,2,-51.0,5.8337,920.75,3
800,482.25,0.34238,0.21588000000000002,-1.0057,3,-63.5,6.2356,920.25,3
801,483.0,0.38928,0.22737,-0.9829399999999999,2,-51.5,1.807,922.25,3
802,483.08,0.38928,0.22737,-0.9829399999999999,3,-70.0,6.1175,925.25,3
803,483.5,0.24858000000000002,0.28478000000000003,-1.04,2,-51.5,1.5294,922.75,3
804,483.58,0.24858000000000002,0.28478000000000003,-1.04,3,-65.0,1.3744,922.75,3
805,483.75,0.20168,0.2733,-1.0514,3,-64.0,2.0402,921.75,3
806,484.0,0.20168,0.2733,-1.0514,3,-68.0,0.35281999999999997,924.25,3
807,484.5,0.20168,0.28478000000000003,-1.04,3,-63.5,2.7688,920.75,3
808,484.58,0.20168,0.28478000000000003,-1.04,2,-51.0,2.3547,921.25,3
809,484.75,0.20168,0.28478000000000003,-1.0514,2,-51.0,2.9974,920.25,3
810,485.0,0.18995,0.26182,-1.0628,3,-63.5,6.254,920.25,3
811,485.25,0.34238,0.25033,-1.0172,2,-51.5,1.7794,922.25,3
812,485.5,0.34238,0.25033,-1.0172,3,-69.5,6.0684,925.25,3
813,485.75,0.34238,0.25033,-1.0172,2,-52.5,1.2209999999999999,923.25,3
814,485.83,0.20168,0.2733,-1.0628,3,-65.0,4.5298,922.75,3
815,486.0,0.20168,0.2733,-1.0628,3,-69.5,0.065961,924.75,3
816,486.25,0.20168,0.2733,-1.0628,3,-64.0,2.0356,921.75,3
817,486.5,0.20168,0.2733,-1.0628,2,-53.5,0.66728,924.25,3
818,487.0,0.30721,0.25033,-1.04,3,-63.5,2.3746,921.25,3
819,487.25,0.30721,0.25033,-1.04,2,-51.0,6.1375,920.25,3
820,487.75,0.17823,0.28478000000000003,-1.0628,2,-51.5,1.8178,922.25,3
821,487.83,0.17823,0.28478000000000003,-1.0628,3,-64.5,1.7242,922.25,3
822,488.0,0.17823,0.28478000000000003,-1.0628,3,-69.5,6.0761,925.25,3
823,488.25,0.23685,0.28478000000000003,-1.04,3,-65.0,4.5206,922.75,3
824,488.5,0.23685,0.28478000000000003,-1.04,3,-69.0,0.07363099999999999,924.75,3
825,488.75,0.23685,0.28478000000000003,-1.04,3,-64.0,2.0325,921.75,3
826,489.0,0.23685,0.28478000000000003,-1.04,2,-53.0,0.7179,924.25,3
827,489.25,0.27203,0.2733,-1.0286,3,-63.5,5.8521,920.75,3
828,489.5,0.27203,0.2733,-1.0286,2,-51.0,2.3853,921.25,3
829,489.58,0.27203,0.2733,-1.0286,3,-63.5,2.3777,921.25,3
830,490.0,0.33066,0.23885,-1.0286,3,-67.0,3.8135,923.75,3
831,490.08,0.33066,0.23885,-1.0286,3,-64.0,4.8397,922.25,3
832,490.25,0.33066,0.23885,-1.0286,3,-69.5,6.1068,925.25,3
833,490.5,0.33066,0.23885,-1.0286,3,-66.0,4.1985,923.25,3
834,490.75,0.33066,0.23885,-1.0286,3,-65.0,4.516,922.75,3
835,491.25,0.36583000000000004,0.22737,-0.9829399999999999,3,-68.0,0.38043000000000005,924.25,3
836,491.75,0.36583000000000004,0.22737,-0.9829399999999999,3,-63.5,5.888999999999999,920.75,3
837,492.0,0.23685,0.28478000000000003,-1.04,3,-64.0,5.5039,921.25,3
838,492.08,0.23685,0.28478000000000003,-1.04,2,-51.0,6.1175,920.25,3
839,492.25,0.36583000000000004,0.23885,-0.99434,2,-52.5,0.97101,923.75,3
840,492.33,0.36583000000000004,0.23885,-0.99434,3,-67.0,3.835,923.75,3
841,492.5,0.36583000000000004,0.23885,-0.99434,3,-64.5,1.7211,922.25,3
842,493.0,0.31893,0.25033,-1.0172,2,-52.0,1.2502,923.25,3
843,493.08,0.31893,0.25033,-1.0172,3,-66.0,4.1862,923.25,3
844,493.25,0.31893,0.25033,-1.0172,2,-52.0,1.4803,922.75,3
845,493.33,0.22513000000000002,0.28478000000000003,-1.04,3,-68.5,3.2704,924.75,3
846,493.5,0.22513000000000002,0.28478000000000003,-1.04,2,-51.0,2.0417,921.75,3
847,493.75,0.31893,0.25033,-1.0057,3,-67.5,0.3835,924.25,3
848,494.25,0.18995,0.2733,-1.0514,3,-63.5,5.8844,920.75,3
849,494.5,0.20168,0.28478000000000003,-1.0514,2,-51.0,6.1237,920.25,3
850,494.55,0.20168,0.28478000000000003,-1.0514,3,-63.5,6.2157,920.25,3
851,495.0,0.38928,0.21588000000000002,-0.97154,2,-51.5,1.784,922.25,3
852,495.08,0.38928,0.21588000000000002,-0.97154,3,-64.5,1.7211,922.25,3
853,495.25,0.29548,0.2733,-1.0286,2,-52.5,1.2134,923.25,3
854,495.5,0.29548,0.2733,-1.0286,2,-52.0,1.2349,923.25,3
855,495.75,0.23685,0.28478000000000003,-1.0286,2,-51.5,1.4987,922.75,3
856,495.85,0.23685,0.28478000000000003,-1.0286,3,-69.0,0.099709,924.75,3
857,496.0,0.23685,0.28478000000000003,-1.0286,2,-51.5,2.0402,921.75,3
858,496.08,0.18995,0.28478000000000003,-1.0514,2,-51.5,2.0417,921.75,3
859,496.5,0.52999,0.12402,-0.9259299999999999,3,-70.5,2.7136,925.75,3
860,496.75,0.52999,0.12402,-0.9259299999999999,3,-63.5,2.7136,920.75,3
861,496.83,0.52999,0.12402,-0.9259299999999999,2,-51.0,2.3347,921.25,3
862,497.0,0.18995,0.28478000000000003,-1.0628,2,-51.0,6.1022,920.25,3
863,497.08,0.2603,0.26182,-1.0628,3,-66.5,0.7255699999999999,923.75,3
864,497.25,0.2603,0.26182,-1.0628,3,-63.5,4.9133,922.25,3
865,498.0,0.45963999999999994,0.21588000000000002,-0.94873,3,-68.0,1.1781,922.75,3
866,498.5,0.084423,0.26182,-1.0856,3,-65.5,4.8106,921.75,3
867,499.25,0.34238,0.12402,-0.96014,3,-65.0,1.8147,921.25,3
868,499.75,0.084423,0.2733,-1.0514,3,-65.5,0.92806,922.25,3
869,500.75,0.17823,0.26182,-1.0286,3,-70.0,6.0838,924.75,3
870,501.0,0.17823,0.26182,-1.0286,2,-52.0,1.6904,921.75,3
871,501.1,0.10787000000000001,0.35368,-1.0742,3,-68.0,0.50775,924.25,3
872,501.5,0.10787000000000001,0.35368,-1.0742,2,-50.5,2.2887,920.75,3
873,501.58,0.1196,0.33071999999999996,-1.0742,3,-63.0,2.5894,920.75,3
874,501.75,0.1196,0.33071999999999996,-1.0742,3,-63.5,2.2335,921.25,3
875,501.85,0.1196,0.33071999999999996,-1.0742,3,-63.0,6.1221,920.25,3
876,502.0,0.1196,0.33071999999999996,-1.0742,3,-63.0,6.1329,920.25,3
877,502.25,0.1196,0.33071999999999996,-1.0742,3,-64.0,4.7937,922.25,3
878,502.5,0.20168,0.3422,-1.0286,2,-53.0,0.90812,923.25,3
879,502.75,0.15478,0.33071999999999996,-1.04,2,-52.5,1.172,922.75,3
880,503.0,0.15478,0.33071999999999996,-1.04,2,-52.5,1.1674,922.75,3
881,503.25,0.14305,0.33071999999999996,-1.04,2,-51.5,1.6736,921.75,3
882,503.33,0.14305,0.33071999999999996,-1.04,2,-52.0,1.6506,921.75,3
883,503.5,0.13132,0.33071999999999996,-1.0628,3,-69.0,0.41417,924.25,3
884,504.0,0.14305,0.33071999999999996,-1.0628,2,-51.0,2.1936,920.75,3
885,504.1,0.14305,0.33071999999999996,-1.0628,2,-51.5,1.9175,921.25,3
886,504.25,0.31893,0.26182,-0.99434,3,-63.0,6.1528,920.25,3
887,504.5,0.31893,0.26182,-0.99434,3,-67.5,3.8518,923.75,3
888,504.75,0.31893,0.26182,-0.99434,2,-52.0,1.3852,922.25,3
889,504.83,0.31893,0.26182,-0.99434,3,-64.5,1.6598,922.25,3
890,505.25,0.29548,0.29627,-1.0057,3,-66.5,4.1356,923.25,3
891,505.33,0.29548,0.29627,-1.0057,2,-52.5,1.0891,922.75,3
892,505.75,0.13132,0.33071999999999996,-1.0628,2,-51.5,1.6245,921.75,3
893,506.0,0.49481,0.19292,-0.9259299999999999,3,-68.5,0.42798,924.25,3
894,506.25,0.49481,0.19292,-0.9259299999999999,2,-51.0,2.2135,920.75,3
895,506.5,0.37756,0.25033,-0.97154,2,-51.0,1.9359,921.25,3
896,506.58,0.37756,0.25033,-0.97154,2,-51.5,1.9405,921.25,3
897,506.75,0.13132,0.31923,-1.0628,2,-50.5,2.5249,920.25,3
898,507.0,0.2134,0.33071999999999996,-1.0286,3,-67.5,0.6872199999999999,923.75,3
899,507.25,0.2134,0.33071999999999996,-1.0286,3,-65.0,4.7937,922.25,3
900,507.75,0.23685,0.33071999999999996,-1.0286,3,-66.0,1.3806,922.75,3
901,508.0,0.23685,0.33071999999999996,-1.0286,3,-69.5,0.17640999999999998,924.75,3
902,508.25,0.28376,0.30775,-0.99434,3,-68.5,3.6693,924.25,3
903,508.75,0.28376,0.30775,-0.99434,3,-63.5,5.777,920.75,3
904,509.0,0.28376,0.30775,-0.99434,2,-51.5,1.9297,921.25,3
905,509.08,0.13132,0.31923,-1.0514,2,-51.5,1.9343,921.25,3
906,509.25,0.23685,0.33071999999999996,-1.0172,3,-64.0,6.1681,920.25,3
907,510.0,0.41273000000000004,0.22737,-0.96014,3,-66.5,4.3151,923.25,3
908,510.08,0.41273000000000004,0.22737,-0.96014,2,-53.0,1.0999,922.75,3
909,511.25,0.51826,0.19292,-0.9145200000000001,3,-64.5,5.8138,920.75,3
910,511.33,0.51826,0.19292,-0.9145200000000001,2,-51.0,1.9359,921.25,3
911,511.5,0.18995,0.33071999999999996,-1.04,3,-64.5,5.4579,921.25,3
912,511.75,0.18995,0.33071999999999996,-1.04,2,-50.5,2.5556,920.25,3
913,511.83,0.1665,0.33071999999999996,-1.04,3,-68.0,3.8211,923.75,3
914,512.0,0.1665,0.33071999999999996,-1.04,2,-52.0,1.4067,922.25,3
915,512.25,0.34238,0.2733,-0.9829399999999999,3,-67.0,1.0707,923.25,3
916,512.5,0.34238,0.2733,-0.9829399999999999,3,-65.5,4.5697,922.75,3
917,513.0,0.22513000000000002,0.33071999999999996,-1.0286,2,-51.5,1.6659,921.75,3
918,513.1,0.22513000000000002,0.33071999999999996,-1.0286,2,-51.5,1.6552,921.75,3
919,513.25,0.1196,0.33071999999999996,-1.0514,3,-68.5,0.46326000000000006,924.25,3
920,513.5,0.1196,0.33071999999999996,-1.0514,2,-50.5,2.278,920.75,3
921,513.75,0.15478,0.33071999999999996,-1.0514,2,-50.5,2.2657,920.75,3
922,514.0,0.15478,0.33071999999999996,-1.0514,2,-51.0,1.9712,921.25,3
923,514.08,0.15478,0.33071999999999996,-1.0514,2,-50.5,2.5848,920.25,3
924,514.25,0.1665,0.30775,-1.0628,3,-68.0,0.8621,923.75,3
925,514.5,0.1665,0.30775,-1.0628,2,-52.0,1.4051,922.25,3
926,514.75,0.40101,0.22737,-0.94873,3,-66.5,4.2568,923.25,3
927,515.5,0.43618999999999997,0.21588000000000002,-0.9259299999999999,2,-51.5,1.6659,921.75,3
928,515.75,0.28376,0.30775,-1.0057,3,-69.0,0.45252,924.25,3
929,516.25,0.36583000000000004,0.25033,-0.97154,2,-51.0,1.985,921.25,3
930,516.75,0.15478,0.30775,-1.0628,3,-68.0,0.72097,923.75,3
931,517.25,0.50654,0.19292,-0.9259299999999999,3,-66.5,1.083,923.25,3
932,517.5,0.50654,0.19292,-0.9259299999999999,3,-66.0,1.4726,922.75,3
933,518.0,0.31893,0.28478000000000003,-0.99434,3,-68.5,3.7,924.25,3
934,518.5,0.18995,0.33071999999999996,-1.04,2,-50.5,2.2657,920.75,3
935,518.58,0.18995,0.33071999999999996,-1.04,3,-64.0,2.7167,920.75,3
936,519.0,0.18995,0.33071999999999996,-1.04,2,-50.5,2.5571,920.25,3
937,519.08,0.29548,0.2733,-0.99434,3,-67.5,0.78693,923.75,3
938,519.25,0.29548,0.2733,-0.99434,2,-52.0,1.4159,922.25,3
939,519.75,0.54171,0.16995,-0.9145200000000001,3,-65.5,1.4511,922.75,3
940,520.25,0.23685,0.33071999999999996,-1.0286,2,-51.5,1.6766,921.75,3
941,520.5,0.23685,0.33071999999999996,-1.0286,2,-51.5,1.6782,921.75,3
942,521.0,0.15478,0.33071999999999996,-1.0514,2,-51.5,1.9758,921.25,3
943,521.25,0.51826,0.15847,-0.9373299999999999,2,-50.5,5.7356,920.25,3
944,521.5,0.54171,0.16995,-0.9259299999999999,2,-54.0,0.63967,923.75,3
945,521.58,0.54171,0.16995,-0.9259299999999999,3,-67.5,3.9960000000000004,923.75,3
946,521.75,0.54171,0.16995,-0.9259299999999999,3,-65.0,1.7641,922.25,3
947,522.25,0.24858000000000002,0.33071999999999996,-1.0286,3,-66.0,1.4680000000000002,922.75,3
948,522.5,0.24858000000000002,0.33071999999999996,-1.0286,3,-69.5,0.23776999999999998,924.75,3
949,522.75,0.24858000000000002,0.33071999999999996,-1.0286,2,-51.5,1.6751,921.75,3
950,523.0,0.17823,0.33071999999999996,-1.04,3,-68.5,0.52462,924.25,3
951,523.25,0.17823,0.33071999999999996,-1.04,2,-50.5,2.2764,920.75,3
952,523.33,0.15478,0.33071999999999996,-1.0514,3,-64.0,2.7596,920.75,3
953,523.5,0.15478,0.33071999999999996,-1.0514,2,-51.0,1.9819,921.25,3
954,523.75,0.2603,0.30775,-1.0172,3,-63.5,6.2556,920.25,3
955,523.8,0.2603,0.30775,-1.0172,3,-63.5,3.1048,920.25,3
956,524.0,0.2603,0.30775,-1.0172,3,-68.0,0.82221,923.75,3
957,524.5,0.2134,0.33071999999999996,-1.04,2,-53.0,0.9434,923.25,3
958,525.0,0.15478,0.33071999999999996,-1.0514,2,-52.5,1.1858,922.75,3
959,525.08,0.15478,0.33071999999999996,-1.0514,3,-70.0,0.28379,924.75,3
960,525.25,0.17823,0.33071999999999996,-1.04,2,-51.5,1.6981,921.75,3
961,525.33,0.17823,0.33071999999999996,-1.04,3,-68.5,0.5200199999999999,924.25,3
962,525.75,0.31893,0.2733,-1.0057,2,-51.0,2.281,920.75,3
963,525.83,0.31893,0.2733,-1.0057,3,-63.5,5.8905,920.75,3
964,526.25,0.15478,0.33071999999999996,-1.0628,2,-51.0,5.7279,920.25,3
965,526.5,0.31893,0.26182,-0.99434,3,-67.5,4.0037,923.75,3
966,527.5,0.1665,0.31923,-1.04,3,-70.0,3.4085,924.75,3
967,528.25,0.28376,0.29627,-1.0057,3,-64.0,2.7596,920.75,3
968,528.33,0.28376,0.29627,-1.0057,3,-64.0,2.7642,920.75,3
969,528.75,0.33066,0.26182,-0.99434,2,-51.0,2.5848,920.25,3
970,529.0,0.41273000000000004,0.21588000000000002,-0.97154,3,-65.5,1.7671,922.25,3
