,time,frontal,vertical,lateral,id,rssi,phase,freq,label
0,0.0,0.35411,0.95081,0.0091224,2,-65.0,5.6941,923.75,4
1,0.75,0.35411,0.95081,0.0091224,2,-66.0,5.7524,922.75,4
2,1.25,0.35411,0.95081,0.0091224,3,-59.0,5.7248,921.75,4
3,4.75,-0.0093803,0.9048700000000001,0.25999,1,-62.0,4.8627,920.25,1
4,5.0,0.48308999999999996,0.8819100000000001,-0.20754,3,-58.5,0.36816,922.25,1
5,5.5,0.45963999999999994,0.8704200000000001,-0.40139,3,-59.5,1.1029,922.75,1
6,6.25,0.67069,0.6752100000000001,-0.60664,2,-53.5,0.8467600000000001,924.25,1
7,6.5,0.70587,0.46851000000000004,-0.69787,3,-59.0,1.6306,925.75,1
8,6.75,0.43618999999999997,0.39960999999999997,-0.8917200000000001,2,-50.5,1.9988,921.25,1
9,7.0,0.42446000000000006,0.35368,-1.0172,2,-51.0,5.5852,920.25,3
10,7.5,0.69414,0.33071999999999996,-0.8119,2,-51.5,0.57524,922.25,3
11,8.25,0.63552,0.26182,-0.78909,3,-59.0,6.0792,924.75,3
12,8.75,0.63552,0.26182,-0.78909,3,-58.0,5.1296,924.25,3
13,9.25,0.9521,0.15847,-0.48121,3,-61.0,0.046019,921.25,3
14,9.5,0.78795,0.33071999999999996,-0.447,3,-66.5,4.513,920.25,3
15,10.0,0.78795,0.33071999999999996,-0.447,3,-65.0,0.49854,925.25,3
16,10.5,0.78795,0.33071999999999996,-0.447,3,-61.0,2.1598,922.75,3
17,12.25,1.2335,-0.20899,-0.26455,2,-61.5,4.9164,922.25,3
18,13.25,1.2335,-0.20899,-0.26455,2,-58.5,5.1941,921.75,3
19,14.0,1.2335,-0.20899,-0.26455,3,-67.5,0.9434,920.75,3
20,14.5,1.2335,-0.20899,-0.26455,2,-58.5,1.0845,923.75,3
21,14.75,1.2335,-0.20899,-0.26455,3,-64.0,0.2347,922.25,3
22,15.75,1.2101,-0.17454,0.020525,3,-66.0,0.22396,921.75,3
23,16.5,1.2101,-0.17454,0.020525,2,-56.5,5.6911,920.75,3
24,16.75,1.2101,-0.17454,0.020525,3,-66.5,0.5322899999999999,921.25,3
25,17.75,1.0576,-0.094162,-0.0022806,3,-65.5,5.8445,922.75,3
26,18.25,1.0576,-0.094162,-0.0022806,3,-66.0,0.23163000000000003,921.75,3
27,18.75,1.0576,-0.094162,-0.0022806,3,-67.0,0.83142,920.75,3
28,20.0,1.3039,-0.22048,0.08894400000000001,2,-57.5,4.2476,923.25,3
29,20.5,1.3039,-0.22048,0.08894400000000001,3,-63.5,1.2118,924.75,3
30,20.75,1.3039,-0.22048,0.08894400000000001,2,-58.5,0.52769,924.25,3
31,21.5,1.3039,-0.22048,0.08894400000000001,2,-56.5,5.5116,921.25,3
32,21.75,1.3039,-0.22048,0.08894400000000001,3,-66.0,1.1443,920.25,3
33,22.75,1.1045,-0.11713,0.0091224,2,-57.5,1.4021,922.75,3
34,23.0,1.1045,-0.11713,0.0091224,2,-56.5,5.122000000000001,921.75,3
35,23.25,1.1045,-0.11713,0.0091224,3,-63.5,1.6398,924.25,3
36,23.75,1.1045,-0.11713,0.0091224,3,-65.5,0.632,921.25,3
37,24.25,1.1045,-0.11713,0.0091224,2,-58.0,0.8621,923.75,3
38,25.0,1.2218,-0.17454,0.043332,3,-64.0,5.7984,922.75,3
39,25.75,1.2218,-0.17454,0.043332,3,-63.5,1.6352,924.25,3
40,27.0,1.1983,-0.16305999999999998,0.043332,3,-64.5,6.2203,922.25,3
41,27.75,1.1983,-0.16305999999999998,0.043332,3,-63.5,5.8491,922.75,3
42,28.0,1.1983,-0.16305999999999998,0.043332,2,-58.5,0.5108199999999999,924.25,3
43,29.25,1.1866,-0.17454,0.054735,3,-63.0,2.0356,923.75,3
44,29.75,1.1866,-0.17454,0.054735,3,-63.0,5.4963,923.25,3
45,30.25,1.1866,-0.17454,0.054735,2,-58.5,0.18101,924.75,3
46,31.0,1.1163,-0.11713,0.020525,3,-65.5,4.177,920.75,3
47,31.5,1.1163,-0.11713,0.020525,3,-66.0,1.2701,920.25,3
48,32.0,1.1163,-0.11713,0.020525,3,-64.0,6.2817,922.25,3
49,32.25,1.1163,-0.11713,0.020525,2,-57.0,1.4082,922.75,3
50,32.75,1.1163,-0.11713,0.020525,3,-62.5,1.3023,924.75,3
51,33.75,1.1045,-0.12861,0.020525,3,-65.0,0.97408,921.25,3
52,34.5,1.339,-0.24344000000000002,0.077541,3,-62.0,2.6078,923.25,3
53,35.0,1.339,-0.24344000000000002,0.077541,3,-61.5,1.511,924.75,3
54,36.75,1.0342,-0.048229,-0.10490999999999999,3,-62.0,1.1351,925.25,3
55,37.75,1.0928,-0.094162,-0.025087,3,-63.0,3.6064,921.75,3
56,38.0,1.0928,-0.094162,-0.025087,2,-58.5,6.0439,925.75,3
57,38.5,1.0928,-0.094162,-0.025087,3,-63.5,3.9684,921.25,3
58,39.0,1.1514,-0.11713,-0.0022806,3,-62.5,0.13499,922.25,3
59,39.75,1.1514,-0.11713,-0.0022806,3,-62.5,6.0945,922.75,3
60,40.0,1.1514,-0.11713,-0.0022806,3,-62.0,1.4956,924.75,3
61,41.0,1.1514,-0.12861,0.0091224,3,-63.0,3.907,921.25,3
62,41.5,1.2452,-0.15158,0.043332,3,-62.5,3.2444,922.25,3
63,42.5,1.2921,-0.20899,0.066138,3,-63.0,0.46173000000000003,921.75,3
64,43.0,1.2921,-0.20899,0.066138,3,-62.5,0.73017,925.75,3
65,43.25,1.2921,-0.20899,0.066138,3,-63.0,3.9178,921.25,3
66,43.5,1.2921,-0.20899,0.066138,3,-63.5,1.3944,920.25,3
67,44.5,1.0811,-0.094162,-0.036489999999999995,3,-62.0,6.0776,922.75,3
68,45.25,1.0576,-0.094162,-0.047893,2,-57.5,0.632,924.25,3
69,46.0,1.0694,-0.07119600000000001,-0.047893,3,-63.5,4.5314,920.25,3
70,47.0,1.1749,-0.14009000000000002,0.020525,3,-62.0,6.0838,922.75,3
71,47.25,1.1749,-0.14009000000000002,0.020525,3,-61.5,1.4527,924.75,3
72,48.0,1.1045,-0.10565,-0.025087,3,-63.0,4.2415,920.75,3
73,48.5,1.1045,-0.10565,-0.025087,3,-63.0,1.4113,920.25,3
74,48.75,1.1045,-0.10565,-0.025087,3,-62.5,0.081301,922.25,3
75,49.25,1.1045,-0.10565,-0.025087,3,-61.5,5.6849,923.25,3
76,49.5,1.1045,-0.10565,-0.025087,3,-62.0,6.0592,922.75,3
77,50.25,1.0225,-0.059712,-0.059296,3,-62.5,0.6995,925.75,3
78,50.5,1.0225,-0.059712,-0.059296,3,-63.0,3.8794,921.25,3
79,51.25,1.1045,-0.094162,-0.025087,3,-62.5,0.17027,922.25,3
80,52.25,1.339,-0.20899,0.066138,3,-62.5,0.46019,921.75,3
81,52.75,1.339,-0.20899,0.066138,2,-58.5,5.9534,925.75,3
82,53.0,1.339,-0.20899,0.066138,3,-63.0,4.2123,920.75,3
83,53.75,1.2687,-0.16305999999999998,0.066138,3,-62.0,0.14265999999999998,922.25,3
84,54.0,1.2687,-0.16305999999999998,0.066138,3,-61.5,2.5571,923.25,3
85,54.5,1.2687,-0.16305999999999998,0.066138,3,-62.0,1.4266,924.75,3
86,55.25,1.2218,-0.16305999999999998,0.031928,2,-58.5,5.9488,925.75,3
87,55.5,1.2218,-0.16305999999999998,0.031928,3,-63.0,3.8794,921.25,3
88,56.25,1.2101,-0.16305999999999998,0.020525,3,-62.5,0.14573,922.25,3
89,56.5,1.2101,-0.16305999999999998,0.020525,3,-61.5,2.5341,923.25,3
90,57.25,1.3273,-0.19751,0.077541,3,-62.5,3.5558,921.75,3
91,57.75,1.3273,-0.19751,0.077541,3,-62.5,0.6366,925.75,3
92,58.0,1.3273,-0.19751,0.077541,3,-63.0,0.7133,921.25,3
93,58.25,1.3273,-0.19751,0.077541,3,-61.5,2.1644,923.75,3
94,59.0,1.0928,-0.10565,-0.025087,3,-61.5,2.5295,923.25,3
95,59.25,1.0928,-0.10565,-0.025087,3,-61.5,1.4113,924.75,3
96,59.75,1.0928,-0.10565,-0.025087,3,-63.0,0.39884000000000003,921.75,3
97,60.5,1.3156,-0.17454,0.066138,3,-63.0,3.9377,921.25,3
98,60.75,1.3156,-0.17454,0.066138,3,-61.5,2.1875,923.75,3
99,61.0,1.3156,-0.17454,0.066138,2,-58.5,0.018408,925.25,3
100,61.75,1.3508,-0.20899,0.066138,3,-61.5,1.4327,924.75,3
101,62.25,1.3508,-0.20899,0.066138,2,-58.5,5.9595,925.75,3
102,63.0,1.2335,-0.15158,0.043332,3,-63.0,3.9301,921.25,3
103,63.25,1.2335,-0.15158,0.043332,3,-61.5,2.1798,923.75,3
104,63.75,1.2335,-0.15158,0.043332,3,-62.0,1.0953,925.25,3
105,64.5,1.1045,-0.10565,-0.013684,3,-63.0,0.40804,921.75,3
106,64.75,1.1045,-0.10565,-0.013684,3,-62.5,0.65961,925.75,3
107,65.75,1.2921,-0.18603,0.054735,3,-62.5,0.11198,922.25,3
108,66.5,1.1514,-0.11713,0.0091224,3,-61.5,1.3975,924.75,3
109,67.0,1.1514,-0.11713,0.0091224,3,-61.5,1.7503,924.25,3
110,67.75,1.2452,-0.14009000000000002,0.031928,3,-62.5,3.9423,921.25,3
111,68.75,1.1632,-0.12861,0.0091224,3,-61.5,2.4789,923.25,3
112,69.0,1.1632,-0.12861,0.0091224,2,-58.0,0.26845,924.75,3
113,69.75,1.2218,-0.14009000000000002,0.043332,2,-58.5,5.9518,925.75,3
114,70.0,1.2218,-0.14009000000000002,0.043332,3,-63.0,4.2154,920.75,3
115,70.75,0.97555,-0.048229,-0.070699,3,-62.0,0.11045,922.25,3
116,71.25,0.97555,-0.048229,-0.070699,3,-61.5,2.4819999999999998,923.25,3
117,72.0,1.1045,-0.10565,-0.013684,3,-62.0,1.7441,924.25,3
118,72.75,1.1045,-0.082679,-0.013684,3,-63.5,1.4573,920.25,3
119,73.0,1.1045,-0.082679,-0.013684,3,-62.5,0.10737999999999999,922.25,3
120,73.5,1.1045,-0.082679,-0.013684,3,-61.5,5.6236,923.25,3
121,73.75,1.1045,-0.082679,-0.013684,3,-62.0,2.8532,922.75,3
122,74.5,1.0694,-0.07119600000000001,-0.047893,3,-62.5,0.63967,925.75,3
123,75.5,1.1163,-0.10565,-0.013684,3,-61.5,2.1338,923.75,3
124,75.75,1.1163,-0.10565,-0.013684,3,-62.0,1.1167,925.25,3
125,76.0,1.1163,-0.10565,-0.013684,3,-61.5,5.6895,923.25,3
126,76.25,1.1163,-0.10565,-0.013684,3,-62.0,1.4573,924.75,3
127,77.0,1.1163,-0.10565,-0.0022806,3,-62.5,0.69489,925.75,3
128,77.5,1.1163,-0.10565,-0.0022806,3,-63.0,0.71944,921.25,3
129,78.25,1.339,-0.19751,0.066138,3,-62.0,1.0523,925.25,3
130,78.5,1.339,-0.19751,0.066138,3,-62.0,6.0117,922.75,3
131,79.0,1.339,-0.19751,0.066138,3,-61.5,1.4588,924.75,3
132,79.25,1.339,-0.19751,0.066138,3,-61.5,1.7917,924.25,3
133,79.75,1.0459,-0.048229,-0.036489999999999995,3,-63.0,3.8871,921.25,3
134,80.25,1.0459,-0.048229,-0.036489999999999995,3,-61.5,2.0632,923.75,3
135,80.75,1.0459,-0.048229,-0.036489999999999995,3,-62.0,1.0477,925.25,3
136,81.25,1.0928,-0.07119600000000001,-0.025087,3,-62.0,2.8962,922.75,3
137,81.5,1.0928,-0.07119600000000001,-0.025087,3,-63.0,0.50468,921.75,3
138,82.5,1.3508,-0.20899,0.077541,3,-64.0,4.5897,920.25,3
139,83.25,1.2218,-0.15158,0.043332,3,-61.5,5.7049,923.25,3
140,83.5,1.2218,-0.15158,0.043332,3,-62.0,2.9713,922.75,3
141,84.0,1.2218,-0.15158,0.043332,3,-62.5,3.677,921.75,3
142,84.25,1.2218,-0.15158,0.043332,2,-58.5,5.9657,925.75,3
143,85.25,1.1866,-0.14009000000000002,0.031928,3,-61.5,2.1476,923.75,3
144,86.0,1.128,-0.10565,-0.0022806,3,-62.0,6.0792,922.75,3
145,86.75,1.0928,-0.094162,-0.025087,3,-61.5,1.781,924.25,3
146,87.25,1.0928,-0.094162,-0.025087,3,-63.5,3.9607,921.25,3
147,87.75,1.0928,-0.059712,-0.047893,3,-62.5,0.15186,922.25,3
148,89.5,1.1632,-0.12861,-0.0022806,3,-63.0,0.76085,921.25,3
149,90.25,1.2218,-0.14009000000000002,0.031928,3,-62.0,1.0170000000000001,925.25,3
150,91.0,1.0694,-0.059712,-0.036489999999999995,3,-61.5,1.4082,924.75,3
151,91.5,1.0694,-0.059712,-0.036489999999999995,3,-61.5,1.7733,924.25,3
152,92.0,1.1163,-0.10565,-0.013684,3,-63.0,3.8595,921.25,3
153,92.5,1.1163,-0.10565,-0.013684,3,-61.5,2.0678,923.75,3
154,93.5,1.2101,-0.15158,0.043332,3,-61.5,1.4266,924.75,3
155,94.0,1.2101,-0.15158,0.043332,3,-61.5,1.7411,924.25,3
156,94.75,1.1514,-0.10565,-0.0022806,3,-63.0,1.3330000000000002,920.25,3
157,95.0,1.1514,-0.10565,-0.0022806,3,-62.0,0.003068,922.25,3
158,95.5,1.1514,-0.10565,-0.0022806,3,-61.5,2.4467,923.25,3
159,96.0,1.2687,-0.17454,0.043332,3,-62.5,3.5711,921.75,3
160,96.5,1.2687,-0.17454,0.043332,2,-58.5,5.9795,925.75,3
161,97.25,1.0694,-0.07119600000000001,-0.025087,3,-63.0,4.4286,920.25,3
162,97.5,1.0694,-0.07119600000000001,-0.025087,3,-62.0,6.2632,922.25,3
163,99.0,1.3508,-0.20899,0.077541,3,-62.5,0.68262,925.75,3
164,99.25,1.3508,-0.20899,0.077541,3,-63.0,3.8396,921.25,3
165,99.75,1.3508,-0.20899,0.077541,3,-61.5,5.2033,923.75,3
166,100.5,1.0811,-0.07119600000000001,-0.036489999999999995,3,-62.0,5.9703,922.75,3
167,101.25,1.1045,-0.094162,-0.0022806,3,-62.5,0.68262,925.75,3
168,101.75,1.1045,-0.094162,-0.0022806,3,-63.0,0.71944,921.25,3
169,102.5,1.1514,-0.10565,0.0091224,3,-62.0,0.9970899999999999,925.25,3
170,103.25,1.0811,-0.059712,-0.036489999999999995,3,-63.0,0.40497,921.75,3
171,103.78,1.0811,-0.059712,-0.036489999999999995,3,-62.5,0.67955,925.75,3
172,104.5,1.1163,-0.082679,-0.0022806,3,-61.5,2.0939,923.75,3
173,105.25,1.3156,-0.17454,0.066138,3,-61.5,5.6128,923.25,3
174,105.5,1.3156,-0.17454,0.066138,3,-61.5,1.4235,924.75,3
175,106.0,1.3156,-0.17454,0.066138,3,-62.5,0.40957,921.75,3
176,106.25,1.3156,-0.17454,0.066138,3,-62.5,0.66882,925.75,3
177,107.0,1.2921,-0.17454,0.066138,3,-61.5,2.0709,923.75,3
178,107.25,1.2921,-0.17454,0.066138,3,-62.5,6.274,922.25,3
179,108.0,1.1632,-0.12861,0.0091224,3,-62.0,1.4251,924.75,3
180,108.5,1.1632,-0.12861,0.0091224,2,-58.5,6.0071,925.75,3
181,109.25,1.2804,-0.17454,0.077541,3,-63.5,1.4251,920.25,3
182,109.75,1.2804,-0.17454,0.077541,3,-62.5,3.2091,922.25,3
183,110.25,1.1163,-0.094162,-0.013684,3,-62.0,2.8854,922.75,3
184,110.75,1.1163,-0.094162,-0.013684,3,-63.0,0.5092800000000001,921.75,3
185,111.0,1.1163,-0.094162,-0.013684,3,-62.5,0.72097,925.75,3
186,111.5,1.1163,-0.094162,-0.013684,3,-63.0,3.9454,921.25,3
187,112.0,1.1749,-0.12861,0.020525,3,-61.5,2.1215,923.75,3
188,112.5,1.1749,-0.12861,0.020525,2,-58.5,6.2264,925.25,3
189,112.75,1.1749,-0.12861,0.020525,3,-62.0,2.8639,922.75,3
190,113.25,1.0225,-0.048229,-0.047893,3,-61.5,1.8147,924.25,3
191,114.25,1.2218,-0.15158,0.043332,3,-61.5,2.1138,923.75,3
192,115.0,1.3039,-0.17454,0.066138,3,-61.5,2.4866,923.25,3
193,115.25,1.3039,-0.17454,0.066138,2,-57.5,0.31293000000000004,924.75,3
194,115.5,1.3039,-0.17454,0.066138,3,-63.0,0.41878000000000004,921.75,3
195,117.0,1.339,-0.18603,0.066138,3,-62.5,0.0061359,922.25,3
196,118.0,1.1045,-0.082679,-0.013684,3,-63.0,0.41571,921.75,3
197,118.25,1.1045,-0.082679,-0.013684,3,-62.5,0.67495,925.75,3
198,119.25,1.3977,-0.22048,0.08894400000000001,3,-61.5,2.0632,923.75,3
199,119.5,1.3977,-0.22048,0.08894400000000001,3,-62.5,6.2694,922.25,3
200,120.5,1.1749,-0.10565,0.020525,3,-63.0,3.545,921.75,3
201,120.75,1.1749,-0.10565,0.020525,2,-58.5,5.9657,925.75,3
202,121.5,1.0928,-0.094162,-0.025087,3,-63.5,4.493,920.25,3
203,122.0,1.0928,-0.094162,-0.025087,3,-62.5,0.009203900000000001,922.25,3
204,122.5,1.3156,-0.18603,0.066138,3,-62.0,1.422,924.75,3
205,123.0,1.3156,-0.18603,0.066138,3,-63.0,0.37276,921.75,3
206,123.75,1.2335,-0.14009000000000002,0.031928,3,-63.0,0.63967,921.25,3
207,124.25,1.2335,-0.14009000000000002,0.031928,3,-62.5,0.0061359,922.25,3
208,125.0,1.0811,-0.07119600000000001,-0.025087,3,-62.0,5.9979,922.75,3
209,126.0,1.1045,-0.082679,-0.013684,3,-63.0,0.6872199999999999,921.25,3
210,126.75,1.128,-0.094162,-0.0022806,3,-62.5,6.2694,922.25,3
211,127.0,1.128,-0.094162,-0.0022806,3,-62.0,5.5944,923.25,3
212,127.5,1.128,-0.094162,-0.0022806,3,-62.0,5.9779,922.75,3
213,128.25,1.1045,-0.082679,-0.025087,3,-62.5,0.7179,925.75,3
214,129.0,1.3039,-0.17454,0.066138,3,-62.0,2.0693,923.75,3
215,129.25,1.3039,-0.17454,0.066138,3,-62.5,1.0446,925.25,3
216,129.5,1.3039,-0.17454,0.066138,3,-61.5,2.4636,923.25,3
217,130.0,1.3039,-0.17454,0.066138,3,-62.0,1.4082,924.75,3
218,130.75,1.3039,-0.18603,0.054735,2,-58.5,5.9089,925.75,3
219,131.0,1.3039,-0.18603,0.054735,3,-63.0,3.8595,921.25,3
220,131.5,1.2921,-0.15158,0.054735,3,-62.5,0.036816,922.25,3
221,132.5,1.128,-0.094162,-0.013684,3,-62.5,0.42338000000000003,921.75,3
222,133.0,1.128,-0.094162,-0.013684,2,-58.5,5.9104,925.75,3
223,133.25,1.128,-0.094162,-0.013684,3,-63.0,4.2829,920.75,3
224,133.5,1.128,-0.094162,-0.013684,3,-63.0,3.8365,921.25,3
225,134.0,1.1045,-0.10565,-0.013684,3,-63.0,0.11657999999999999,922.25,3
226,135.5,1.3273,-0.18603,0.077541,3,-64.0,0.61359,925.75,3
227,136.75,1.0811,-0.082679,-0.013684,3,-64.5,1.0155,925.25,3
228,137.0,1.0811,-0.082679,-0.013684,3,-63.5,5.9426,922.75,3
229,137.5,1.0811,-0.082679,-0.013684,3,-64.5,0.30219,921.75,3
230,138.0,1.0811,-0.082679,-0.013684,3,-64.5,0.63507,925.75,3
231,138.25,1.0811,-0.082679,-0.013684,3,-65.0,0.66882,921.25,3
232,139.5,1.0694,-0.059712,-0.036489999999999995,3,-63.5,2.3945,923.25,3
233,139.75,1.0694,-0.059712,-0.036489999999999995,3,-63.5,1.4143,924.75,3
234,140.75,1.1983,-0.12861,0.031928,3,-65.5,0.78693,921.25,3
235,141.0,1.1983,-0.12861,0.031928,3,-63.0,2.1737,923.75,3
236,142.0,1.3039,-0.18603,0.054735,3,-62.5,2.4682,922.75,3
237,142.75,1.1163,-0.082679,-0.025087,3,-64.5,0.55837,925.75,3
238,143.5,1.128,-0.10565,0.0091224,3,-63.5,1.8484,923.75,3
239,143.75,1.128,-0.10565,0.0091224,3,-64.0,5.9626,922.25,3
240,144.75,1.3273,-0.18603,0.077541,3,-64.5,0.059825,921.75,3
241,145.25,1.3273,-0.18603,0.077541,2,-58.0,5.9135,925.75,3
242,145.75,0.9872799999999999,-0.025263,-0.059296,3,-65.0,0.98175,920.25,3
243,147.5,1.0694,-0.082679,-0.036489999999999995,3,-63.5,1.6091,924.25,3
244,148.5,1.2452,-0.17454,0.054735,3,-63.0,1.8392,923.75,3
245,149.5,1.2687,-0.17454,0.066138,3,-64.0,1.3361,924.75,3
246,149.75,1.2687,-0.17454,0.066138,3,-63.5,1.7104,924.25,3
247,150.25,1.2687,-0.17454,0.066138,3,-64.5,0.7179,920.75,3
248,150.5,1.2687,-0.17454,0.066138,3,-65.5,1.014,920.25,3
249,152.75,1.1045,-0.082679,-0.013684,3,-65.0,0.5353600000000001,920.75,3
250,153.5,1.0459,-0.036746,-0.047893,3,-64.0,5.9749,922.25,3
251,154.5,1.0576,-0.059712,-0.025087,3,-64.5,0.22703,921.75,3
252,155.0,1.0576,-0.059712,-0.025087,3,-64.5,0.57371,925.75,3
253,155.5,1.1045,-0.07119600000000001,-0.013684,3,-62.5,4.2415,920.25,3
254,156.0,1.1045,-0.07119600000000001,-0.013684,3,-63.5,0.003068,922.25,3
255,157.5,1.128,-0.082679,-0.0022806,3,-63.5,0.8621,920.75,3
256,158.5,1.339,-0.19751,0.077541,3,-63.0,6.1727,922.25,3
257,158.75,1.339,-0.19751,0.077541,3,-62.0,5.4917,923.25,3
258,159.25,1.339,-0.19751,0.077541,3,-62.5,1.2993,924.75,3
259,160.0,1.0811,-0.059712,-0.025087,3,-64.0,0.86977,920.75,3
260,161.0,1.1163,-0.094162,-0.013684,3,-63.5,6.1819,922.25,3
261,161.75,1.1983,-0.10565,0.020525,3,-63.5,0.21629,921.75,3
262,162.25,1.1983,-0.10565,0.020525,2,-58.5,5.9626,925.75,3
263,162.5,1.1983,-0.10565,0.020525,3,-64.0,0.84983,920.75,3
264,163.25,0.97555,-0.025263,-0.070699,3,-63.0,6.185,922.25,3
265,163.75,0.97555,-0.025263,-0.070699,3,-62.0,2.3777,923.25,3
266,164.0,0.97555,-0.025263,-0.070699,3,-62.5,1.3330000000000002,924.75,3
267,164.75,1.0811,-0.082679,-0.013684,2,-58.5,6.0055,925.75,3
268,165.0,1.0811,-0.082679,-0.013684,3,-63.0,0.60746,921.25,3
269,165.25,1.0811,-0.082679,-0.013684,3,-63.5,1.2257,920.25,3
270,166.0,1.3742,-0.19751,0.08894400000000001,3,-62.5,5.438,923.25,3
271,166.25,1.3742,-0.19751,0.08894400000000001,3,-62.5,2.6354,922.75,3
272,166.75,1.3742,-0.19751,0.08894400000000001,3,-62.5,1.6076,924.25,3
273,168.0,1.0928,-0.082679,-0.036489999999999995,3,-63.0,6.1773,922.25,3
274,168.5,1.0928,-0.082679,-0.036489999999999995,3,-62.5,2.3516,923.25,3
275,169.25,1.1749,-0.12861,0.031928,3,-63.5,0.3114,921.75,3
276,169.75,1.1749,-0.12861,0.031928,3,-64.0,4.0344,920.75,3
277,170.0,1.1749,-0.12861,0.031928,3,-63.5,1.1858,920.25,3
278,170.75,1.0694,-0.059712,-0.025087,2,-58.0,0.033748,925.25,3
279,173.25,1.2335,-0.14009000000000002,0.043332,3,-63.0,0.98635,925.25,3
280,173.5,1.2335,-0.14009000000000002,0.043332,3,-62.5,2.7489,922.75,3
281,173.75,1.2335,-0.14009000000000002,0.043332,3,-62.5,1.3468,924.75,3
282,174.5,1.2335,-0.14009000000000002,0.043332,2,-58.5,5.9672,925.75,3
283,174.75,1.0576,-0.048229,-0.047893,3,-64.0,3.7859,921.25,3
284,175.5,1.0576,-0.048229,-0.047893,3,-63.0,2.7903,922.25,3
285,176.25,1.3859,-0.20899,0.08894400000000001,3,-63.5,1.3208,924.75,3
286,177.0,1.0928,-0.082679,-0.0022806,3,-65.0,0.8022699999999999,920.75,3
287,177.75,0.96383,-0.025263,-0.070699,3,-62.5,2.0678,923.75,3
288,178.5,1.1632,-0.11713,0.020525,3,-63.0,5.9503,922.75,3
289,179.5,1.0928,-0.082679,-0.025087,3,-62.5,4.1479,920.75,3
290,179.75,1.0928,-0.082679,-0.025087,3,-63.0,3.8948,921.25,3
291,180.5,1.339,-0.19751,0.077541,3,-62.5,1.0538,925.25,3
292,181.0,1.339,-0.19751,0.077541,3,-62.5,2.7642,922.75,3
293,181.75,1.0928,-0.082679,-0.013684,2,-58.0,6.0485,925.75,3
294,182.25,1.0107,-0.036746,-0.059296,3,-63.0,4.513,920.25,3
295,183.25,1.1045,-0.082679,-0.013684,3,-62.0,2.7872,922.75,3
296,183.75,1.1045,-0.082679,-0.013684,3,-63.0,0.37429,921.75,3
297,184.0,1.1045,-0.082679,-0.013684,2,-58.0,6.0408,925.75,3
298,186.0,1.2452,-0.15158,0.043332,3,-62.5,1.3898,924.75,3
299,186.25,1.2452,-0.15158,0.043332,3,-62.5,1.7748,924.25,3
300,186.75,1.2452,-0.15158,0.043332,3,-63.5,4.2323,920.75,3
301,187.0,1.2452,-0.15158,0.043332,3,-63.0,3.9930000000000003,921.25,3
302,187.25,1.2452,-0.15158,0.043332,3,-61.5,2.2181,923.75,3
303,188.25,1.339,-0.20899,0.10035,3,-62.5,0.0061359,922.75,3
304,188.75,1.2804,-0.22048,0.08894400000000001,3,-62.0,2.031,924.25,3
305,189.25,1.2804,-0.22048,0.08894400000000001,3,-64.0,1.2824,920.75,3
306,190.0,1.0225,-0.059712,-0.047893,3,-63.0,0.25924,922.25,3
307,190.5,1.0225,-0.059712,-0.047893,3,-62.5,5.8107,923.25,3
308,190.75,1.0225,-0.059712,-0.047893,3,-62.5,1.646,924.75,3
309,191.5,1.2218,-0.16305999999999998,0.054735,3,-63.0,4.4239999999999995,920.75,3
310,192.5,1.2452,-0.16305999999999998,0.066138,3,-63.0,0.22703,922.25,3
311,193.0,1.2452,-0.16305999999999998,0.066138,3,-62.0,2.6354,923.25,3
312,193.25,1.2452,-0.16305999999999998,0.066138,3,-62.0,1.5785,924.75,3
313,194.25,1.1163,-0.10565,-0.0022806,3,-63.0,4.2752,920.75,3
314,194.5,1.1163,-0.10565,-0.0022806,3,-63.5,4.5682,920.25,3
315,194.75,1.1163,-0.10565,-0.0022806,3,-62.5,0.1626,922.25,3
316,195.5,1.3273,-0.18603,0.077541,3,-62.5,6.0715,922.75,3
317,196.0,1.3273,-0.18603,0.077541,3,-62.5,3.5895,921.75,3
318,196.25,1.3273,-0.18603,0.077541,2,-58.5,6.0454,925.75,3
319,196.5,1.3273,-0.18603,0.077541,3,-63.5,4.2537,920.75,3
320,197.25,1.3273,-0.19751,0.077541,3,-63.5,0.25156999999999996,922.25,3
321,197.5,1.3273,-0.19751,0.077541,3,-60.0,5.6972,925.25,3
322,198.25,0.8583,0.078086,-0.52682,2,-51.5,4.6924,924.75,3
323,198.33,0.8583,0.078086,-0.52682,2,-47.5,0.78693,921.75,3
324,198.5,0.77622,0.18143,-0.51542,2,-48.0,1.5186,921.75,3
325,198.75,0.8114,0.26182,-0.53822,3,-59.0,5.3996,925.75,3
326,199.75,0.97555,0.57186,-0.34437,2,-64.0,4.6786,925.25,1
327,200.25,0.62379,0.81301,-0.31016,1,-64.0,0.65501,922.75,1
328,200.75,0.7527699999999999,0.80152,-0.18473,1,-65.5,4.5084,921.75,1
329,201.25,0.7527699999999999,0.80152,-0.18473,3,-59.5,1.4941,925.75,1
330,201.33,0.7527699999999999,0.80152,-0.18473,1,-65.5,5.665,920.75,1
331,201.5,0.58862,0.8819100000000001,-0.12771,1,-66.0,5.4932,921.25,1
332,202.25,0.44791000000000003,1.0197,-0.32156999999999997,3,-58.5,0.74858,922.25,1
333,202.5,0.44791000000000003,1.0197,-0.32156999999999997,3,-58.5,0.29759,923.25,1
334,202.58,0.44791000000000003,1.0197,-0.32156999999999997,3,-59.0,0.41263999999999995,923.25,1
335,202.75,0.44791000000000003,1.0197,-0.32156999999999997,3,-58.5,0.9203899999999999,922.75,1
336,203.25,0.44791000000000003,0.89339,-0.19613,3,-58.5,5.0575,921.75,1
337,205.75,0.47136000000000006,0.93932,0.054735,1,-67.5,0.45406,921.75,1
338,207.75,0.35411,0.96229,0.14595999999999998,3,-59.0,1.6552,924.75,4
339,209.25,0.23685,0.97377,0.11175,3,-60.0,5.9779,923.75,4
340,218.0,0.27203,0.8359700000000001,0.36262,1,-59.0,1.9543,921.75,2
341,442.0,-0.22044,0.8589399999999999,0.35120999999999997,2,-60.5,1.2793,921.75,1
342,442.25,-0.22044,0.8589399999999999,0.35120999999999997,2,-62.5,5.9626,925.75,1
343,442.75,-0.22044,0.8589399999999999,0.35120999999999997,2,-58.5,5.0391,921.25,1
344,443.0,0.37756,1.0082,-0.26455,1,-65.5,1.3898,920.25,1
345,443.25,0.37756,1.0082,-0.26455,1,-65.5,1.1996,923.75,1
346,443.5,0.47136000000000006,0.8819100000000001,-0.32156999999999997,3,-62.5,0.58445,923.25,1
347,444.0,0.47136000000000006,0.8819100000000001,-0.32156999999999997,3,-59.5,5.2048,922.75,1
348,444.75,0.77622,0.52593,-0.53822,3,-58.5,5.7125,920.75,1
349,446.5,1.0459,0.10105,-0.33297,3,-59.0,0.8528899999999999,924.75,3
350,446.75,1.0459,0.10105,-0.33297,3,-60.0,0.13499,921.75,3
351,447.0,1.1632,-0.07119600000000001,-0.28736,3,-59.5,1.2548,924.25,3
352,447.75,1.1514,-0.10565,-0.17332999999999998,3,-58.5,0.5092800000000001,920.25,3
353,448.0,1.1514,-0.10565,-0.17332999999999998,3,-58.5,1.5064,923.75,3
354,448.08,1.1514,-0.10565,-0.17332999999999998,3,-59.0,5.6895,922.25,3
355,448.5,1.2921,-0.23196,-0.12771,3,-59.0,4.7492,923.25,3
356,448.75,1.2921,-0.23196,-0.12771,3,-59.0,1.8929,922.75,3
357,449.25,1.2335,-0.15158,-0.036489999999999995,3,-60.0,0.9970899999999999,924.25,3
358,450.25,1.1163,-0.082679,-0.059296,3,-60.0,0.27458,920.25,3
359,450.75,1.1163,-0.07119600000000001,-0.070699,3,-61.5,0.50621,925.25,3
360,451.75,1.1397,-0.094162,-0.10490999999999999,3,-63.5,0.25924,921.75,3
361,452.25,1.2804,-0.18603,-0.013684,3,-61.5,4.2338,920.75,3
362,452.75,1.2804,-0.18603,-0.013684,3,-62.0,1.3023,920.25,3
363,453.5,1.2804,-0.20899,-0.013684,3,-59.5,5.3214,923.25,3
364,492.75,1.1045,-0.07119600000000001,-0.047893,3,-63.5,0.28225,924.75,3
365,493.25,1.1045,-0.07119600000000001,-0.047893,3,-63.5,0.5200199999999999,924.25,3
366,493.5,1.1045,-0.07119600000000001,-0.047893,3,-62.0,6.0209,920.75,3
367,498.0,1.1045,-0.07119600000000001,-0.047893,3,-61.5,2.2964,921.75,3
368,499.0,1.1163,-0.059712,-0.059296,3,-62.0,0.013806,920.25,3
369,499.75,1.1163,-0.059712,-0.059296,3,-63.0,0.049087,925.25,3
370,500.25,1.1163,-0.059712,-0.059296,3,-63.5,0.47247,924.75,3
371,501.5,1.3156,-0.15158,0.020525,3,-62.5,6.1329,920.25,3
372,501.75,1.3156,-0.15158,0.020525,3,-62.0,1.8653,922.25,3
373,503.25,1.3742,-0.19751,0.066138,2,-59.5,6.0224,924.25,3
374,503.75,1.3742,-0.19751,0.066138,3,-62.0,5.688,921.25,3
375,504.75,1.1632,-0.094162,-0.013684,3,-62.0,1.3852,923.25,3
376,505.5,1.1632,-0.094162,-0.013684,3,-62.5,0.76085,924.25,3
377,506.5,1.0928,-0.048229,-0.036489999999999995,3,-62.5,1.0891,923.75,3
378,507.25,1.1632,-0.10565,-0.025087,3,-62.0,1.6782,922.75,3
379,508.0,1.1632,-0.10565,-0.025087,3,-63.0,6.0147,925.75,3
380,508.75,1.0694,-0.036746,-0.070699,3,-62.0,0.056757,920.25,3
381,509.25,1.0694,-0.036746,-0.070699,3,-63.5,0.069029,925.25,3
382,510.25,1.1163,-0.059712,-0.036489999999999995,3,-61.5,2.255,921.75,3
383,510.75,1.1163,-0.059712,-0.036489999999999995,3,-62.0,2.7949,920.75,3
384,511.75,1.1983,-0.10565,0.0091224,3,-63.5,0.15033,925.25,3
385,512.25,1.1983,-0.10565,0.0091224,3,-62.0,1.7779,922.75,3
386,512.75,1.1983,-0.10565,0.0091224,3,-62.0,2.3163,921.75,3
387,513.25,1.1983,-0.10565,0.0091224,3,-62.5,5.9749,920.75,3
388,514.25,1.0576,-0.025263,-0.059296,3,-63.5,0.070563,925.25,3
389,514.75,1.0576,-0.025263,-0.059296,3,-62.5,4.8075,922.75,3
390,515.75,1.0928,-0.059712,-0.036489999999999995,3,-62.5,5.734,921.25,3
391,516.25,1.0928,-0.059712,-0.036489999999999995,3,-62.5,0.029146,920.25,3
392,517.25,1.0928,-0.059712,-0.036489999999999995,2,-59.0,5.7877,924.75,3
393,517.5,1.0928,-0.059712,-0.036489999999999995,3,-62.5,0.7255699999999999,924.25,3
394,519.0,1.1632,-0.094162,-0.025087,3,-62.5,0.049087,925.25,3
395,519.75,1.1632,-0.094162,-0.025087,3,-63.0,0.36816,924.75,3
396,520.0,1.1632,-0.094162,-0.025087,3,-62.5,0.69029,924.25,3
397,521.0,1.0928,-0.048229,-0.047893,3,-61.5,6.2326,920.25,3
398,521.5,1.0928,-0.048229,-0.047893,3,-61.5,1.9175,922.25,3
399,522.5,1.1045,-0.07119600000000001,-0.036489999999999995,3,-61.5,5.3367,921.75,3
400,523.0,1.1045,-0.07119600000000001,-0.036489999999999995,3,-61.5,5.9549,920.75,3
401,523.75,1.0811,-0.048229,-0.047893,3,-62.5,1.0983,923.75,3
402,524.25,1.0811,-0.048229,-0.047893,3,-62.0,1.379,923.25,3
403,524.5,1.0811,-0.048229,-0.047893,3,-63.0,0.3881,924.75,3
404,525.5,1.1514,-0.07119600000000001,-0.0022806,3,-61.5,5.9764,920.75,3
405,525.75,1.1514,-0.07119600000000001,-0.0022806,3,-62.0,0.059825,920.25,3
406,527.0,1.1045,-0.07119600000000001,-0.036489999999999995,2,-59.5,5.7892,924.75,3
407,527.25,1.1045,-0.07119600000000001,-0.036489999999999995,3,-62.0,5.4533,921.75,3
408,528.25,1.0811,-0.048229,-0.059296,3,-62.5,6.1375,920.25,3
409,528.75,1.0811,-0.048229,-0.059296,3,-63.0,1.804,922.25,3
410,529.75,1.1163,-0.048229,-0.036489999999999995,3,-62.5,5.5193,921.75,3
411,530.25,1.1163,-0.048229,-0.036489999999999995,3,-61.5,6.1712,920.75,3
412,530.5,1.1163,-0.048229,-0.036489999999999995,3,-62.0,5.7064,921.25,3
413,531.5,1.128,-0.082679,-0.047893,3,-63.0,1.2839,923.25,3
414,532.0,1.128,-0.082679,-0.047893,2,-59.0,5.7033,924.75,3
415,532.25,1.128,-0.082679,-0.047893,3,-63.5,0.76085,924.25,3
416,533.25,1.0576,-0.01378,-0.059296,3,-62.5,6.1421,920.25,3
417,533.75,1.0576,-0.01378,-0.059296,3,-63.0,0.1672,925.25,3
418,534.25,1.0576,-0.01378,-0.059296,3,-62.0,1.804,922.75,3
419,535.25,1.339,-0.16305999999999998,0.054735,3,-62.0,6.0439,920.75,3
420,535.5,1.339,-0.16305999999999998,0.054735,3,-62.0,0.10737999999999999,920.25,3
421,536.5,1.0928,-0.036746,-0.047893,3,-62.0,1.4788,923.25,3
422,537.0,1.0928,-0.036746,-0.047893,3,-62.5,0.49701000000000006,924.75,3
423,537.25,1.0928,-0.036746,-0.047893,2,-59.5,6.0393,924.25,3
424,537.75,1.0928,-0.036746,-0.047893,3,-62.0,6.047000000000001,920.75,3
425,538.0,1.0928,-0.036746,-0.047893,3,-62.0,0.092039,920.25,3
426,538.75,1.1632,-0.094162,-0.013684,2,-60.0,5.5484,925.25,3
427,539.25,1.1632,-0.094162,-0.013684,3,-62.5,0.45252,924.75,3
428,539.5,1.1632,-0.094162,-0.013684,3,-62.5,0.8252799999999999,924.25,3
429,541.0,1.1045,-0.048229,-0.036489999999999995,3,-62.5,0.16567,925.25,3
430,541.5,1.1045,-0.048229,-0.036489999999999995,3,-62.5,0.50468,924.75,3
431,542.0,1.1045,-0.048229,-0.036489999999999995,3,-61.5,2.3286,921.75,3
432,542.75,1.1632,-0.082679,-0.013684,3,-62.0,5.8015,921.25,3
433,543.0,1.1632,-0.082679,-0.013684,2,-59.0,0.064427,923.75,3
434,543.25,1.1632,-0.082679,-0.013684,3,-62.0,5.1741,922.25,3
435,544.0,1.1632,-0.082679,-0.013684,3,-62.5,0.4694,924.75,3
436,545.0,1.0928,-0.036746,-0.070699,3,-61.5,6.0546,920.75,3
437,545.25,1.0928,-0.036746,-0.070699,3,-61.5,5.7816,921.25,3
438,545.5,1.0928,-0.036746,-0.070699,3,-61.5,0.11350999999999999,920.25,3
439,545.75,1.0928,-0.036746,-0.070699,3,-61.5,5.2002,922.25,3
440,546.25,1.0928,-0.036746,-0.070699,3,-61.5,1.4404,923.25,3
441,546.5,1.0928,-0.036746,-0.070699,2,-59.5,5.7555,924.75,3
442,547.25,1.128,-0.059712,-0.036489999999999995,3,-62.0,6.0807,920.75,3
443,548.25,1.2452,-0.12861,0.020525,3,-61.5,2.0172,922.25,3
444,549.25,1.2452,-0.12861,0.020525,3,-61.5,5.461,921.75,3
445,550.5,1.0459,-0.025263,-0.070699,3,-62.0,1.149,923.75,3
446,551.0,1.0459,-0.025263,-0.070699,3,-63.0,0.15186,925.25,3
447,551.25,1.0459,-0.025263,-0.070699,3,-61.5,4.8412,922.75,3
448,552.25,1.128,-0.07119600000000001,-0.036489999999999995,3,-61.5,6.0746,920.75,3
449,553.25,1.1163,-0.059712,-0.036489999999999995,3,-62.5,0.11505,925.25,3
450,553.75,1.1163,-0.059712,-0.036489999999999995,3,-61.5,4.8612,922.75,3
451,554.75,1.128,-0.059712,-0.036489999999999995,3,-61.5,6.05,920.75,3
452,555.0,1.128,-0.059712,-0.036489999999999995,3,-61.5,0.076699,920.25,3
453,556.0,1.2335,-0.094162,0.020525,3,-61.5,1.4527,923.25,3
454,556.5,1.2335,-0.094162,0.020525,3,-62.0,5.4303,921.75,3
455,557.0,1.2335,-0.094162,0.020525,3,-62.5,6.0654,925.75,3
