,time,frontal,vertical,lateral,id,rssi,phase,freq,label
0,0.0,0.2603,0.93932,-0.31016,3,-59.0,5.9074,922.25,1
1,1.0,0.8231200000000001,0.45703,-0.60664,2,-51.5,3.9807,920.75,1
2,1.5,0.8231200000000001,0.52593,-0.4584,3,-57.5,1.2471,923.75,1
3,1.55,0.8231200000000001,0.52593,-0.4584,3,-59.5,6.2326,925.25,1
4,4.75,1.1397,0.0091865,-0.13912,2,-60.5,1.8009,922.25,3
5,151.25,0.37756,0.75559,-0.67506,3,-66.0,5.7141,925.75,1
6,151.5,0.37756,0.75559,-0.67506,2,-58.0,5.645,923.25,1
7,153.5,0.1196,0.75559,0.18017,2,-61.5,0.19942000000000001,921.75,4
8,289.25,0.50654,0.60631,-0.77769,2,-51.5,4.9716,920.25,1
9,289.5,0.56517,0.61779,-0.53822,2,-52.0,6.1098,921.25,1
10,290.0,0.83485,0.46851000000000004,-0.5838399999999999,2,-51.0,2.1875,921.75,1
11,293.5,1.0576,-0.025263,-0.24174,2,-60.0,0.474,924.75,3
12,297.75,1.1045,-0.036746,-0.19613,2,-59.5,4.3396,923.25,3
13,299.25,1.1045,-0.036746,-0.19613,2,-58.5,5.6052,921.25,3
14,303.5,1.1045,-0.036746,-0.19613,2,-59.5,0.8851100000000001,923.75,3
15,305.5,1.3156,-0.12861,-0.10490999999999999,2,-60.5,0.1672,924.75,3
16,312.25,1.0811,-0.036746,-0.23034000000000002,2,-60.0,4.0758,923.25,3
17,314.75,1.0694,-0.025263,-0.24174,2,-59.0,0.948,923.25,3
18,315.75,1.0694,-0.025263,-0.24174,2,-61.0,6.1144,925.25,3
19,322.25,1.1045,-0.059712,-0.20754,2,-60.0,1.0048,923.25,3
20,323.0,1.1045,-0.059712,-0.20754,2,-61.0,6.2157,925.25,3
21,327.0,1.0928,-0.036746,-0.21894,2,-59.0,1.2318,922.75,3
22,328.25,1.0928,-0.036746,-0.21894,2,-60.5,0.39884000000000003,924.25,3
23,329.5,1.0928,-0.036746,-0.21894,2,-59.5,0.9219200000000001,923.25,3
24,331.5,1.0694,-0.01378,-0.21894,2,-59.0,4.8458,921.75,3
25,332.25,1.0694,-0.01378,-0.21894,2,-61.0,0.099709,924.75,3
26,336.0,1.1749,-0.059712,-0.18473,2,-58.5,1.4481,922.25,3
27,337.75,1.1749,-0.059712,-0.18473,2,-60.5,0.37889,924.25,3
28,342.75,1.2101,-0.082679,-0.16192,2,-60.0,0.41417,924.25,3
29,344.0,1.2101,-0.082679,-0.16192,2,-59.5,0.9434,923.25,3
30,344.5,1.2101,-0.082679,-0.16192,2,-60.5,0.158,924.75,3
31,347.0,1.1045,-0.025263,-0.21894,2,-58.5,5.3996,920.75,3
32,350.25,1.2687,-0.11713,-0.13912,2,-60.5,0.36509,924.25,3
33,350.75,1.2687,-0.11713,-0.13912,2,-58.5,1.465,922.25,3
34,351.5,1.2687,-0.11713,-0.13912,2,-60.0,1.1643,922.75,3
35,356.25,1.0811,-0.0022965999999999998,-0.21894,2,-59.5,1.1888,922.75,3
36,357.5,1.0811,-0.0022965999999999998,-0.21894,2,-60.5,0.25464000000000003,924.25,3
37,358.5,1.1632,-0.082679,-0.17332999999999998,2,-59.5,1.0017,923.25,3
38,359.5,1.1632,-0.082679,-0.17332999999999998,2,-60.5,0.7179,923.75,3
39,361.0,1.1632,-0.082679,-0.17332999999999998,2,-59.5,0.8667,923.25,3
40,365.25,1.1397,-0.059712,-0.18473,2,-58.5,1.4189,922.25,3
41,366.75,1.1514,-0.048229,-0.18473,2,-61.5,5.9963,925.25,3
42,375.25,1.3625,-0.15158,-0.10490999999999999,2,-58.0,1.646,921.75,3
43,385.5,1.2335,-0.082679,-0.15052000000000001,2,-59.0,1.1029,922.75,3
44,386.25,1.2335,-0.082679,-0.15052000000000001,2,-60.0,0.56604,923.75,3
45,387.25,1.2335,-0.082679,-0.15052000000000001,2,-59.0,4.5268,922.25,3
46,387.75,1.2335,-0.082679,-0.15052000000000001,2,-59.5,0.83449,923.25,3
47,389.75,1.2335,-0.094162,-0.13912,2,-59.0,1.3438,922.25,3
48,390.5,1.2335,-0.094162,-0.13912,2,-59.0,1.0922,922.75,3
49,392.75,1.339,-0.12861,-0.10490999999999999,2,-59.0,1.0723,922.75,3
50,395.25,1.1514,-0.059712,-0.17332999999999998,2,-59.0,1.0922,922.75,3
51,395.75,1.1514,-0.059712,-0.17332999999999998,2,-60.0,0.5859800000000001,923.75,3
52,399.75,1.128,-0.048229,-0.18473,2,-59.0,1.6736,921.75,3
53,401.5,1.128,-0.048229,-0.18473,2,-58.5,5.0683,921.25,3
54,404.75,1.1983,-0.094162,-0.15052000000000001,2,-60.0,0.9234600000000001,923.25,3
55,414.0,1.128,-0.036746,-0.18473,2,-59.5,1.445,922.25,3
56,415.0,1.128,-0.036746,-0.18473,2,-59.0,5.8276,920.75,3
57,415.75,1.128,-0.036746,-0.18473,3,-61.5,5.6082,924.25,3
58,416.25,0.78795,0.2733,-0.62945,2,-50.0,1.7948,921.25,3
59,416.33,0.5534399999999999,0.52593,-0.6864600000000001,2,-51.0,1.4205,922.25,1
60,416.75,0.45963999999999994,0.5489,-0.77769,3,-60.5,0.44638999999999995,925.75,1
61,417.0,0.45963999999999994,0.5489,-0.77769,3,-60.0,5.395,923.25,1
62,417.25,0.45963999999999994,0.5489,-0.77769,3,-60.0,0.14573,922.75,1
63,417.5,0.20168,0.80152,-0.56103,3,-61.0,5.9334,920.75,1
64,417.58,0.20168,0.80152,-0.56103,3,-64.5,2.0479,924.75,1
65,418.75,-0.13835999999999998,0.9048700000000001,0.043332,3,-59.5,1.4680000000000002,922.25,1
66,419.75,-0.056282000000000006,0.79004,0.12315,3,-65.0,5.2355,922.75,4
67,420.5,-0.056282000000000006,0.79004,0.12315,1,-59.0,0.76085,925.25,4
68,421.0,0.072698,1.0542,-0.070699,1,-52.5,0.40497,920.25,4
69,421.25,0.47136000000000006,1.0082,0.20297,1,-53.5,3.8488,922.25,4
70,422.75,0.15478,0.98526,0.11175,1,-63.5,6.0454,925.25,4
71,427.0,0.8934799999999999,0.75559,0.08894400000000001,1,-59.0,5.415,920.75,2
72,428.75,0.8934799999999999,0.75559,0.08894400000000001,1,-59.5,1.445,921.75,2
73,430.5,0.8934799999999999,0.75559,0.08894400000000001,1,-58.0,5.5622,920.25,2
74,431.0,0.8934799999999999,0.75559,0.08894400000000001,1,-58.0,0.89738,922.25,2
75,432.0,0.8934799999999999,0.75559,0.08894400000000001,1,-58.0,1.8116,920.75,2
76,433.25,0.8934799999999999,0.75559,0.08894400000000001,1,-58.5,1.5892,921.25,2
