,time,frontal,vertical,lateral,id,rssi,phase,freq,label
0,0.0,0.56517,0.92784,0.031928,3,-58.5,5.5315,922.75,4
1,3.875,0.7645,0.73263,-0.070699,3,-66.0,4.4577,921.25,4
2,3.9,0.23685,1.0082,-0.20754,3,-59.5,0.21936,922.25,4
3,4.45,0.7176,0.6866899999999999,-0.036489999999999995,2,-60.0,0.7808,923.25,1
4,4.7,0.7176,0.6866899999999999,-0.036489999999999995,1,-68.0,0.82221,922.75,1
5,5.2,0.6472399999999999,0.8589399999999999,-0.013684,1,-68.0,2.123,921.75,1
6,5.7,0.78795,0.80152,0.031928,2,-59.0,1.3453,920.75,1
7,6.95,0.70587,0.81301,-0.013684,3,-58.5,1.6828,923.25,1
8,8.7,0.69414,0.81301,0.0091224,1,-68.0,5.8445,920.25,1
9,8.95,0.69414,0.81301,0.0091224,2,-59.0,0.28379,922.25,1
10,9.2,0.63552,0.8589399999999999,0.0091224,2,-60.0,4.7553,925.25,1
11,9.95,0.8114,0.76708,0.031928,2,-58.5,0.70563,921.75,1
12,10.95,0.48308999999999996,0.9048700000000001,-0.082102,2,-58.5,0.93573,921.25,1
13,11.45,0.72932,0.82449,0.0091224,2,-59.0,0.2485,922.25,1
14,11.7,0.72932,0.82449,0.0091224,2,-60.0,4.7032,925.25,1
15,11.95,0.72932,0.82449,0.0091224,2,-59.0,5.8383,923.25,1
16,12.2,0.72932,0.82449,0.0091224,2,-59.5,4.9686,924.75,1
17,12.45,0.8231200000000001,0.77856,0.054735,3,-58.5,0.8651700000000001,924.25,1
18,13.7,0.67069,0.8359700000000001,-0.0022806,3,-59.0,1.2395,923.75,1
19,14.95,0.50654,0.9048700000000001,-0.082102,2,-59.5,5.1787,924.25,1
20,15.45,0.50654,0.9048700000000001,-0.082102,2,-59.5,1.0538,920.75,1
21,15.95,0.54171,0.9163600000000001,-0.070699,2,-59.5,5.645,923.75,1
22,16.2,0.54171,0.9163600000000001,-0.070699,2,-59.5,0.32827,922.25,1
23,17.2,0.72932,0.80152,0.020525,3,-59.5,0.62893,924.75,1
24,17.95,0.56517,0.89339,-0.082102,1,-66.5,5.9074,921.25,1
25,18.2,0.56517,0.89339,-0.082102,2,-59.0,0.73017,921.25,1
26,18.95,0.56517,0.8819100000000001,-0.059296,3,-59.5,0.43258,925.25,1
27,19.2,0.56517,0.8819100000000001,-0.059296,2,-59.0,5.7632,923.25,1
28,19.7,0.72932,0.81301,0.0091224,1,-67.0,5.4932,921.75,1
29,20.7,0.56517,0.89339,-0.059296,1,-65.0,0.18254,920.25,1
30,20.95,0.56517,0.89339,-0.059296,3,-59.0,1.1582,923.75,1
31,23.45,0.7176,0.82449,-0.0022806,3,-59.5,4.2798,923.75,1
32,23.7,0.74105,0.8359700000000001,-0.013684,1,-68.0,1.3576,922.25,1
33,23.95,0.74105,0.8359700000000001,-0.013684,2,-59.0,5.9043,923.25,1
34,24.45,0.54171,0.89339,-0.082102,3,-59.0,0.6933600000000001,924.75,1
35,24.7,0.54171,0.89339,-0.082102,1,-67.0,2.3286,921.75,1
36,24.95,0.57689,0.8819100000000001,-0.059296,3,-60.0,0.3114,925.75,1
37,25.2,0.57689,0.8819100000000001,-0.059296,1,-66.5,3.2198,920.75,1
38,25.45,0.52999,0.9163600000000001,-0.082102,2,-58.5,1.4036,920.25,1
39,25.7,0.52999,0.9163600000000001,-0.082102,1,-66.5,3.5205,920.25,1
40,25.95,0.52999,0.9163600000000001,-0.082102,3,-58.0,1.1520000000000001,923.75,1
41,26.2,0.7527699999999999,0.80152,0.020525,1,-68.0,5.099,922.25,1
42,26.7,0.7527699999999999,0.80152,0.020525,2,-59.0,6.0086,922.75,1
43,27.45,0.52999,0.9048700000000001,-0.070699,2,-60.5,4.3857,925.75,1
44,28.2,0.56517,0.89339,-0.082102,2,-58.5,1.3898,920.25,1
45,28.7,0.7645,0.80152,0.020525,3,-59.5,0.39884000000000003,925.25,1
46,30.45,0.6472399999999999,0.84746,-0.013684,2,-58.5,0.7992,921.25,1
47,30.7,0.8114,0.77856,0.043332,2,-59.0,0.10584,922.25,1
48,31.7,0.57689,0.89339,-0.070699,2,-59.5,4.8152,924.75,1
49,31.95,0.57689,0.89339,-0.070699,2,-58.5,0.41571,921.75,1
50,32.7,0.6472399999999999,0.84746,-0.036489999999999995,2,-59.0,1.0170000000000001,920.75,1
51,32.95,0.51826,0.9048700000000001,-0.082102,2,-58.5,1.3775,920.25,1
52,33.45,0.60034,0.8819100000000001,-0.047893,2,-58.5,0.17487,922.25,1
53,33.95,0.60034,0.8819100000000001,-0.047893,2,-59.5,5.7647,923.25,1
54,34.45,0.54171,0.9048700000000001,-0.070699,1,-67.5,5.4042,921.75,1
55,34.95,0.54171,0.9048700000000001,-0.070699,2,-58.5,1.0094,920.75,1
56,35.95,0.78795,0.80152,0.031928,3,-59.5,0.30066,925.25,1
57,36.2,0.56517,0.89339,-0.059296,2,-59.0,6.0331,922.75,1
58,37.2,0.6472399999999999,0.8589399999999999,-0.025087,3,-59.5,0.23163000000000003,925.75,1
59,37.45,0.6472399999999999,0.8589399999999999,-0.025087,1,-67.5,5.9212,920.75,1
60,37.95,0.62379,0.8704200000000001,-0.036489999999999995,2,-58.5,5.2677,923.75,1
61,38.45,0.51826,0.9048700000000001,-0.070699,3,-59.5,0.4065,925.25,1
62,38.95,0.7527699999999999,0.80152,0.031928,2,-59.5,4.7415,924.75,1
63,39.7,0.67069,0.84746,-0.025087,2,-60.0,4.1954,925.75,1
64,39.95,0.58862,0.89339,-0.059296,2,-57.5,0.69643,921.25,1
65,40.7,0.54171,0.9048700000000001,-0.082102,3,-59.5,0.53996,925.25,1
66,40.95,0.54171,0.9048700000000001,-0.082102,3,-58.0,1.4389,923.25,1
67,41.45,0.54171,0.9048700000000001,-0.082102,2,-60.0,4.8044,924.75,1
68,41.95,0.62379,0.8589399999999999,-0.047893,2,-61.0,4.3534,925.75,1
69,42.7,0.72932,0.81301,0.020525,2,-59.0,1.3499,920.25,1
70,43.45,0.52999,0.8819100000000001,-0.082102,3,-59.5,0.49241,925.25,1
71,45.2,0.67069,0.82449,-0.0022806,1,-65.5,3.7429,920.25,1
72,45.45,0.67069,0.82449,-0.0022806,3,-59.0,4.4378,922.25,1
73,46.45,0.42446000000000006,1.0082,0.23718000000000003,2,-63.5,5.2723,924.75,1
74,47.7,0.42446000000000006,0.57186,-0.8119,3,-59.0,6.2157,920.25,1
75,48.45,0.43618999999999997,0.5029600000000001,-0.8233,3,-61.5,0.75625,923.25,1
76,48.7,0.43618999999999997,0.5029600000000001,-0.8233,2,-51.5,3.8764,922.75,1
77,48.95,0.43618999999999997,-0.025263,-0.94873,3,-62.0,6.251,924.75,3
78,49.7,0.52999,-0.082679,-0.8119,2,-50.0,5.1358,921.25,3
79,49.95,0.52999,-0.0022965999999999998,-0.9145200000000001,2,-49.5,5.0944,921.25,3
80,50.025,0.6472399999999999,-0.0022965999999999998,-0.90312,2,-48.0,5.5545,920.25,3
81,50.2,0.60034,0.0091865,-0.9145200000000001,3,-59.5,0.21936,923.75,3
82,50.45,0.60034,0.0091865,-0.9145200000000001,2,-49.5,4.3243,922.25,3
83,50.525,0.57689,0.11254000000000002,-0.9259299999999999,2,-52.0,2.8195,925.25,3
84,50.575,0.57689,0.11254000000000002,-0.9259299999999999,3,-61.0,5.5684,925.25,3
85,50.7,0.5534399999999999,0.043636,-0.90312,3,-59.5,0.047553,923.25,3
86,50.95,0.5534399999999999,0.043636,-0.90312,3,-59.5,6.2817,923.25,3
87,51.025,0.47136000000000006,0.14698,-0.9829399999999999,2,-49.5,3.6263,922.75,3
88,51.2,0.50654,0.16995,-0.96014,2,-52.5,5.8598,924.75,3
89,51.45,0.50654,0.16995,-0.96014,2,-48.5,4.2568,921.75,3
90,51.7,0.65897,0.11254000000000002,-0.88031,3,-64.0,1.8530000000000002,925.75,3
91,51.95,0.65897,0.11254000000000002,-0.88031,2,-48.5,4.6725,920.75,3
92,52.2,0.42446000000000006,0.21588000000000002,-0.99434,2,-48.5,4.7354,920.75,3
93,52.275,0.40101,0.2044,-1.0172,2,-49.0,4.4209,921.25,3
94,52.45,0.43618999999999997,0.21588000000000002,-0.97154,3,-59.5,5.0974,920.25,3
95,52.525,0.43618999999999997,0.21588000000000002,-0.97154,2,-48.0,4.8535,920.25,3
96,52.7,0.47136000000000006,0.16995,-0.94873,2,-53.0,6.0715,923.75,3
97,52.775,0.49481,0.16995,-0.9259299999999999,3,-62.0,0.33441,922.25,3
98,53.2,0.68242,0.11254000000000002,-0.85751,3,-63.0,5.9396,923.25,3
99,53.45,0.68242,0.11254000000000002,-0.85751,2,-51.0,3.4192,922.75,3
100,53.7,0.58862,0.16995,-0.8689100000000001,3,-65.0,1.9343,924.75,3
101,53.95,0.58862,0.16995,-0.8689100000000001,2,-50.0,3.9377,921.75,3
102,54.45,0.56517,0.18143,-0.90312,2,-48.5,4.467,920.75,3
103,54.7,0.49481,0.16995,-0.9259299999999999,3,-61.0,4.0328,921.25,3
104,54.775,0.49481,0.16995,-0.9259299999999999,3,-60.0,4.6602,920.25,3
105,54.95,0.49481,0.16995,-0.9259299999999999,2,-48.0,4.7231,920.25,3
106,55.2,0.48308999999999996,0.18143,-0.9259299999999999,2,-52.5,6.0562,923.75,3
107,55.7,0.83485,0.043636,-0.8004899999999999,3,-64.0,5.9749,923.25,3
108,55.95,0.83485,0.043636,-0.8004899999999999,3,-63.0,0.032214,922.75,3
109,56.2,0.83485,0.043636,-0.8004899999999999,2,-49.5,3.9331,921.75,3
110,56.45,0.5534399999999999,0.18143,-0.9145200000000001,2,-53.0,2.6661,924.25,3
111,56.7,0.56517,0.16995,-0.9145200000000001,3,-68.0,4.5559,925.75,3
112,56.95,0.56517,0.16995,-0.9145200000000001,3,-61.5,4.2691,920.75,3
113,57.2,0.56517,0.16995,-0.9145200000000001,3,-62.5,3.8718,921.25,3
114,57.45,0.56517,0.16995,-0.90312,3,-61.0,4.4547,920.25,3
115,57.95,0.56517,0.16995,-0.90312,3,-66.5,4.6955,925.25,3
116,58.2,0.56517,0.16995,-0.90312,2,-52.0,6.251,923.25,3
117,58.7,0.70587,0.08956900000000001,-0.8461,2,-49.5,3.8932,921.75,3
118,58.95,0.49481,0.15847,-0.94873,2,-52.5,2.6384,924.25,3
119,59.45,0.61207,0.14698,-0.8917200000000001,3,-61.0,4.1663,920.75,3
120,59.7,0.61207,0.14698,-0.8917200000000001,2,-48.5,4.1371,921.25,3
121,59.775,0.49481,0.16995,-0.9373299999999999,3,-60.5,4.4225,920.25,3
122,59.8,0.49481,0.16995,-0.9373299999999999,2,-47.5,4.7063,920.25,3
123,59.975,0.49481,0.15847,-0.9373299999999999,3,-64.0,2.3163,923.75,3
124,60.2,0.50654,0.16995,-0.90312,2,-50.0,3.5818,922.25,3
125,60.45,0.68242,0.12402,-0.8689100000000001,3,-66.5,4.6679,925.25,3
126,60.7,0.68242,0.12402,-0.8689100000000001,2,-51.0,0.158,922.75,3
127,60.95,0.7527699999999999,0.078086,-0.8347,3,-62.0,3.5389,921.75,3
128,61.2,0.7527699999999999,0.078086,-0.8347,2,-49.5,3.8595,921.75,3
129,61.45,0.6472399999999999,0.12402,-0.88031,3,-65.0,2.0371,924.25,3
130,61.7,0.6472399999999999,0.12402,-0.88031,2,-48.0,4.4117,920.75,3
131,61.775,0.50654,0.15847,-0.9259299999999999,2,-48.0,4.4271,920.75,3
132,61.95,0.49481,0.15847,-0.9259299999999999,3,-61.5,3.858,921.25,3
133,62.2,0.49481,0.15847,-0.9373299999999999,2,-47.5,4.7185,920.25,3
134,62.45,0.51826,0.15847,-0.9259299999999999,3,-64.0,2.3347,923.75,3
135,62.7,0.51826,0.15847,-0.9259299999999999,2,-50.5,3.5788,922.25,3
136,63.2,0.51826,0.16995,-0.9259299999999999,2,-51.0,0.17027,922.75,3
137,63.45,0.74105,0.078086,-0.8347,2,-49.5,3.8304,921.75,3
138,63.95,0.56517,0.14698,-0.9145200000000001,2,-53.0,2.5909,924.25,3
139,64.2,0.65897,0.12402,-0.8689100000000001,2,-48.0,4.4056,920.75,3
140,64.275,0.49481,0.1355,-0.94873,3,-61.5,0.71023,921.25,3
141,64.45,0.49481,0.1355,-0.94873,3,-61.5,3.8288,921.25,3
142,64.95,0.67069,0.12402,-0.85751,3,-62.0,0.087437,922.25,3
143,65.2,0.56517,0.15847,-0.9145200000000001,3,-63.0,2.6154,923.25,3
144,65.45,0.56517,0.15847,-0.9145200000000001,3,-63.0,2.6262,923.25,3
145,65.7,0.56517,0.15847,-0.9145200000000001,2,-51.0,3.3134,922.75,3
146,65.95,0.50654,0.16995,-0.9259299999999999,3,-62.0,0.40497,921.75,3
147,66.2,0.50654,0.16995,-0.9259299999999999,2,-49.5,3.8641,921.75,3
148,66.45,0.60034,0.15847,-0.90312,2,-48.0,4.4194,920.75,3
149,66.7,0.50654,0.16995,-0.90312,2,-48.0,4.4056,920.75,3
150,66.95,0.48308999999999996,0.14698,-0.9373299999999999,3,-61.5,0.7025600000000001,921.25,3
151,67.025,0.48308999999999996,0.14698,-0.9373299999999999,3,-60.5,1.2855,920.25,3
152,67.2,0.48308999999999996,0.14698,-0.9373299999999999,3,-63.5,2.327,923.75,3
153,67.45,0.49481,0.15847,-0.9259299999999999,3,-62.0,0.099709,922.25,3
154,67.95,0.58862,0.15847,-0.90312,3,-63.5,5.7524,923.25,3
155,68.45,0.62379,0.1355,-0.90312,2,-49.5,3.8396,921.75,3
156,68.5,0.58862,0.14698,-0.9259299999999999,2,-52.5,5.7678,924.25,3
157,68.7,0.58862,0.14698,-0.9259299999999999,3,-64.5,2.0295,924.25,3
158,68.95,0.9052,0.020669999999999997,-0.77769,3,-61.0,1.0216,920.75,3
159,69.225,0.9052,0.020669999999999997,-0.77769,3,-61.0,4.1417,920.75,3
160,69.45,0.52999,0.16995,-0.9145200000000001,2,-47.5,4.6832,920.25,3
161,69.7,0.50654,0.14698,-0.9373299999999999,2,-52.0,2.8179,923.75,3
162,70.2,0.49481,0.15847,-0.9259299999999999,2,-51.5,3.0588,923.25,3
163,70.45,0.58862,0.14698,-0.9145200000000001,2,-51.0,0.17487,922.75,3
164,70.7,0.87003,-0.0022965999999999998,-0.8119,2,-49.5,3.8488,921.75,3
165,70.95,0.57689,0.14698,-0.9259299999999999,3,-62.0,0.38503000000000004,921.75,3
166,71.2,0.57689,0.14698,-0.9259299999999999,2,-53.0,2.6001,924.25,3
167,71.45,0.78795,0.032152999999999994,-0.8233,2,-48.0,4.4102,920.75,3
168,71.7,0.49481,0.15847,-0.9259299999999999,3,-61.5,3.8549,921.25,3
169,71.95,0.49481,0.15847,-0.9259299999999999,2,-47.5,4.6802,920.25,3
170,72.2,0.50654,0.15847,-0.9145200000000001,2,-52.5,2.8179,923.75,3
171,72.45,0.51826,0.16995,-0.9145200000000001,3,-66.5,1.5463,925.25,3
172,72.7,0.51826,0.16995,-0.9145200000000001,3,-63.5,5.7509,923.25,3
173,72.95,0.62379,0.1355,-0.8917200000000001,3,-63.0,6.0562,922.75,3
174,73.2,0.49481,0.14698,-0.9259299999999999,2,-49.5,3.8242,921.75,3
175,73.45,0.57689,0.14698,-0.90312,3,-64.5,2.0601,924.25,3
176,73.95,0.79967,0.032152999999999994,-0.8233,2,-48.0,4.401,920.75,3
177,74.025,0.69414,0.078086,-0.8689100000000001,2,-48.5,4.1279,921.25,3
178,74.2,0.49481,0.14698,-0.94873,2,-49.0,4.1172,921.25,3
179,74.275,0.49481,0.14698,-0.94873,2,-49.0,4.1126,921.25,3
180,74.325,0.49481,0.14698,-0.9259299999999999,2,-47.5,4.6909,920.25,3
181,74.35,0.49481,0.14698,-0.9259299999999999,3,-60.5,4.6142,920.25,3
182,74.45,0.49481,0.14698,-0.9259299999999999,2,-47.5,4.6802,920.25,3
183,74.5,0.49481,0.14698,-0.9259299999999999,3,-63.5,2.4452,923.75,3
184,74.7,0.49481,0.14698,-0.9259299999999999,3,-62.0,0.22243000000000002,922.25,3
185,74.95,0.58862,0.16995,-0.90312,2,-52.0,6.2004,923.25,3
186,75.2,0.61207,0.14698,-0.90312,3,-62.0,6.2418,922.75,3
187,75.45,0.61207,0.14698,-0.90312,2,-51.5,0.15033,922.75,3
188,75.525,0.61207,0.14698,-0.90312,3,-64.0,1.9282,924.75,3
189,75.7,0.65897,0.11254000000000002,-0.8689100000000001,2,-50.0,3.8211,921.75,3
190,76.2,0.50654,0.14698,-0.9259299999999999,2,-48.5,4.3933,920.75,3
191,76.45,0.51826,0.14698,-0.9145200000000001,2,-48.5,4.3764,920.75,3
192,76.525,0.69414,0.078086,-0.8689100000000001,2,-49.0,4.1295,921.25,3
193,76.7,0.69414,0.078086,-0.8689100000000001,2,-49.0,4.1325,921.25,3
194,76.775,0.49481,0.14698,-0.9373299999999999,3,-60.0,4.5575,920.25,3
195,76.95,0.49481,0.14698,-0.9373299999999999,2,-52.5,2.8624,923.75,3
196,77.2,0.56517,0.15847,-0.90312,2,-51.0,3.5604,922.25,3
197,77.45,0.69414,0.10105,-0.8461,3,-65.5,1.6045,925.25,3
198,77.7,0.50654,0.15847,-0.9259299999999999,2,-52.0,6.2034,923.25,3
199,77.775,0.50654,0.15847,-0.9259299999999999,3,-62.0,6.1605,922.75,3
200,77.95,0.50654,0.15847,-0.9259299999999999,2,-51.5,3.3027,922.75,3
201,78.2,0.8465799999999999,0.032152999999999994,-0.8004899999999999,3,-61.5,0.4832,921.75,3
202,78.7,0.56517,0.15847,-0.90312,3,-66.5,1.3775,925.75,3
203,78.95,0.49481,0.14698,-0.9373299999999999,2,-48.5,4.3688,920.75,3
204,79.025,0.57689,0.14698,-0.90312,3,-60.5,0.82221,921.25,3
205,79.2,0.57689,0.14698,-0.90312,3,-60.0,4.5314,920.25,3
206,79.275,0.57689,0.14698,-0.90312,2,-47.5,4.6802,920.25,3
207,79.3,0.49481,0.14698,-0.9373299999999999,3,-63.5,5.5193,923.75,3
208,79.45,0.49481,0.14698,-0.9373299999999999,2,-50.5,3.5757,922.25,3
209,79.7,0.50654,0.14698,-0.9259299999999999,3,-61.5,0.19328,922.25,3
210,79.95,0.83485,0.020669999999999997,-0.8004899999999999,2,-52.0,6.2157,923.25,3
211,80.2,0.79967,0.032152999999999994,-0.8233,2,-51.0,3.3257,922.75,3
212,80.7,0.50654,0.15847,-0.90312,2,-49.5,3.8242,921.75,3
213,80.775,0.50654,0.15847,-0.90312,2,-50.0,3.8196,921.75,3
214,81.2,0.70587,0.08956900000000001,-0.85751,2,-48.5,4.3565,920.75,3
215,81.25,0.50654,0.14698,-0.9259299999999999,2,-48.5,4.3565,920.75,3
216,81.45,0.50654,0.14698,-0.9259299999999999,2,-49.0,4.0942,921.25,3
217,81.525,0.6472399999999999,0.12402,-0.88031,3,-59.5,4.5559,920.25,3
218,81.7,0.6472399999999999,0.12402,-0.88031,2,-47.5,4.6556,920.25,3
219,81.775,0.49481,0.15847,-0.9259299999999999,3,-63.0,2.3976,923.75,3
220,81.95,0.49481,0.15847,-0.9259299999999999,2,-50.5,0.43105,922.25,3
221,82.45,0.69414,0.10105,-0.85751,2,-52.0,6.2264,923.25,3
222,82.55,0.49481,0.14698,-0.9373299999999999,3,-62.5,5.8353,923.25,3
223,82.7,0.57689,0.15847,-0.90312,3,-64.5,1.8577,924.75,3
224,82.95,0.57689,0.15847,-0.90312,3,-61.0,0.50161,921.75,3
225,83.7,0.49481,0.15847,-0.9259299999999999,3,-60.0,4.2752,920.75,3
226,83.775,0.49481,0.15847,-0.9259299999999999,2,-49.0,4.1019,921.25,3
227,83.95,0.62379,0.1355,-0.8917200000000001,2,-47.5,4.6725,920.25,3
228,84.2,0.51826,0.1355,-0.9259299999999999,2,-47.5,4.6633,920.25,3
229,84.45,0.69414,0.10105,-0.8689100000000001,2,-52.5,2.8225,923.75,3
230,84.95,0.57689,0.15847,-0.90312,2,-52.0,6.231,923.25,3
231,85.2,0.52999,0.15847,-0.9145200000000001,2,-53.5,2.4682,924.75,3
232,85.45,0.54171,0.14698,-0.9259299999999999,3,-61.0,0.5614399999999999,921.75,3
233,85.7,0.54171,0.14698,-0.9259299999999999,3,-63.5,2.2212,924.25,3
234,86.2,0.50654,0.14698,-0.94873,3,-60.0,1.1582,920.75,3
235,86.3,0.52999,0.14698,-0.9259299999999999,3,-60.5,3.9868,921.25,3
236,86.45,0.52999,0.14698,-0.9259299999999999,3,-60.0,4.5789,920.25,3
237,86.7,0.49481,0.15847,-0.9259299999999999,2,-52.5,2.8256,923.75,3
238,86.95,0.8934799999999999,0.0091865,-0.78909,2,-50.5,3.5588,922.25,3
239,87.2,0.7645,0.05511900000000001,-0.8347,2,-52.0,6.207999999999999,923.25,3
240,87.45,0.57689,0.14698,-0.9145200000000001,2,-51.5,3.3134,922.75,3
241,87.95,0.5534399999999999,0.14698,-0.9145200000000001,3,-61.0,0.53996,921.75,3
242,88.2,0.5534399999999999,0.14698,-0.9145200000000001,2,-53.0,2.6384,924.25,3
243,88.45,0.49481,0.14698,-0.9259299999999999,2,-48.0,4.3918,920.75,3
244,88.7,0.50654,0.14698,-0.9373299999999999,2,-49.0,4.1019,921.25,3
245,88.775,0.52999,0.14698,-0.9259299999999999,3,-60.5,0.8268200000000001,921.25,3
246,88.95,0.52999,0.14698,-0.9259299999999999,2,-47.5,4.6602,920.25,3
247,88.975,0.52999,0.14698,-0.9259299999999999,2,-47.5,4.6802,920.25,3
248,89.025,0.50654,0.14698,-0.9373299999999999,2,-47.5,4.6725,920.25,3
249,89.075,0.50654,0.14698,-0.9373299999999999,3,-63.0,2.4605,923.75,3
250,89.45,0.50654,0.15847,-0.9145200000000001,3,-61.5,0.21322,922.25,3
251,89.95,0.8934799999999999,-0.0022965999999999998,-0.77769,2,-51.5,3.3027,922.75,3
252,90.2,0.51826,0.15847,-0.9259299999999999,3,-64.5,5.0453,924.75,3
253,90.45,0.65897,0.10105,-0.88031,2,-50.0,3.8119,921.75,3
254,90.95,0.58862,0.1355,-0.8917200000000001,2,-48.5,4.4025,920.75,3
255,91.2,0.51826,0.12402,-0.94873,3,-61.0,0.80381,921.25,3
256,91.45,0.51826,0.12402,-0.94873,2,-47.5,4.6618,920.25,3
257,91.525,0.49481,0.14698,-0.9373299999999999,2,-52.5,5.9672,923.75,3
258,91.7,0.49481,0.14698,-0.9373299999999999,3,-63.0,2.4375,923.75,3
259,91.95,0.65897,0.11254000000000002,-0.8689100000000001,3,-65.0,4.7922,925.25,3
260,92.2,0.65897,0.11254000000000002,-0.8689100000000001,3,-63.0,5.869,923.25,3
261,92.45,0.54171,0.14698,-0.9145200000000001,2,-51.5,3.3027,922.75,3
262,92.7,0.56517,0.15847,-0.9145200000000001,2,-50.0,3.792,921.75,3
263,92.95,0.68242,0.10105,-0.85751,2,-50.0,0.6642100000000001,921.75,3
264,93.025,0.68242,0.10105,-0.85751,3,-64.0,5.2815,924.25,3
265,93.2,0.57689,0.14698,-0.90312,3,-60.0,4.2323,920.75,3
266,93.45,0.57689,0.14698,-0.90312,2,-48.5,4.3580000000000005,920.75,3
267,93.525,0.61207,0.14698,-0.9145200000000001,2,-49.0,4.1111,921.25,3
268,93.7,0.49481,0.12402,-0.9373299999999999,2,-47.5,4.6495,920.25,3
269,93.775,0.65897,0.11254000000000002,-0.88031,3,-59.5,4.5513,920.25,3
270,93.95,0.65897,0.11254000000000002,-0.88031,3,-63.0,5.5607,923.75,3
271,94.2,0.65897,0.11254000000000002,-0.88031,2,-50.5,0.41878000000000004,922.25,3
272,94.45,0.61207,0.12402,-0.9145200000000001,3,-65.5,1.6475,925.25,3
273,94.7,0.61207,0.12402,-0.9145200000000001,2,-52.0,6.2188,923.25,3
274,95.2,0.7176,0.078086,-0.8347,2,-50.0,3.792,921.75,3
275,95.45,0.60034,0.14698,-0.9145200000000001,2,-53.0,2.6231,924.25,3
276,95.7,0.60034,0.14698,-0.9145200000000001,3,-66.0,4.5283,925.75,3
277,95.95,0.52999,0.14698,-0.9259299999999999,2,-49.5,4.0973,921.25,3
278,96.025,0.52999,0.14698,-0.9259299999999999,2,-49.5,4.0988,921.25,3
279,96.2,0.50654,0.16995,-0.9145200000000001,3,-60.5,0.93573,921.25,3
280,96.275,0.50654,0.16995,-0.9145200000000001,2,-48.0,4.7293,920.25,3
281,96.45,0.52999,0.14698,-0.9145200000000001,2,-52.5,6.0684,923.75,3
282,96.7,0.5534399999999999,0.14698,-0.90312,2,-49.5,3.7107,922.25,3
283,96.775,0.5534399999999999,0.14698,-0.90312,2,-49.0,3.7813,922.25,3
284,96.825,0.50654,0.078086,-0.9373299999999999,2,-51.5,2.3792,925.25,3
285,96.95,0.50654,0.078086,-0.9373299999999999,3,-62.0,2.0095,925.25,3
286,97.2,0.54171,0.11254000000000002,-0.90312,2,-50.5,3.7368,922.75,3
287,97.45,0.37756,0.18143,-0.99434,3,-64.0,1.4082,924.75,3
288,97.7,0.37756,0.18143,-0.99434,3,-60.0,0.32366999999999996,921.75,3
289,97.775,0.38928,0.26182,-0.97154,2,-51.0,2.6108,924.25,3
290,97.95,0.43618999999999997,0.19292,-0.94873,3,-63.0,1.1121,925.75,3
291,98.45,0.68242,0.19292,-0.8917200000000001,3,-58.0,0.84983,921.25,3
292,98.7,0.31893,0.2733,-1.0172,3,-58.0,4.4286,920.25,3
293,98.95,0.31893,0.2733,-1.0172,2,-51.0,2.5817,923.75,3
294,99.2,0.28376,0.25033,-1.0057,2,-49.5,0.17334000000000002,922.25,3
295,99.45,0.63552,0.1355,-0.90312,3,-60.5,5.5822,923.25,3
296,99.7,0.63552,0.1355,-0.90312,3,-60.0,5.9979,922.75,3
297,100.2,0.20168,0.3422,-1.0286,2,-53.5,6.1681,921.75,3
298,101.7,0.17823,0.89339,-0.6180399999999999,3,-67.5,4.0144,925.25,1
299,102.45,0.57689,0.8704200000000001,-0.19613,3,-59.0,1.7595,921.75,1
300,102.7,0.57689,0.84746,-0.036489999999999995,3,-59.5,0.52462,924.25,1
301,102.95,0.57689,0.84746,-0.036489999999999995,3,-61.5,0.05215499999999999,925.75,1
302,103.45,0.44791000000000003,0.9163600000000001,0.077541,1,-65.5,0.029146,920.25,1
303,104.7,0.50654,0.9163600000000001,-0.025087,3,-59.5,0.7378399999999999,924.75,1
304,106.7,0.68242,0.82449,0.020525,3,-60.0,5.1542,923.25,1
305,108.2,0.45963999999999994,0.96229,-0.070699,2,-61.0,1.8101,920.75,1
306,108.45,0.56517,0.9048700000000001,-0.025087,2,-60.0,1.6322,920.25,1
307,109.2,0.50654,0.89339,0.0091224,3,-60.5,0.60439,925.25,1
308,110.95,0.5534399999999999,0.9048700000000001,-0.013684,3,-59.0,1.2947,923.75,1
309,112.45,0.57689,0.8819100000000001,-0.013684,3,-59.5,0.9495299999999999,924.25,1
310,113.45,0.54171,0.9048700000000001,-0.013684,1,-70.5,0.78847,923.75,1
311,113.7,0.54171,0.9048700000000001,-0.013684,2,-61.5,0.21629,922.25,1
312,114.7,0.7176,0.8359700000000001,0.054735,1,-66.0,5.1434,921.75,1
313,118.95,0.54171,0.9048700000000001,-0.013684,2,-62.5,5.9672,922.75,1
314,119.45,0.54171,0.9048700000000001,-0.013684,3,-60.0,0.58905,924.75,1
315,120.7,0.45963999999999994,0.93932,-0.047893,3,-59.0,1.4128,923.75,1
316,120.95,0.45963999999999994,0.93932,-0.047893,1,-69.0,2.4866,922.25,1
317,121.45,0.45963999999999994,0.93932,-0.047893,1,-69.0,1.6582,923.25,1
318,122.7,0.57689,0.89339,-0.0022806,1,-65.0,5.6404,921.25,1
319,126.2,0.56517,0.9048700000000001,-0.0022806,1,-69.0,1.2548,923.25,1
320,126.95,0.42446000000000006,0.97377,-0.070699,3,-60.0,0.8575,924.25,1
321,127.45,0.42446000000000006,0.97377,-0.070699,1,-65.0,5.957999999999999,920.75,1
322,127.95,0.54171,0.9163600000000001,-0.013684,1,-65.0,0.17334000000000002,920.25,1
323,129.2,0.47136000000000006,0.96229,-0.047893,2,-64.0,1.6475,924.75,1
324,130.95,0.41273000000000004,0.96229,-0.070699,3,-61.0,0.35435,925.25,1
325,131.95,0.49481,0.92784,-0.036489999999999995,3,-59.5,0.84983,924.25,1
326,132.2,0.49481,0.92784,-0.036489999999999995,3,-61.5,0.08897100000000001,925.75,1
327,132.95,0.57689,0.89339,-0.0022806,2,-62.5,1.3714,920.25,1
328,133.2,0.57689,0.89339,-0.0022806,1,-66.5,1.7932,922.25,1
329,134.45,0.48308999999999996,0.93932,-0.059296,3,-61.5,0.056757,925.75,1
330,136.45,0.50654,0.92784,-0.036489999999999995,3,-60.5,0.53689,924.75,1
331,136.95,0.63552,0.8704200000000001,0.031928,3,-59.5,0.7992,924.25,1
332,137.95,0.47136000000000006,0.95081,-0.047893,1,-66.5,4.9133,922.25,1
333,141.2,0.48308999999999996,0.93932,-0.047893,3,-60.0,0.46786000000000005,924.75,1
334,145.7,0.47136000000000006,0.95081,-0.059296,3,-59.0,1.2057,923.25,1
335,146.45,0.5534399999999999,0.9163600000000001,-0.013684,3,-59.5,0.7133,924.25,1
336,148.2,0.7176,0.82449,0.066138,1,-68.5,1.1397,923.25,1
337,148.45,0.7176,0.82449,0.066138,3,-60.0,0.40037,924.75,1
338,149.95,0.41273000000000004,0.95081,-0.070699,3,-59.5,0.94186,923.75,1
339,150.7,0.57689,0.9048700000000001,-0.0022806,1,-68.5,1.1858,923.25,1
340,151.45,0.57689,0.9048700000000001,-0.0022806,3,-60.0,0.69029,924.25,1
341,152.45,0.62379,0.8819100000000001,0.020525,1,-70.0,0.8145399999999999,923.75,1
342,153.45,0.57689,0.8819100000000001,-0.013684,3,-60.0,0.46633,924.75,1
343,153.95,0.57689,0.8819100000000001,-0.013684,3,-59.5,0.66575,924.25,1
344,154.7,0.50654,0.93932,-0.047893,1,-70.0,0.8268200000000001,923.75,1
345,156.2,0.44791000000000003,0.95081,-0.070699,3,-59.5,0.64427,924.25,1
346,157.2,0.62379,0.8704200000000001,0.020525,1,-63.5,3.341,920.25,1
347,158.2,0.51826,0.92784,-0.025087,3,-60.5,0.39576999999999996,924.75,1
348,158.7,0.51826,0.92784,-0.025087,3,-59.5,0.62893,924.25,1
349,161.2,0.50654,0.93932,-0.036489999999999995,3,-59.5,0.62433,924.25,1
350,162.45,0.5534399999999999,0.9048700000000001,-0.013684,1,-66.5,1.7671,922.25,1
351,164.2,0.51826,0.92784,-0.025087,1,-65.0,5.5898,921.25,1
352,165.2,0.48308999999999996,0.92784,-0.036489999999999995,3,-59.0,1.2072,923.25,1
353,166.45,0.51826,0.9163600000000001,-0.025087,1,-65.0,5.9703,920.75,1
354,166.95,0.60034,0.89339,0.0091224,3,-59.5,0.9019799999999999,923.75,1
355,168.45,0.72932,0.84746,0.054735,3,-59.5,0.59825,924.25,1
356,169.45,0.41273000000000004,0.96229,-0.082102,3,-59.0,0.9127200000000001,923.75,1
357,169.95,0.41273000000000004,0.96229,-0.082102,3,-61.0,0.10890999999999999,925.25,1
358,170.95,0.56517,0.89339,-0.013684,3,-59.5,0.61973,924.25,1
359,172.7,0.51826,0.93932,-0.025087,2,-61.5,6.0684,922.75,1
360,173.23,0.62379,0.8704200000000001,-0.0022806,2,-60.5,0.51388,921.75,1
361,174.2,0.8231200000000001,0.72114,0.043332,1,-69.5,5.7509,923.75,1
362,174.7,0.8231200000000001,0.72114,0.043332,3,-58.5,0.7639199999999999,922.25,1
363,176.45,0.8231200000000001,0.72114,0.043332,2,-60.0,5.2278,920.25,4
364,176.95,0.8231200000000001,0.72114,0.043332,3,-58.5,1.3023,922.25,4
365,177.2,0.47136000000000006,0.81301,-0.059296,1,-66.0,6.1758,923.25,4
366,178.7,0.65897,0.89339,0.054735,1,-66.5,5.7877,920.75,4
367,182.2,0.42446000000000006,0.9163600000000001,0.077541,1,-50.5,3.7306,923.25,4
368,182.45,0.30721,0.97377,0.16876,1,-49.0,0.28991999999999996,922.75,4
369,182.95,0.34238,0.92784,-0.0022806,1,-51.5,1.8147,921.75,4
370,183.2,0.10787000000000001,1.0886,-0.17332999999999998,1,-59.0,5.6236,925.75,4
371,322.2,0.44791000000000003,0.81301,-0.52682,2,-58.5,0.44638999999999995,925.75,1
372,322.7,0.72932,0.35368,-0.8233,3,-58.5,5.3766,921.25,1
373,322.95,0.72932,0.35368,-0.8233,2,-50.0,2.7688,920.25,1
374,323.05,0.56517,0.38813000000000003,-0.8689100000000001,2,-51.0,1.0170000000000001,923.75,1
375,323.08,0.56517,0.38813000000000003,-0.8689100000000001,3,-59.5,1.4005,923.75,1
376,323.2,0.56517,0.38813000000000003,-0.8689100000000001,3,-60.0,1.827,923.75,1
377,323.45,0.60034,0.57186,-0.78909,2,-52.0,1.4864,925.25,1
378,323.7,0.62379,0.6292800000000001,-0.73207,2,-51.5,2.9008,923.25,1
379,324.2,0.69414,0.66373,-0.52682,2,-50.5,0.3252,921.75,1
380,324.45,0.56517,0.53741,-0.64085,2,-52.0,2.0018,924.25,1
381,324.7,0.56517,0.53741,-0.64085,3,-61.0,1.3023,920.75,1
382,325.2,0.48308999999999996,0.66373,-0.73207,2,-51.0,0.13039,921.25,1
383,325.45,0.50654,0.59483,-0.72067,2,-51.5,2.1016,923.75,1
384,325.7,0.48308999999999996,0.69818,-0.51542,2,-51.0,2.4237,922.25,1
385,326.2,0.67069,0.6752100000000001,-0.59524,2,-52.0,0.033748,923.25,1
386,326.45,0.7527699999999999,-0.082679,-0.66366,3,-60.0,1.8669,924.75,3
387,326.7,0.7527699999999999,-0.082679,-0.66366,2,-48.0,3.4576,921.75,3
388,326.95,0.45963999999999994,0.3422,-0.9145200000000001,2,-49.5,2.2994,924.25,3
389,327.2,0.68242,0.22737,-0.8461,2,-51.5,1.6015,925.75,3
390,327.28,0.29548,0.39960999999999997,-0.9829399999999999,2,-48.5,0.47247,920.75,3
391,327.45,0.18995,0.48,-1.0742,2,-49.0,3.2289999999999996,921.25,3
392,327.53,0.18995,0.48,-1.0742,3,-60.5,4.9793,921.25,3
393,327.7,0.29548,0.42258,-1.0172,2,-48.5,3.9761,920.25,3
394,327.75,0.29548,0.42258,-1.0172,3,-59.5,5.3337,920.25,3
395,327.95,0.34238,0.39960999999999997,-0.9829399999999999,3,-61.5,6.0178,923.75,3
396,331.75,0.34238,0.39960999999999997,-0.9829399999999999,2,-50.0,6.1098,922.25,3
397,331.83,0.41273000000000004,0.39960999999999997,-0.9373299999999999,2,-50.0,6.119,922.25,3
398,331.88,0.48308999999999996,0.35368,-0.96014,3,-60.5,6.2387,923.25,3
399,331.9,0.48308999999999996,0.35368,-0.96014,3,-60.0,0.2255,922.75,3
400,331.95,0.27203,0.39960999999999997,-0.99434,3,-62.0,5.2662,924.75,3
401,331.98,0.27203,0.39960999999999997,-0.99434,2,-50.5,6.2617,921.75,3
402,332.03,0.23685,0.38813000000000003,-0.99434,3,-62.5,5.7693,924.25,3
403,332.08,0.23685,0.38813000000000003,-0.99434,3,-64.5,4.8152,925.75,3
404,332.1,0.23685,0.38813000000000003,-0.99434,3,-59.0,4.7461,920.75,3
405,332.15,0.23685,0.38813000000000003,-0.99434,2,-50.5,3.4775,920.75,3
406,332.2,0.2603,0.39960999999999997,-0.9829399999999999,3,-59.5,1.2209999999999999,921.25,3
407,332.23,0.2603,0.39960999999999997,-0.9829399999999999,3,-59.5,1.1796,921.25,3
408,332.28,0.2603,0.39960999999999997,-0.9829399999999999,3,-59.5,1.7441,920.25,3
409,332.33,0.2603,0.39960999999999997,-0.9829399999999999,3,-59.5,1.6705,920.25,3
410,332.35,0.2603,0.39960999999999997,-0.9829399999999999,3,-61.0,5.6819,923.75,3
411,332.4,0.2603,0.39960999999999997,-0.9829399999999999,2,-52.0,2.4666,922.25,3
412,332.45,0.18995,0.39960999999999997,-0.9829399999999999,3,-62.5,4.8366,925.25,3
413,332.48,0.22513000000000002,0.42258,-0.99434,3,-60.5,0.12272000000000001,922.75,3
414,332.53,0.22513000000000002,0.42258,-0.99434,3,-60.5,0.12118,922.75,3
415,332.58,0.28376,0.42258,-0.99434,2,-51.5,2.7044,921.75,3
416,332.6,0.28376,0.42258,-0.99434,3,-60.0,0.77313,921.75,3
417,332.65,0.27203,0.46851000000000004,-0.96014,3,-64.0,1.3376,925.75,3
418,332.7,0.27203,0.46851000000000004,-0.96014,2,-51.0,6.0761,920.75,3
419,332.73,0.060972000000000005,0.49148000000000003,-1.0057,3,-59.5,4.4884,920.75,3
420,332.78,0.060972000000000005,0.49148000000000003,-1.0057,3,-59.5,1.1183,921.25,3
421,332.83,0.060972000000000005,0.49148000000000003,-1.0057,3,-59.0,1.7994,920.25,3
422,332.85,0.060972000000000005,0.49148000000000003,-1.0057,3,-59.5,1.7794,920.25,3
423,332.95,0.20168,0.39960999999999997,-1.0172,2,-51.5,2.2534,922.25,3
424,333.45,0.24858000000000002,0.42258,-0.9829399999999999,3,-61.0,6.027,923.25,3
425,333.7,0.24858000000000002,0.42258,-0.9829399999999999,3,-60.5,0.033748,922.75,3
426,333.95,0.17823,0.44555,-1.0286,2,-50.5,2.5219,921.75,3
427,334.03,0.17823,0.44555,-1.0286,2,-50.5,2.5341,921.75,3
428,334.2,0.20168,0.36516,-0.99434,3,-61.5,5.3873,924.25,3
429,334.45,0.20168,0.36516,-0.99434,2,-50.5,6.1298,920.75,3
430,334.7,0.18995,0.42258,-1.0286,2,-50.5,2.9897,920.75,3
431,334.95,0.34238,0.37665,-0.97154,2,-50.5,2.7259,921.25,3
432,335.2,0.30721,0.38813000000000003,-0.9829399999999999,3,-61.0,5.6573,923.75,3
433,335.45,0.30721,0.38813000000000003,-0.9829399999999999,2,-51.5,2.2258,922.25,3
434,335.7,0.2603,0.39960999999999997,-0.99434,3,-62.0,4.7845,925.25,3
435,335.95,0.35411,0.36516,-0.9373299999999999,2,-51.5,2.0095,922.75,3
436,336.2,0.36583000000000004,0.36516,-0.96014,3,-61.5,5.0345,924.75,3
437,336.45,0.36583000000000004,0.36516,-0.96014,2,-51.0,2.4804,921.75,3
438,336.7,0.23685,0.42258,-1.0057,3,-61.0,5.349,924.25,3
439,336.95,0.23685,0.42258,-1.0057,3,-62.5,4.4762,925.75,3
440,337.2,0.17823,0.42258,-1.0057,2,-50.5,3.0005,920.75,3
441,337.45,0.20168,0.39960999999999997,-1.0057,3,-59.0,4.7891,920.25,3
442,337.7,0.20168,0.39960999999999997,-1.0057,3,-61.0,5.6435,923.75,3
443,337.95,0.33066,0.37665,-0.97154,3,-60.0,0.36202,922.25,3
444,338.45,0.35411,0.36516,-0.96014,2,-52.0,1.9804,922.75,3
445,338.7,0.48308999999999996,0.29627,-0.9145200000000001,3,-61.5,5.0514,924.75,3
446,338.95,0.22513000000000002,0.4111,-1.0172,3,-59.5,0.7025600000000001,921.75,3
447,339.2,0.28376,0.4111,-0.9829399999999999,3,-63.0,4.4777,925.75,3
448,339.45,0.28376,0.4111,-0.9829399999999999,3,-59.5,1.2824,920.75,3
449,339.7,0.36583000000000004,0.36516,-0.96014,2,-50.5,2.7397,921.25,3
450,339.95,0.36583000000000004,0.36516,-0.96014,2,-50.0,3.2628,920.25,3
451,340.2,0.22513000000000002,0.38813000000000003,-1.0172,3,-60.5,5.6374,923.75,3
452,340.7,0.28376,0.4111,-0.9829399999999999,3,-61.0,5.9411,923.25,3
453,340.95,0.28376,0.4111,-0.9829399999999999,3,-60.0,6.1911,922.75,3
454,341.2,0.2603,0.42258,-0.99434,3,-61.5,4.9026,924.75,3
455,341.45,0.37756,0.35368,-0.94873,3,-60.5,5.2677,924.25,3
456,341.95,0.38928,0.35368,-0.94873,2,-50.5,2.9775,920.75,3
457,342.2,0.30721,0.4111,-0.9829399999999999,2,-50.5,2.6983,921.25,3
458,342.45,0.22513000000000002,0.39960999999999997,-1.0057,3,-58.5,1.4174,920.25,3
459,342.7,0.22513000000000002,0.39960999999999997,-1.0057,2,-51.0,2.2457,922.25,3
460,343.2,0.23685,0.38813000000000003,-0.99434,2,-51.5,1.6966,923.25,3
461,343.45,0.50654,0.30775,-0.90312,2,-51.5,1.9236,922.75,3
462,343.53,0.50654,0.30775,-0.90312,3,-61.0,4.9793,924.75,3
463,343.7,0.50654,0.30775,-0.90312,3,-59.5,0.63967,921.75,3
464,344.2,0.44791000000000003,0.31923,-0.9145200000000001,2,-50.0,2.9284,920.75,3
465,344.45,0.28376,0.42258,-0.99434,3,-59.5,1.2579,920.75,3
466,344.7,0.28376,0.42258,-0.99434,3,-59.5,0.83449,921.25,3
467,345.2,0.37756,0.35368,-0.96014,3,-60.0,0.23623000000000002,922.25,3
468,345.45,0.37756,0.35368,-0.96014,3,-62.0,4.6955,925.25,3
469,345.7,0.37756,0.35368,-0.96014,2,-52.0,1.7181,923.25,3
470,345.78,0.44791000000000003,0.33071999999999996,-0.9145200000000001,3,-60.0,6.2326,922.75,3
471,345.95,0.24858000000000002,0.39960999999999997,-0.99434,3,-61.5,4.9624,924.75,3
472,346.2,0.24858000000000002,0.39960999999999997,-0.99434,3,-60.0,0.59212,921.75,3
473,346.45,0.24858000000000002,0.42258,-1.0057,3,-63.0,4.3473,925.75,3
474,346.7,0.24858000000000002,0.42258,-1.0057,2,-50.0,2.8962,920.75,3
475,346.95,0.22513000000000002,0.42258,-0.99434,2,-49.5,2.9038,920.75,3
476,347.2,0.22513000000000002,0.42258,-1.0057,2,-49.0,0.059825,920.25,3
477,347.28,0.22513000000000002,0.42258,-1.0057,2,-49.0,3.2091,920.25,3
478,347.45,0.23685,0.38813000000000003,-1.0057,2,-51.5,1.511,923.75,3
479,347.7,0.37756,0.36516,-0.96014,3,-61.5,4.7415,925.25,3
480,347.95,0.37756,0.36516,-0.96014,3,-60.5,5.9258,923.25,3
481,348.2,0.37756,0.36516,-0.96014,2,-51.0,1.9558,922.75,3
482,348.45,0.20168,0.39960999999999997,-1.0057,3,-61.0,5.0069,924.75,3
483,348.7,0.20168,0.39960999999999997,-1.0057,2,-50.0,2.4329,921.75,3
484,348.95,0.2134,0.39960999999999997,-1.0057,2,-52.0,1.2977,924.25,3
485,349.2,0.23685,0.39960999999999997,-1.0057,2,-49.0,2.9544,920.75,3
486,349.45,0.23685,0.39960999999999997,-0.99434,2,-49.5,2.6983,921.25,3
487,349.7,0.29548,0.38813000000000003,-0.99434,3,-59.0,4.6802,920.25,3
488,349.95,0.29548,0.38813000000000003,-0.99434,2,-51.5,1.5186,923.75,3
489,350.2,0.42446000000000006,0.3422,-0.9373299999999999,3,-59.5,0.28225,922.25,3
490,350.45,0.42446000000000006,0.3422,-0.9373299999999999,3,-60.0,5.9442,923.25,3
491,350.7,0.22513000000000002,0.39960999999999997,-1.0057,2,-50.5,1.9758,922.75,3
492,350.95,0.28376,0.39960999999999997,-0.9829399999999999,2,-50.0,2.4436,921.75,3
493,351.2,0.24858000000000002,0.39960999999999997,-1.0057,3,-59.5,0.62433,921.75,3
494,351.28,0.24858000000000002,0.39960999999999997,-1.0057,3,-60.5,5.3183,924.25,3
495,351.45,0.24858000000000002,0.39960999999999997,-1.0057,3,-63.0,4.4071,925.75,3
496,351.7,0.27203,0.4111,-0.99434,3,-59.5,4.3795,920.75,3
497,351.95,0.27203,0.4111,-0.99434,3,-59.5,0.96181,921.25,3
498,352.03,0.22513000000000002,0.39960999999999997,-1.0172,3,-59.0,1.5739,920.25,3
499,352.2,0.22513000000000002,0.39960999999999997,-1.0172,3,-61.0,5.5714,923.75,3
500,352.45,0.22513000000000002,0.39960999999999997,-1.0172,2,-52.5,1.4297,923.75,3
501,352.7,0.24858000000000002,0.38813000000000003,-1.0057,3,-62.5,4.7139,925.25,3
502,352.95,0.24858000000000002,0.38813000000000003,-1.0057,3,-61.0,5.9426,923.25,3
503,353.2,0.2603,0.39960999999999997,-1.0057,3,-60.5,0.02301,922.75,3
504,353.45,0.49481,0.29627,-0.90312,2,-50.5,2.37,921.75,3
505,353.53,0.49481,0.29627,-0.90312,3,-60.0,0.65961,921.75,3
506,353.7,0.27203,0.39960999999999997,-0.99434,3,-61.0,5.3014,924.25,3
507,354.2,0.30721,0.39960999999999997,-0.9829399999999999,2,-50.0,2.9038,920.75,3
508,354.45,0.40101,0.36516,-0.94873,3,-59.5,0.92499,921.25,3
509,354.53,0.23685,0.39960999999999997,-0.99434,2,-49.5,0.044485000000000004,920.25,3
510,354.7,0.38928,0.35368,-0.96014,2,-52.0,1.4680000000000002,923.75,3
511,354.95,0.38928,0.35368,-0.96014,3,-60.0,0.30219,922.25,3
512,355.2,0.23685,0.39960999999999997,-0.99434,2,-52.0,1.669,923.25,3
513,355.45,0.23685,0.39960999999999997,-0.99434,2,-51.5,1.9083,922.75,3
514,355.7,0.23685,0.4111,-1.0172,3,-61.5,5.0161,924.75,3
515,355.95,0.23685,0.4111,-1.0172,3,-60.0,0.62893,921.75,3
516,356.2,0.22513000000000002,0.39960999999999997,-1.0057,2,-53.0,1.2303,924.25,3
517,356.45,0.2603,0.39960999999999997,-1.0057,3,-59.0,1.2195,920.75,3
518,356.7,0.40101,0.3422,-0.94873,3,-59.5,0.9265200000000001,921.25,3
519,356.95,0.40101,0.3422,-0.94873,2,-49.0,0.018408,920.25,3
520,357.0,0.23685,0.39960999999999997,-1.0057,2,-49.0,0.013806,920.25,3
521,357.05,0.23685,0.39960999999999997,-1.0057,2,-49.0,0.026077999999999997,920.25,3
522,357.1,0.23685,0.39960999999999997,-1.0057,2,-52.0,1.4818,923.75,3
523,357.2,0.43618999999999997,0.33071999999999996,-0.9259299999999999,2,-50.5,2.1353,922.25,3
524,357.45,0.24858000000000002,0.39960999999999997,-0.99434,3,-60.0,0.24697,922.25,3
525,357.7,0.24858000000000002,0.39960999999999997,-0.99434,3,-62.5,1.5263,925.25,3
526,357.95,0.24858000000000002,0.39960999999999997,-0.99434,2,-51.0,1.9098,922.75,3
527,358.2,0.2603,0.39960999999999997,-1.0057,3,-61.5,4.9686,924.75,3
528,358.45,0.2603,0.39960999999999997,-1.0057,3,-59.5,0.57524,921.75,3
529,358.95,0.33066,0.39960999999999997,-0.97154,3,-59.5,4.3366,920.75,3
530,359.2,0.33066,0.39960999999999997,-0.97154,3,-59.0,0.8881700000000001,921.25,3
531,359.28,0.23685,0.39960999999999997,-1.0057,3,-59.0,4.6556,920.25,3
532,359.45,0.23685,0.39960999999999997,-1.0057,3,-59.0,4.6602,920.25,3
533,359.7,0.23685,0.39960999999999997,-1.0057,2,-52.0,1.445,923.75,3
534,359.95,0.31893,0.39960999999999997,-0.9829399999999999,3,-60.0,0.25311,922.25,3
535,360.2,0.31893,0.39960999999999997,-0.9829399999999999,2,-51.5,1.6613,923.25,3
536,360.45,0.28376,0.39960999999999997,-0.99434,2,-51.5,1.8899,922.75,3
537,360.7,0.37756,0.36516,-0.96014,2,-50.5,2.3731,921.75,3
538,360.95,0.30721,0.37665,-0.9829399999999999,2,-50.5,2.37,921.75,3
539,361.2,0.47136000000000006,0.30775,-0.9259299999999999,3,-61.5,5.2431,924.25,3
540,361.45,0.47136000000000006,0.30775,-0.9259299999999999,3,-59.5,1.1781,920.75,3
541,361.7,0.27203,0.39960999999999997,-0.99434,3,-59.5,0.8927799999999999,921.25,3
542,361.95,0.23685,0.39960999999999997,-1.0057,2,-52.0,1.4573,923.75,3
543,362.2,0.2603,0.39960999999999997,-0.99434,2,-51.0,2.1169,922.25,3
544,362.45,0.24858000000000002,0.38813000000000003,-1.0057,3,-62.5,4.6602,925.25,3
545,362.7,0.24858000000000002,0.38813000000000003,-1.0057,3,-60.5,5.869,923.25,3
546,362.95,0.2603,0.38813000000000003,-0.9829399999999999,2,-51.5,1.8745,922.75,3
547,363.2,0.29548,0.39960999999999997,-0.99434,2,-50.5,2.3501,921.75,3
548,363.45,0.37756,0.36516,-0.94873,2,-52.5,1.2409999999999999,924.25,3
549,363.7,0.50654,0.29627,-0.8917200000000001,3,-63.0,4.3933,925.75,3
550,363.95,0.30721,0.39960999999999997,-0.9829399999999999,3,-59.5,0.8805,921.25,3
551,364.2,0.30721,0.39960999999999997,-0.9829399999999999,2,-50.0,2.6308,921.25,3
552,364.28,0.22513000000000002,0.38813000000000003,-1.0172,2,-49.0,0.021476,920.25,3
553,364.3,0.22513000000000002,0.38813000000000003,-1.0172,2,-49.0,0.032214,920.25,3
554,364.45,0.27203,0.39960999999999997,-0.99434,2,-52.0,1.4680000000000002,923.75,3
555,364.73,0.27203,0.39960999999999997,-0.99434,2,-50.5,2.12,922.25,3
556,365.2,0.38928,0.35368,-0.94873,3,-60.0,5.8337,923.25,3
557,365.45,0.24858000000000002,0.39960999999999997,-0.99434,3,-61.5,4.9655,924.75,3
558,365.7,0.24858000000000002,0.39960999999999997,-0.99434,3,-60.0,0.5507,921.75,3
559,366.2,0.49481,0.28478000000000003,-0.9145200000000001,3,-59.5,1.2011,920.75,3
560,366.45,0.49481,0.28478000000000003,-0.9145200000000001,3,-59.5,1.1965,920.75,3
561,366.53,0.49481,0.28478000000000003,-0.9145200000000001,2,-50.0,2.6154,921.25,3
562,366.7,0.2603,0.39960999999999997,-0.99434,2,-49.5,0.041417,920.25,3
563,366.78,0.35411,0.38813000000000003,-0.97154,3,-61.5,2.4237,923.75,3
564,366.95,0.35411,0.38813000000000003,-0.97154,3,-60.5,5.5499,923.75,3
565,367.2,0.35411,0.38813000000000003,-0.97154,3,-60.0,0.24697,922.25,3
566,367.45,0.2603,0.39960999999999997,-0.99434,2,-51.5,1.6552,923.25,3
567,367.7,0.2603,0.39960999999999997,-0.99434,2,-51.0,1.8868,922.75,3
568,367.95,0.2603,0.38813000000000003,-1.0057,3,-61.5,4.9716,924.75,3
569,368.2,0.2603,0.38813000000000003,-1.0057,2,-50.5,2.3746,921.75,3
570,368.28,0.28376,0.39960999999999997,-0.9829399999999999,3,-61.0,5.2708,924.25,3
571,368.7,0.36583000000000004,0.36516,-0.96014,2,-49.5,2.9115,920.75,3
572,368.95,0.33066,0.38813000000000003,-0.9829399999999999,3,-59.5,0.93419,921.25,3
573,369.2,0.52999,0.28478000000000003,-0.8917200000000001,2,-49.5,0.036816,920.25,3
574,369.45,0.29548,0.38813000000000003,-1.0057,3,-61.0,5.5822,923.75,3
575,369.95,0.30721,0.39960999999999997,-0.9829399999999999,2,-51.5,1.6582,923.25,3
576,370.2,0.30721,0.39960999999999997,-0.99434,2,-51.0,1.8868,922.75,3
577,370.45,0.42446000000000006,0.31923,-0.9373299999999999,3,-61.5,4.898,924.75,3
578,371.2,0.34238,0.37665,-0.97154,2,-49.5,6.0485,920.75,3
579,371.45,0.31893,0.38813000000000003,-0.9829399999999999,2,-49.5,2.6308,921.25,3
580,371.53,0.38928,0.3422,-0.94873,3,-59.0,4.6019,920.25,3
581,371.7,0.38928,0.3422,-0.94873,2,-49.5,0.030680000000000002,920.25,3
582,371.95,0.2603,0.39960999999999997,-0.99434,2,-52.0,1.4343,923.75,3
583,372.2,0.35411,0.37665,-0.97154,3,-62.5,4.625,925.25,3
584,372.45,0.35411,0.37665,-0.97154,3,-61.0,5.8169,923.25,3
585,372.7,0.35411,0.37665,-0.97154,3,-60.5,6.1421,922.75,3
586,372.95,0.38928,0.37665,-0.96014,2,-50.0,2.3761,921.75,3
587,373.2,0.36583000000000004,0.35368,-0.97154,2,-53.0,1.2209999999999999,924.25,3
588,373.45,0.36583000000000004,0.38813000000000003,-0.96014,3,-63.5,4.3412,925.75,3
589,373.7,0.36583000000000004,0.38813000000000003,-0.96014,3,-59.5,4.2875,920.75,3
590,373.95,0.49481,0.29627,-0.90312,3,-59.0,1.4757,920.25,3
591,374.03,0.49481,0.29627,-0.90312,2,-49.0,0.05215499999999999,920.25,3
