,time,frontal,vertical,lateral,id,rssi,phase,freq,label
0,0.0,0.13132,1.0197,0.15736,3,-59.5,4.085,922.25,4
1,5.0,0.13132,1.0197,0.15736,3,-63.0,0.21629,923.25,1
2,5.25,0.43618999999999997,0.92784,-0.013684,3,-60.0,4.3488,922.75,1
3,5.5,0.36583000000000004,0.95081,0.020525,2,-58.5,0.15492999999999998,921.75,1
4,6.0,0.45963999999999994,0.92784,0.10035,2,-60.5,1.0753,925.75,1
5,6.25,0.44791000000000003,0.93932,0.13455999999999999,2,-58.5,0.061359000000000004,921.25,1
6,6.75,0.33066,0.98526,0.11175,2,-59.0,1.8224,923.75,1
7,6.825,0.33066,0.98526,0.11175,2,-59.0,5.7018,922.25,1
8,7.25,0.43618999999999997,0.93932,0.15736,3,-63.5,3.5051,923.25,1
9,7.75,0.43618999999999997,0.95081,0.066138,2,-59.0,1.5463,924.75,1
10,7.8,0.43618999999999997,0.95081,0.066138,2,-58.0,4.7860000000000005,924.75,1
11,8.0,0.35411,0.93932,0.020525,3,-63.0,6.1405,924.25,1
12,8.25,0.35411,0.93932,0.020525,2,-60.0,1.0646,925.75,1
13,8.5,0.35411,0.93932,0.020525,2,-58.5,0.8145399999999999,920.75,1
14,8.75,0.41273000000000004,0.95081,0.10035,2,-59.0,0.2301,921.25,1
15,9.0,0.50654,0.92784,0.19157000000000002,2,-59.5,1.8699,923.75,1
16,9.25,0.50654,0.92784,0.19157000000000002,3,-63.0,4.3258,922.25,1
17,10.0,0.44791000000000003,0.93932,0.10035,3,-64.0,4.0942,922.75,1
18,10.75,0.68242,0.8359700000000001,0.21438000000000001,2,-59.5,1.6705,924.25,1
19,11.75,0.52999,0.8819100000000001,0.14595999999999998,2,-59.0,5.8613,922.25,1
20,12.5,0.47136000000000006,0.93932,0.10035,2,-59.0,5.6803,922.75,1
21,12.575,0.47136000000000006,0.93932,0.10035,2,-60.5,1.4343,924.75,1
22,13.075,0.36583000000000004,0.97377,0.054735,2,-60.0,4.7553,924.25,1
23,14.0,0.47136000000000006,0.92784,0.10035,2,-59.0,5.0315,923.75,1
24,14.5,0.5534399999999999,0.89339,0.14595999999999998,3,-65.0,5.9135,925.25,1
25,15.5,0.48308999999999996,0.92784,0.12315,2,-60.0,4.7691,924.25,1
26,15.75,0.48308999999999996,0.92784,0.12315,2,-58.5,0.42645,920.75,1
27,16.0,0.50654,0.92784,0.13455999999999999,2,-59.0,0.16567,921.25,1
28,17.0,0.6472399999999999,0.8704200000000001,0.21438000000000001,2,-60.5,1.0907,925.25,1
29,17.25,0.36583000000000004,0.96229,0.054735,2,-58.5,5.4686,922.75,1
30,17.75,0.38928,0.93932,0.066138,2,-58.5,5.9426,921.75,1
31,18.25,0.7176,0.82449,0.23718000000000003,2,-58.0,0.21475999999999998,920.75,1
32,18.5,0.40101,0.96229,0.08894400000000001,3,-62.5,4.4654,921.25,1
33,18.75,0.41273000000000004,0.95081,0.08894400000000001,3,-62.0,5.0759,920.25,1
34,19.0,0.41273000000000004,0.95081,0.08894400000000001,2,-59.5,4.941,923.75,1
35,19.75,0.42446000000000006,0.93932,0.066138,2,-58.5,5.3981,922.75,1
36,20.5,0.57689,0.84746,0.16876,3,-65.5,5.1066,925.75,1
37,20.75,0.57689,0.84746,0.16876,2,-58.0,0.16107,920.75,1
38,21.75,0.37756,0.93932,0.077541,2,-60.0,1.1059999999999999,925.25,1
39,22.0,0.36583000000000004,0.95081,0.054735,3,-62.5,4.0942,922.75,1
40,22.25,0.36583000000000004,0.95081,0.054735,2,-58.5,5.4917,922.75,1
41,22.5,0.36583000000000004,0.95081,0.054735,2,-60.0,1.2732,924.75,1
42,22.575,0.36583000000000004,0.95081,0.054735,2,-59.0,5.9503,921.75,1
43,23.0,0.7176,0.82449,0.23718000000000003,2,-61.5,0.67188,925.75,1
44,23.75,0.49481,0.9048700000000001,0.12315,2,-59.5,4.898,923.75,1
45,24.25,0.7527699999999999,0.81301,0.23718000000000003,3,-62.5,3.7368,923.25,1
46,24.5,0.41273000000000004,0.96229,0.077541,3,-62.5,3.9147,922.75,1
47,24.75,0.41273000000000004,0.96229,0.077541,2,-60.5,1.2088,924.75,1
48,25.0,0.50654,0.9163600000000001,0.12315,2,-59.5,1.4680000000000002,924.25,1
49,25.75,0.34238,0.96229,0.054735,2,-59.0,6.1789,921.25,1
50,26.0,0.34238,0.95081,0.054735,3,-62.0,4.8658,920.25,1
51,26.25,0.6472399999999999,0.84746,0.20297,2,-58.5,5.6558,922.25,1
52,26.5,0.6472399999999999,0.84746,0.20297,2,-59.0,5.6481,922.25,1
53,26.75,0.6472399999999999,0.84746,0.20297,2,-58.5,2.0371,923.25,1
54,27.25,0.60034,0.84746,0.18017,2,-58.5,5.9733,921.75,1
55,27.5,0.60034,0.84746,0.18017,3,-62.0,4.3274,921.75,1
56,27.75,0.60034,0.84746,0.18017,2,-59.5,1.4757,924.25,1
57,28.0,0.52999,0.8819100000000001,0.13455999999999999,2,-58.5,0.21015999999999999,920.75,1
58,28.325,0.34238,0.95081,0.031928,3,-62.0,4.8351,920.25,1
59,29.0,0.47136000000000006,0.93932,0.08894400000000001,2,-61.0,0.9510700000000001,925.25,1
60,29.25,0.47136000000000006,0.93932,0.08894400000000001,3,-63.0,0.36049000000000003,923.25,1
61,29.5,0.35411,0.97377,0.043332,2,-59.0,5.4426,922.75,1
62,30.5,0.57689,0.8819100000000001,0.13455999999999999,2,-58.5,0.30066,920.75,1
63,30.75,0.50654,0.93932,0.12315,2,-58.5,6.2433,921.25,1
64,31.0,0.65897,0.84746,0.19157000000000002,2,-58.5,0.5461,920.25,1
65,31.075,0.65897,0.84746,0.19157000000000002,2,-59.0,1.6966,923.75,1
66,31.5,0.63552,0.84746,0.18017,2,-60.5,0.90505,925.25,1
67,31.575,0.63552,0.84746,0.18017,2,-58.5,1.9666,923.25,1
68,32.0,0.43618999999999997,0.96229,0.066138,2,-59.0,5.4057,922.75,1
69,33.25,0.72932,0.79004,0.20297,3,-62.0,4.6495,921.25,1
70,33.5,0.49481,0.9163600000000001,0.066138,3,-62.0,0.081301,923.75,1
71,33.575,0.49481,0.9163600000000001,0.066138,2,-58.5,4.9179,923.75,1
72,33.825,0.37756,0.96229,0.043332,2,-60.0,1.129,925.25,1
73,34.25,0.50654,0.92784,0.077541,3,-62.5,3.9255,922.75,1
74,34.5,0.50654,0.92784,0.077541,2,-60.0,1.4358,924.75,1
75,34.75,0.43618999999999997,0.95081,0.0091224,2,-59.0,4.8735,924.25,1
76,35.0,0.43618999999999997,0.95081,0.0091224,2,-59.5,4.8827,924.25,1
77,35.325,0.34238,0.95081,0.0091224,3,-61.0,5.3244,920.75,1
78,35.75,0.36583000000000004,0.95081,0.0091224,3,-61.0,5.8598,920.25,1
79,35.825,0.36583000000000004,0.95081,0.0091224,3,-61.0,4.0466,923.75,1
80,36.0,0.54171,0.9048700000000001,0.066138,3,-60.0,5.0376,922.25,1
81,36.25,0.54171,0.9048700000000001,0.066138,3,-62.0,0.16107,925.25,1
82,36.5,0.40101,0.97377,0.0091224,2,-58.5,5.7647,923.25,1
83,36.75,0.36583000000000004,0.96229,0.0091224,2,-59.0,4.852,924.75,1
84,37.0,0.36583000000000004,0.96229,0.0091224,2,-58.5,4.8305,924.75,1
85,37.25,0.42446000000000006,0.97377,0.020525,2,-58.5,5.01,924.25,1
86,37.75,0.57689,0.89339,0.12315,2,-57.5,0.70563,920.75,1
87,37.875,0.57689,0.89339,0.12315,2,-57.5,0.73017,920.75,1
88,38.325,0.34238,0.95081,0.0091224,2,-57.5,1.0063,920.25,1
89,38.75,0.51826,0.9163600000000001,0.066138,2,-60.0,1.2441,925.25,1
90,39.0,0.57689,0.8704200000000001,0.11175,2,-58.5,5.415,923.25,1
91,39.25,0.57689,0.8704200000000001,0.11175,3,-62.0,4.0344,922.75,1
92,39.325,0.57689,0.8704200000000001,0.11175,2,-59.5,1.465,924.75,1
93,39.75,0.49481,0.9163600000000001,0.066138,2,-59.5,4.8658,924.25,1
94,40.0,0.49481,0.9163600000000001,0.066138,2,-60.5,1.0170000000000001,925.75,1
95,40.25,0.49481,0.9163600000000001,0.066138,3,-61.5,5.2493,920.75,1
96,40.325,0.37756,0.95081,0.0091224,2,-58.0,0.49854,921.25,1
97,41.25,0.34238,0.95081,-0.013684,3,-63.5,5.935,925.25,1
98,41.5,0.42446000000000006,0.96229,0.0091224,2,-58.5,5.5223,923.25,1
99,41.575,0.42446000000000006,0.96229,0.0091224,2,-58.5,5.7724,922.75,1
100,41.75,0.42446000000000006,0.96229,0.0091224,2,-59.0,1.5616,924.75,1
101,41.825,0.42446000000000006,0.96229,0.0091224,2,-59.0,4.6802,924.75,1
102,42.25,0.77622,0.81301,0.19157000000000002,3,-62.5,0.013806,924.25,1
103,42.5,0.77622,0.81301,0.19157000000000002,2,-60.0,0.94186,925.75,1
104,42.575,0.77622,0.81301,0.19157000000000002,2,-58.0,0.59365,920.75,1
105,42.75,0.70587,0.8359700000000001,0.16876,2,-58.0,0.28991999999999996,921.25,1
106,43.75,0.67069,0.84746,0.14595999999999998,3,-63.0,2.6584,925.25,1
107,44.75,0.5534399999999999,0.89339,0.08894400000000001,2,-58.5,1.7733,924.25,1
108,45.5,0.56517,0.8704200000000001,0.10035,3,-61.0,5.2815,920.25,1
109,45.75,0.56517,0.8704200000000001,0.10035,2,-58.5,1.9558,923.75,1
110,46.25,0.42446000000000006,0.96229,0.020525,3,-61.5,3.7583,923.25,1
111,47.5,0.41273000000000004,0.96229,0.0091224,2,-57.5,0.60439,920.75,1
112,48.0,0.50654,0.9048700000000001,0.054735,2,-59.0,4.9839,923.75,1
113,48.5,0.74105,0.8359700000000001,0.16876,3,-63.0,3.8978,922.25,1
114,48.75,0.74105,0.8359700000000001,0.16876,2,-60.0,5.596,923.25,1
115,49.5,0.34238,0.95081,-0.025087,2,-61.0,1.9911,924.25,1
116,49.75,0.34238,0.95081,-0.025087,2,-62.5,1.0983,925.75,1
117,50.0,0.36583000000000004,0.96229,0.0091224,2,-59.0,0.8820399999999999,920.75,1
118,50.25,0.60034,0.8589399999999999,0.08894400000000001,2,-58.5,1.1704,920.25,1
119,50.5,0.60034,0.8589399999999999,0.08894400000000001,2,-58.5,4.3044,920.25,1
120,51.0,0.65897,0.8359700000000001,0.12315,2,-61.0,1.3376,925.25,1
121,51.25,0.65897,0.8359700000000001,0.12315,2,-59.5,5.5622,923.25,1
122,51.5,0.54171,0.89339,0.054735,3,-64.0,2.7719,924.75,1
123,51.8,0.54171,0.89339,0.054735,2,-58.5,0.28225,921.75,1
124,52.575,0.5534399999999999,0.89339,0.10035,2,-59.0,0.51542,921.25,1
125,52.6,0.5534399999999999,0.89339,0.10035,2,-58.5,0.5230899999999999,921.25,1
126,52.75,0.34238,0.96229,-0.013684,2,-58.5,1.0953,920.25,1
127,53.75,0.65897,0.84746,0.13455999999999999,2,-59.0,5.5162,923.25,1
128,54.25,0.40101,0.96229,0.0091224,3,-61.5,4.5912,921.75,1
129,54.325,0.40101,0.96229,0.0091224,2,-59.5,5.0376,924.25,1
130,54.5,0.40101,0.96229,0.0091224,2,-61.0,4.2476,925.75,1
131,54.75,0.40101,0.96229,0.0091224,2,-58.0,0.90351,920.75,1
132,55.0,0.41273000000000004,0.96229,0.020525,3,-62.0,4.8704,921.25,1
133,55.25,0.70587,0.8359700000000001,0.16876,2,-59.0,2.1307,923.75,1
134,55.5,0.70587,0.8359700000000001,0.16876,2,-59.0,5.2355,923.75,1
135,56.0,0.60034,0.8704200000000001,0.12315,2,-59.0,5.4794,923.25,1
136,56.5,0.7645,0.81301,0.19157000000000002,2,-58.5,0.21169000000000002,921.75,1
137,56.75,0.7645,0.81301,0.19157000000000002,2,-59.0,1.9159,924.25,1
138,57.325,0.44791000000000003,0.95081,0.043332,3,-61.5,5.0529,921.25,1
139,57.5,0.31893,0.97377,0.0091224,2,-58.0,1.2057,920.25,1
140,57.75,0.31893,0.97377,0.0091224,2,-58.0,1.2241,920.25,1
141,57.825,0.31893,0.97377,0.0091224,2,-59.5,5.3413,923.75,1
142,58.575,0.49481,0.92784,0.077541,2,-59.0,5.6512,923.25,1
143,58.75,0.35411,0.95081,0.0091224,2,-59.5,4.8535,924.75,1
144,59.25,0.38928,0.96229,0.020525,3,-64.0,0.07209700000000001,924.25,1
145,59.75,0.36583000000000004,0.97377,0.0091224,2,-58.0,4.1939,920.75,1
146,60.0,0.36583000000000004,0.97377,0.0091224,3,-62.0,4.99,921.25,1
147,60.075,0.37756,0.96229,0.020525,2,-58.0,1.2793,920.25,1
148,60.5,0.52999,0.89339,0.10035,2,-58.5,6.251,922.25,1
149,61.0,0.43618999999999997,0.95081,0.043332,2,-58.5,5.6128,923.25,1
150,61.5,0.5534399999999999,0.89339,0.10035,2,-58.5,0.24083000000000002,921.75,1
151,61.55,0.5534399999999999,0.89339,0.10035,2,-58.5,0.3068,921.75,1
152,61.75,0.5534399999999999,0.89339,0.10035,2,-59.5,5.2723,924.25,1
153,62.25,0.40101,0.98526,-0.036489999999999995,2,-58.0,4.4455,920.75,1
154,62.325,0.40101,0.98526,-0.036489999999999995,3,-59.5,4.4547,921.25,1
155,62.5,0.40101,0.98526,-0.036489999999999995,3,-58.0,1.5662,920.25,1
156,62.75,0.40101,0.98526,-0.036489999999999995,3,-58.0,5.2508,923.75,1
157,63.0,0.37756,0.9163600000000001,-0.34437,2,-58.5,4.6648,922.25,1
158,63.25,0.37756,0.9163600000000001,-0.34437,3,-58.5,5.9856,923.25,1
159,63.5,0.41273000000000004,0.97377,-0.27595,3,-58.5,5.9856,922.75,1
160,63.75,0.41273000000000004,0.97377,-0.27595,1,-68.0,5.6358,924.75,1
161,64.0,0.41273000000000004,0.97377,-0.27595,1,-64.5,1.5923,921.75,1
162,64.25,0.6472399999999999,0.79004,-0.31016,2,-60.0,3.6677,924.25,1
163,64.5,0.6472399999999999,0.79004,-0.31016,2,-60.0,5.9104,925.75,1
164,64.75,0.60034,0.6522399999999999,-0.74348,3,-61.0,0.24544000000000002,921.25,1
165,65.25,0.62379,0.64076,-0.5838399999999999,3,-58.0,1.7917,922.25,1
166,65.5,0.62379,0.64076,-0.5838399999999999,2,-57.5,5.2662,925.25,1
167,66.0,0.40101,0.6752100000000001,-0.77769,3,-60.5,0.009203900000000001,922.75,1
168,66.5,0.38928,0.58334,-0.8689100000000001,3,-59.5,5.8813,921.75,1
169,66.75,0.38928,0.58334,-0.8689100000000001,3,-60.5,5.5929,925.75,1
170,67.5,0.7645,0.12402,-0.8233,2,-59.0,1.557,923.75,3
171,69.5,1.1163,0.16995,-0.447,3,-58.5,5.9457,920.75,3
172,69.75,1.1397,0.1355,-0.35577,3,-59.5,4.0727,920.25,3
173,70.0,1.1397,0.1355,-0.35577,3,-59.5,1.0861,923.75,3
174,70.075,1.1397,0.1355,-0.35577,3,-60.5,0.7639199999999999,923.75,3
175,70.25,1.1397,0.1355,-0.35577,3,-60.5,4.7599,922.25,3
176,70.75,0.96383,0.078086,-0.19613,3,-61.5,1.5156,922.75,3
177,72.25,1.2218,-0.094162,-0.070699,3,-64.0,1.7564,920.25,3
178,73.5,1.128,-0.082679,-0.15052000000000001,2,-59.0,5.2938,924.75,3
179,74.25,1.0928,-0.10565,-0.20754,3,-64.0,1.6276,920.75,3
180,74.5,1.0928,-0.10565,-0.20754,3,-65.5,5.0299,921.25,3
181,74.75,1.0928,-0.10565,-0.20754,3,-63.5,2.3547,920.25,3
182,75.0,1.0928,-0.10565,-0.20754,3,-65.0,1.2272,922.25,3
183,76.25,1.2687,-0.12861,0.0091224,3,-64.0,1.3484,921.75,3
184,77.0,1.128,-0.16305999999999998,-0.13912,3,-63.5,2.7274,920.25,3
185,78.5,1.2570000000000001,-0.19751,-0.070699,3,-63.5,1.8607,921.75,3
186,79.0,1.2570000000000001,-0.19751,-0.070699,3,-63.0,2.3930000000000002,920.75,3
187,79.75,1.0342,-0.07119600000000001,-0.15052000000000001,3,-63.0,2.6354,920.25,3
188,80.0,1.0342,-0.07119600000000001,-0.15052000000000001,2,-59.0,2.1154,925.25,3
189,80.5,1.0342,-0.07119600000000001,-0.15052000000000001,3,-63.5,1.3146,922.75,3
190,81.0,1.0342,-0.07119600000000001,-0.15052000000000001,3,-64.0,1.7748,921.75,3
191,82.0,1.1163,-0.12861,-0.10490999999999999,3,-63.0,2.6354,920.25,3
192,82.5,1.1163,-0.12861,-0.10490999999999999,3,-64.0,6.1451,925.25,3
193,83.0,1.1163,-0.12861,-0.10490999999999999,3,-63.5,1.3975,922.75,3
194,83.5,1.1163,-0.12861,-0.10490999999999999,3,-63.5,1.8546,921.75,3
195,84.25,1.128,-0.12861,-0.09350499999999999,3,-63.5,2.1644,921.25,3
196,84.5,1.128,-0.12861,-0.09350499999999999,3,-63.0,2.6676,920.25,3
197,85.5,1.2335,-0.17454,-0.036489999999999995,3,-64.0,0.16414,924.75,3
198,86.0,1.2335,-0.17454,-0.036489999999999995,3,-64.5,0.50008,924.25,3
199,87.25,1.1514,-0.15158,-0.070699,3,-64.0,1.5892,922.25,3
200,87.75,1.1514,-0.15158,-0.070699,3,-64.0,1.3407,922.75,3
201,88.25,1.1514,-0.15158,-0.070699,3,-63.5,1.8791,921.75,3
202,89.0,0.9872799999999999,-0.07119600000000001,-0.15052000000000001,3,-64.0,2.1031,921.25,3
203,90.25,1.2335,-0.17454,-0.059296,3,-64.0,1.3330000000000002,922.75,3
204,90.75,1.2335,-0.17454,-0.059296,3,-63.5,1.8807,921.75,3
205,91.25,1.2335,-0.17454,-0.059296,3,-63.0,2.3623,920.75,3
206,93.0,1.1397,-0.12861,-0.082102,2,-59.0,5.4472,924.75,3
207,93.25,1.1397,-0.12861,-0.082102,3,-64.5,1.9512,921.75,3
208,94.0,0.97555,-0.048229,-0.15052000000000001,3,-63.5,2.1552,921.25,3
209,94.25,0.97555,-0.048229,-0.15052000000000001,3,-64.0,0.8621,923.75,3
210,94.75,0.97555,-0.048229,-0.15052000000000001,2,-59.5,2.0494,925.25,3
211,95.75,1.1163,-0.14009000000000002,-0.09350499999999999,3,-64.0,0.55837,924.25,3
212,96.5,1.2804,-0.22048,-0.036489999999999995,3,-63.0,2.6032,920.25,3
213,97.0,1.2804,-0.22048,-0.036489999999999995,3,-64.0,1.5769,922.25,3
214,97.75,1.2804,-0.22048,-0.036489999999999995,2,-59.0,5.4639999999999995,924.75,3
215,99.0,1.0928,-0.10565,-0.10490999999999999,3,-63.5,2.6338,920.25,3
216,99.5,1.0928,-0.10565,-0.10490999999999999,2,-59.5,5.2063,925.25,3
217,100.0,1.0928,-0.10565,-0.10490999999999999,3,-64.0,1.4205,922.75,3
218,100.5,1.0928,-0.10565,-0.10490999999999999,3,-63.5,1.9098,921.75,3
219,101.25,1.2452,-0.18603,-0.047893,3,-63.5,2.1016,921.25,3
220,101.75,1.2452,-0.18603,-0.047893,3,-64.0,1.6398,922.25,3
221,102.75,1.2218,-0.18603,-0.036489999999999995,3,-63.5,1.896,921.75,3
222,103.25,1.2218,-0.18603,-0.036489999999999995,2,-60.0,1.7871,925.75,3
223,103.75,1.2218,-0.18603,-0.036489999999999995,3,-63.5,2.1522,921.25,3
224,104.25,1.3156,-0.20899,-0.013684,3,-64.0,1.6506,922.25,3
225,105.25,1.3156,-0.20899,-0.013684,2,-59.0,5.415,924.75,3
226,105.33,1.3156,-0.20899,-0.013684,3,-64.0,1.8377,921.75,3
227,106.25,1.0225,-0.07119600000000001,-0.15052000000000001,3,-63.5,5.8,920.25,3
228,108.25,1.128,-0.12861,-0.09350499999999999,3,-64.0,5.5377,920.75,3
229,109.25,1.0225,-0.059712,-0.15052000000000001,3,-64.0,1.6506,922.25,3
230,109.75,1.0225,-0.059712,-0.15052000000000001,3,-64.0,1.3591,922.75,3
231,110.25,1.0225,-0.059712,-0.15052000000000001,3,-64.0,1.8776,921.75,3
232,110.75,1.0225,-0.059712,-0.15052000000000001,3,-64.0,5.4993,920.75,3
233,111.25,1.0225,-0.07119600000000001,-0.15052000000000001,3,-64.0,0.85136,923.75,3
234,111.75,1.0225,-0.07119600000000001,-0.15052000000000001,2,-59.5,5.1726,925.25,3
235,112.25,1.0225,-0.07119600000000001,-0.15052000000000001,3,-64.0,1.3698,922.75,3
236,113.5,1.1045,-0.11713,-0.09350499999999999,3,-64.0,2.1292,921.25,3
237,114.25,1.0928,-0.11713,-0.11631,2,-59.5,5.1618,925.25,3
238,114.75,1.0928,-0.11713,-0.11631,3,-65.0,0.17794000000000001,924.75,3
239,115.75,1.0928,-0.10565,-0.11631,3,-64.0,2.0525,921.25,3
240,116.5,1.128,-0.12861,-0.082102,3,-64.5,1.5999,922.25,3
241,119.75,1.0576,-0.082679,-0.12771,3,-64.0,1.8653,921.75,3
242,120.25,1.0576,-0.082679,-0.12771,3,-64.5,5.7816,925.75,3
243,121.25,1.128,-0.12861,-0.09350499999999999,2,-58.5,5.9442,923.75,3
244,121.5,1.128,-0.12861,-0.09350499999999999,3,-64.0,1.6429,922.25,3
245,122.75,1.1045,-0.10565,-0.10490999999999999,3,-64.5,5.803,925.75,3
246,123.5,1.339,-0.22048,-0.0022806,3,-64.0,0.82375,923.75,3
247,124.25,1.339,-0.22048,-0.0022806,3,-64.0,1.0677,923.25,3
248,125.0,1.0459,-0.07119600000000001,-0.12771,3,-64.5,5.8153,925.75,3
249,125.5,1.0459,-0.07119600000000001,-0.12771,3,-64.0,2.0923,921.25,3
250,125.75,1.0459,-0.07119600000000001,-0.12771,3,-63.5,5.7632,920.25,3
251,127.0,1.1397,-0.12861,-0.082102,3,-65.0,0.16107,924.75,3
252,127.5,1.1397,-0.12861,-0.082102,2,-59.5,5.6082,924.25,3
253,127.75,1.1397,-0.12861,-0.082102,3,-64.0,2.3547,920.75,3
254,128.25,1.1397,-0.12861,-0.082102,3,-63.5,2.6246,920.25,3
255,129.0,1.2218,-0.18603,-0.047893,3,-64.5,6.1574,925.25,3
256,129.5,1.2218,-0.18603,-0.047893,3,-64.5,0.17334000000000002,924.75,3
257,129.75,1.2218,-0.18603,-0.047893,3,-64.5,0.51695,924.25,3
258,130.25,1.2218,-0.18603,-0.047893,3,-63.5,2.3623,920.75,3
259,131.0,0.9990100000000001,-0.048229,-0.15052000000000001,3,-64.5,0.78847,923.75,3
260,131.5,0.9990100000000001,-0.048229,-0.15052000000000001,3,-64.5,1.0615,923.25,3
261,132.0,0.9990100000000001,-0.048229,-0.15052000000000001,2,-59.0,5.3904,924.75,3
262,132.25,0.9990100000000001,-0.048229,-0.15052000000000001,3,-64.5,1.8730000000000002,921.75,3
263,133.75,1.128,-0.14009000000000002,-0.082102,3,-64.5,6.1405,925.25,3
264,134.25,1.128,-0.14009000000000002,-0.082102,3,-65.0,0.17334000000000002,924.75,3
265,134.75,1.128,-0.14009000000000002,-0.082102,3,-64.5,0.53076,924.25,3
266,135.25,1.128,-0.14009000000000002,-0.082102,3,-64.5,2.1506,921.25,3
267,136.0,1.0107,-0.059712,-0.13912,3,-64.5,1.6398,922.25,3
268,136.75,1.0107,-0.059712,-0.13912,3,-64.5,1.3361,922.75,3
269,137.75,1.2101,-0.16305999999999998,-0.036489999999999995,3,-64.0,2.1430000000000002,921.25,3
270,138.0,1.2101,-0.16305999999999998,-0.036489999999999995,3,-63.5,5.7846,920.25,3
271,139.0,1.3273,-0.22048,-0.0022806,3,-64.5,0.16414,924.75,3
272,139.5,1.3273,-0.22048,-0.0022806,2,-59.0,5.6205,924.25,3
273,140.25,1.0576,-0.082679,-0.12771,3,-63.5,5.8291,920.25,3
274,140.75,1.0576,-0.082679,-0.12771,3,-64.0,1.695,922.25,3
275,142.0,1.1514,-0.12861,-0.082102,3,-64.5,0.51849,924.25,3
276,142.5,1.1514,-0.12861,-0.082102,3,-63.5,2.3669,920.75,3
277,142.75,1.1514,-0.12861,-0.082102,3,-64.0,5.2754,921.25,3
278,143.25,1.1514,-0.12861,-0.082102,3,-64.0,1.646,922.25,3
279,144.25,1.1983,-0.17454,-0.047893,2,-59.0,5.3751,924.75,3
280,144.33,1.1983,-0.17454,-0.047893,3,-64.0,1.8776,921.75,3
281,145.0,1.1983,-0.17454,-0.047893,3,-64.0,2.4283,920.75,3
282,145.75,1.0811,-0.094162,-0.10490999999999999,3,-64.0,1.6352,922.25,3
283,146.25,1.0811,-0.094162,-0.10490999999999999,3,-64.0,1.3637,922.75,3
284,147.5,1.1163,-0.10565,-0.09350499999999999,3,-64.0,2.1951,921.25,3
285,148.5,1.2101,-0.17454,-0.047893,3,-64.5,1.1059999999999999,923.25,3
286,149.0,1.2101,-0.17454,-0.047893,3,-64.5,0.18561,924.75,3
287,150.0,1.2335,-0.18603,-0.036489999999999995,3,-64.0,2.1215,921.25,3
288,150.25,1.2335,-0.18603,-0.036489999999999995,3,-64.5,0.82835,923.75,3
289,151.25,1.2335,-0.17454,-0.036489999999999995,3,-64.0,1.3775,922.75,3
290,151.75,1.2335,-0.17454,-0.036489999999999995,2,-59.0,5.6711,924.25,3
291,152.5,1.0576,-0.094162,-0.11631,3,-64.0,5.7908,920.25,3
292,153.0,1.0576,-0.094162,-0.11631,3,-64.0,1.6368,922.25,3
293,153.5,1.0576,-0.094162,-0.11631,3,-64.5,1.0446,923.25,3
294,154.0,1.0576,-0.094162,-0.11631,3,-63.5,1.8408,921.75,3
295,154.75,1.1514,-0.12861,-0.070699,3,-65.0,2.0831,921.25,3
296,155.25,1.1514,-0.12861,-0.070699,3,-65.0,1.5846,922.25,3
297,156.5,1.1163,-0.12861,-0.10490999999999999,3,-65.0,0.65961,924.25,3
298,157.25,1.0225,-0.07119600000000001,-0.13912,3,-64.5,2.1062,921.25,3
299,157.5,1.0225,-0.07119600000000001,-0.13912,3,-64.0,0.75165,923.75,3
300,158.75,1.2921,-0.20899,-0.013684,2,-59.0,5.4104,924.75,3
301,159.25,1.2921,-0.20899,-0.013684,2,-58.5,5.665,924.25,3
302,159.75,1.2921,-0.20899,-0.025087,3,-63.0,2.3547,921.25,3
303,160.0,1.2921,-0.20899,-0.025087,3,-63.0,1.0707,923.75,3
304,160.5,1.2921,-0.20899,-0.025087,2,-59.5,2.0341,925.25,3
305,160.75,1.2921,-0.20899,-0.025087,3,-64.5,1.5923,922.75,3
306,162.25,1.1632,-0.14009000000000002,-0.070699,3,-63.5,6.0669,920.25,3
307,163.0,1.1632,-0.14009000000000002,-0.070699,2,-59.0,5.1925,925.25,3
308,163.75,1.1749,-0.14009000000000002,-0.059296,3,-64.5,5.2171,921.75,3
309,164.25,1.1749,-0.14009000000000002,-0.059296,3,-65.0,5.7693,920.75,3
310,165.28,1.2570000000000001,-0.20899,-0.036489999999999995,3,-65.0,6.251,925.25,3
311,166.25,1.3508,-0.22048,0.0091224,3,-64.5,1.83,921.75,3
312,166.75,1.3508,-0.22048,0.0091224,3,-64.5,5.4564,920.75,3
313,168.0,1.0928,-0.14009000000000002,-0.10490999999999999,3,-67.0,1.0738,923.25,3
314,168.5,1.0928,-0.14009000000000002,-0.10490999999999999,3,-65.0,4.9502,921.75,3
315,170.0,0.9990100000000001,-0.059712,-0.13912,3,-66.0,1.6015,922.25,3
316,170.75,0.9990100000000001,-0.059712,-0.13912,3,-67.5,6.1789,924.75,3
317,171.5,0.9990100000000001,-0.059712,-0.13912,3,-66.0,2.2534,920.75,3
318,172.0,0.9990100000000001,-0.059712,-0.13912,3,-68.5,5.731,920.25,3
319,173.5,1.0811,-0.14009000000000002,-0.10490999999999999,3,-65.5,1.7518,921.75,3
320,174.75,1.2101,-0.19751,-0.059296,3,-66.0,0.7255699999999999,923.75,3
321,175.25,1.2101,-0.19751,-0.059296,3,-66.5,1.1658,923.25,3
322,176.5,1.2687,-0.19751,-0.025087,3,-66.5,5.2861,920.75,3
323,177.0,1.2687,-0.19751,-0.025087,3,-66.0,6.1574,920.25,3
324,178.25,1.1163,-0.12861,-0.059296,3,-66.5,0.20402,924.75,3
325,180.0,1.0107,-0.059712,-0.13912,3,-65.0,6.2188,925.25,3
326,180.5,1.0107,-0.059712,-0.13912,3,-65.5,1.4527,922.75,3
327,181.75,1.1163,-0.14009000000000002,-0.070699,3,-65.0,2.5617,920.25,3
328,183.0,1.128,-0.14009000000000002,-0.059296,2,-58.5,5.3873,924.75,3
329,183.5,1.128,-0.14009000000000002,-0.059296,2,-59.5,4.8735,925.75,3
330,184.0,1.128,-0.14009000000000002,-0.059296,3,-65.5,2.2872,920.75,3
331,184.5,1.0928,-0.094162,-0.082102,3,-65.5,1.5923,922.25,3
332,185.25,1.0928,-0.094162,-0.082102,3,-65.0,4.5513,922.75,3
333,186.75,1.3156,-0.22048,-0.025087,3,-65.5,2.4866,920.25,3
334,187.25,1.3156,-0.22048,-0.025087,3,-65.5,6.1344,925.25,3
335,187.75,1.3156,-0.22048,-0.025087,3,-66.0,1.2732,922.75,3
336,188.75,1.2335,-0.19751,-0.025087,3,-65.5,2.0402,921.25,3
337,189.0,1.2335,-0.19751,-0.025087,3,-65.0,5.6435,920.25,3
338,189.5,1.2335,-0.19751,-0.025087,3,-66.0,1.5892,922.25,3
339,190.75,1.2452,-0.036746,-0.047893,3,-60.0,0.099709,925.75,3
340,191.0,1.2452,-0.036746,-0.047893,2,-56.5,0.78847,920.75,3
341,191.25,1.2452,-0.036746,-0.047893,2,-56.5,1.534,921.25,3
342,191.75,1.2452,-0.036746,-0.047893,2,-58.5,0.50008,923.75,3
343,191.83,1.2452,-0.036746,-0.047893,3,-59.5,0.21015999999999999,922.25,3
344,192.0,1.2452,-0.036746,-0.047893,3,-59.5,5.4226,925.25,3
345,193.0,0.1665,0.61779,-0.8233,2,-60.5,5.4334,924.25,1
346,193.75,0.1665,0.61779,-0.8233,2,-61.0,4.6786,920.75,1
347,203.75,-0.30251999999999996,0.8359700000000001,-0.37858,3,-71.0,3.8871,920.25,1
348,242.5,-0.30251999999999996,0.8359700000000001,-0.37858,2,-65.5,0.7992,920.25,1
349,379.25,0.5534399999999999,0.9048700000000001,-0.025087,3,-61.0,5.688,923.75,1
350,379.5,0.5534399999999999,0.9048700000000001,-0.025087,1,-67.5,4.7507,922.25,1
351,380.58,0.48308999999999996,0.8589399999999999,-0.40139,3,-59.5,6.274,921.75,1
352,380.75,0.48308999999999996,0.8589399999999999,-0.40139,2,-59.0,5.9779,925.75,1
353,381.5,0.60034,0.49148000000000003,-0.7662800000000001,3,-58.5,0.9127200000000001,920.25,1
354,381.75,0.60034,0.49148000000000003,-0.7662800000000001,3,-61.5,1.6935,923.75,1
355,382.25,0.67069,0.49148000000000003,-0.78909,3,-59.0,0.8268200000000001,923.25,1
356,384.25,1.0107,0.28478000000000003,-0.5040100000000001,3,-60.0,0.59825,923.75,3
357,384.33,1.0107,0.28478000000000003,-0.5040100000000001,3,-59.5,1.8024,922.25,3
358,384.75,0.69414,0.36516,-0.52682,3,-63.0,1.6628,923.25,3
359,385.25,1.1632,0.12402,-0.23034000000000002,3,-60.5,0.049087,924.75,3
360,385.33,1.1632,0.12402,-0.23034000000000002,2,-51.5,1.5923,921.75,3
361,385.5,1.1632,0.12402,-0.23034000000000002,3,-59.5,1.9666,921.75,3
362,386.25,0.9521,0.032152999999999994,-0.10490999999999999,3,-64.5,4.8014,921.25,3
363,386.75,1.1749,-0.10565,-0.013684,3,-67.0,1.2195,922.25,3
364,387.0,1.1749,-0.10565,-0.013684,3,-67.5,5.9963,925.25,3
365,387.75,1.1045,-0.14009000000000002,0.043332,3,-66.0,4.8888,921.75,3
366,388.5,1.3508,-0.22048,0.031928,3,-66.5,5.2125,921.25,3
367,390.25,1.3156,-0.16305999999999998,0.020525,3,-66.0,4.9087,921.75,3
368,391.25,1.2335,-0.12861,-0.025087,3,-66.5,5.3352,920.25,3
369,391.5,1.2335,-0.12861,-0.025087,3,-69.0,4.4654,922.25,3
370,392.25,1.2335,-0.12861,-0.025087,3,-68.5,4.5866,922.75,3
371,393.75,0.96383,-0.01378,-0.12771,3,-68.5,5.6742,920.25,3
372,394.5,1.0107,-0.01378,-0.11631,3,-67.5,4.3703,923.25,3
373,395.5,1.3508,-0.19751,0.043332,3,-66.5,2.7673,925.75,3
374,396.25,0.96383,-0.025263,-0.11631,3,-67.5,4.0973,923.75,3
375,397.25,1.2921,-0.17454,0.031928,3,-68.5,4.6449,922.75,3
376,397.75,1.2921,-0.17454,0.031928,3,-67.5,3.7583,924.25,3
377,399.5,1.1397,-0.094162,-0.047893,3,-69.5,4.6878,922.75,3
378,400.0,1.1397,-0.094162,-0.047893,3,-69.5,5.125,921.75,3
379,401.0,1.3625,-0.18603,0.043332,3,-67.0,4.0804,923.75,3
380,401.5,1.3625,-0.18603,0.043332,3,-67.0,6.2126,925.25,3
381,402.0,1.3625,-0.18603,0.043332,3,-68.0,4.7308,922.75,3
382,402.75,1.1514,-0.12861,-0.025087,3,-67.5,0.66268,924.25,3
383,404.0,1.1514,-0.11713,-0.036489999999999995,3,-67.0,6.1957,925.25,3
384,405.25,1.3859,-0.19751,0.054735,2,-58.5,4.8504,925.75,3
385,406.75,1.0811,-0.059712,-0.082102,3,-69.0,4.6449,922.75,3
386,407.75,1.1163,-0.082679,-0.047893,2,-58.5,4.8428,925.75,3
387,409.25,1.128,-0.10565,-0.047893,3,-68.5,4.6219,922.75,3
388,410.75,0.9872799999999999,-0.025263,-0.10490999999999999,3,-68.0,0.9295899999999999,923.75,3
389,411.25,0.9872799999999999,-0.025263,-0.10490999999999999,3,-68.5,4.9256,922.25,3
390,415.0,1.2921,-0.15158,0.031928,2,-58.5,1.7411,925.75,3
391,416.75,1.1045,-0.082679,-0.047893,3,-68.5,4.8121,922.75,3
392,418.5,0.9872799999999999,-0.025263,-0.10490999999999999,3,-69.5,1.9865,922.25,3
393,419.5,1.128,-0.10565,-0.025087,3,-68.0,5.148,921.75,3
394,420.0,1.128,-0.10565,-0.025087,3,-69.0,5.0269,920.75,3
395,420.75,1.2687,-0.16305999999999998,0.020525,3,-68.5,0.78693,923.75,3
396,421.5,1.1163,-0.082679,-0.047893,3,-67.5,4.7615,922.75,3
397,423.25,1.3742,-0.20899,0.077541,3,-68.5,1.0247,923.75,3
398,423.5,1.3742,-0.20899,0.077541,3,-67.5,4.1924,922.25,3
399,424.5,1.0576,0.15847,-0.19613,2,-52.0,0.42951000000000006,921.75,3
400,424.58,1.0576,0.15847,-0.19613,3,-65.0,4.5206,921.75,3
401,425.0,1.0576,0.18143,-0.20754,3,-63.5,1.8208,920.75,3
402,425.25,1.0576,0.18143,-0.20754,2,-51.5,0.77313,921.25,3
403,425.35,1.0576,0.18143,-0.20754,3,-64.0,1.5463,921.25,3
404,425.38,1.0576,0.18143,-0.20754,3,-63.5,2.0479,920.25,3
405,425.75,1.1045,0.10105,-0.15052000000000001,3,-65.5,1.0723,922.25,3
406,426.0,1.1045,0.10105,-0.15052000000000001,3,-66.0,3.8426,923.25,3
407,426.5,1.1045,0.10105,-0.15052000000000001,3,-66.0,1.0232,922.75,3
408,427.0,1.0811,0.032152999999999994,-0.09350499999999999,3,-66.5,3.4192,924.25,3
409,427.5,1.0811,0.032152999999999994,-0.09350499999999999,3,-66.5,5.1005,920.75,3
410,427.75,1.2804,-0.094162,-0.013684,3,-66.5,5.78,920.25,3
411,428.25,1.2804,-0.094162,-0.013684,3,-66.5,4.8965,922.25,3
412,428.75,1.2452,-0.12861,-0.0022806,3,-66.5,4.7032,922.75,3
413,429.25,1.2452,-0.12861,-0.0022806,3,-67.5,5.0944,921.75,3
414,429.75,1.2452,-0.12861,-0.0022806,3,-66.0,5.8414,925.75,3
415,430.5,0.9521,-0.01378,-0.13912,3,-66.5,0.8452200000000001,923.75,3
416,431.25,1.128,-0.082679,-0.036489999999999995,3,-67.5,4.625,922.75,3
417,432.75,0.9990100000000001,-0.01378,-0.09350499999999999,3,-67.0,6.0255,920.25,3
418,433.0,0.9990100000000001,-0.01378,-0.09350499999999999,3,-66.0,5.1174,922.25,3
419,433.5,0.9990100000000001,-0.01378,-0.09350499999999999,3,-66.0,4.4716,923.25,3
420,434.0,1.1397,-0.094162,-0.059296,3,-67.0,5.3843,921.75,3
421,435.0,0.9403799999999999,-0.025263,-0.13912,3,-67.0,5.6374,921.25,3
422,435.5,1.2218,-0.15158,-0.013684,3,-65.5,1.8101,922.25,3
423,436.25,1.1749,-0.10565,-0.0022806,3,-65.0,0.78386,922.75,3
424,436.5,1.1749,-0.10565,-0.0022806,3,-63.0,1.7227,921.75,3
425,436.75,1.1749,-0.10565,-0.0022806,3,-64.5,0.5798399999999999,924.25,3
426,439.25,0.97555,0.05511900000000001,-0.11631,3,-66.5,2.8225,925.75,3
427,439.75,0.97555,0.05511900000000001,-0.11631,3,-62.0,2.3501,921.25,3
