,time,frontal,vertical,lateral,id,rssi,phase,freq,label
0,0.0,0.1196,0.93932,0.043332,3,-61.0,5.3014,922.25,1
1,2.75,0.41273000000000004,1.0197,-0.025087,3,-66.0,0.8805,922.75,1
2,3.0,0.41273000000000004,1.0197,-0.025087,2,-59.5,4.4455,923.75,1
3,3.5,0.52999,0.9048700000000001,-0.047893,3,-59.5,5.8583,921.75,1
4,4.0,0.56517,0.74411,-0.447,3,-61.5,5.4886,923.25,1
5,4.75,0.56517,0.74411,-0.447,3,-60.0,5.757000000000001,924.25,1
6,5.0,0.31893,0.44555,-0.8917200000000001,2,-51.5,4.6572,922.75,1
7,5.25,0.31893,0.44555,-0.8917200000000001,2,-51.0,4.4746,922.75,1
8,5.3,0.13132,0.49148000000000003,-1.04,3,-66.0,4.0098,923.75,1
9,5.5,0.13132,0.49148000000000003,-1.04,2,-47.5,4.9594,921.25,1
10,5.575,0.15478,0.42258,-1.0628,2,-46.5,4.7691,921.25,1
11,5.6,0.15478,0.42258,-1.0628,2,-46.5,4.7277,921.25,1
12,5.75,0.15478,0.37665,-1.0514,3,-62.5,4.7569,920.75,1
13,5.825,0.23685,0.42258,-1.0286,3,-61.0,4.0789,920.75,1
14,6.0,0.45963999999999994,0.38813000000000003,-0.97154,3,-61.5,0.1672,922.25,1
15,6.25,0.45963999999999994,0.38813000000000003,-0.97154,3,-61.0,6.1421,922.25,1
16,6.325,0.45963999999999994,0.38813000000000003,-0.97154,2,-50.0,2.4666,923.25,1
17,6.5,0.44791000000000003,0.3422,-0.78909,2,-50.0,2.4191,923.25,3
18,6.575,0.70587,0.29627,-0.88031,2,-52.5,1.7196,925.25,3
19,6.75,0.70587,0.29627,-0.88031,3,-63.0,1.1305,925.25,3
20,6.85,0.70587,0.29627,-0.88031,2,-45.5,4.0697,920.25,3
21,7.0,0.56517,0.26182,-0.8917200000000001,3,-65.0,0.77159,924.25,3
22,7.25,0.56517,0.26182,-0.8917200000000001,2,-50.0,1.6659,924.25,3
23,7.5,0.42446000000000006,0.29627,-0.94873,3,-68.0,5.7402,924.75,3
24,7.75,0.42446000000000006,0.29627,-0.94873,2,-60.5,0.87744,923.75,3
25,111.75,0.17823,0.19292,-0.9259299999999999,3,-59.5,5.7877,924.25,3
26,112.5,0.50654,0.8589399999999999,-0.36718,2,-59.0,1.9236,921.25,1
27,112.75,0.50654,0.8589399999999999,-0.36718,3,-62.5,2.0402,920.75,1
28,113.0,0.50654,0.8589399999999999,-0.36718,2,-59.5,1.0723,921.75,1
29,114.25,0.47136000000000006,0.9048700000000001,-0.36718,3,-65.0,0.5553,924.25,1
30,114.75,0.47136000000000006,0.9048700000000001,-0.36718,3,-63.0,4.513,922.75,1
31,115.0,0.47136000000000006,0.9048700000000001,-0.36718,2,-58.5,5.1327,921.25,1
32,115.25,0.47136000000000006,0.9048700000000001,-0.36718,3,-60.0,0.36049000000000003,920.75,1
33,115.5,0.42446000000000006,0.99674,0.031928,3,-60.0,0.632,922.25,1
34,116.25,0.50654,0.92784,0.10035,2,-59.0,0.07823300000000001,920.25,1
35,116.75,0.50654,0.92784,0.10035,3,-69.0,4.2568,924.25,1
36,117.25,0.50654,0.92784,0.10035,2,-62.5,4.2859,923.75,1
37,118.0,-0.0093803,1.0656,-0.082102,3,-61.5,4.648,921.75,1
38,118.25,-0.0093803,1.0656,-0.082102,3,-62.5,0.60439,922.25,1
39,119.75,0.45963999999999994,0.89339,-0.10490999999999999,3,-64.5,5.7739,923.75,1
40,120.5,0.20168,0.9048700000000001,-0.09350499999999999,3,-59.5,6.2433,922.25,4
41,121.25,0.49481,0.8819100000000001,-0.12771,1,-66.0,6.2126,920.25,4
42,121.75,0.47136000000000006,0.92784,-0.15052000000000001,3,-59.5,0.61206,924.75,4
43,122.25,0.38928,0.95081,-0.17332999999999998,3,-62.0,6.1405,921.25,4
44,124.75,0.30721,0.7096600000000001,-0.27595,1,-49.0,5.5791,921.25,4
45,124.83,0.30721,0.7096600000000001,-0.27595,1,-49.5,5.8429,921.25,4
46,126.0,0.23685,1.0771,0.020525,1,-53.0,0.53689,920.25,4
47,127.5,0.17823,1.0082,-0.20754,1,-59.5,5.4502,920.75,4
48,130.25,0.17823,1.0082,-0.20754,1,-59.0,5.5392,923.25,2
49,134.25,0.9169299999999999,0.6866899999999999,-0.013684,1,-60.0,1.1735,923.75,2
50,140.25,0.9169299999999999,0.6866899999999999,-0.013684,1,-61.5,1.2318,923.25,2
51,150.5,0.9169299999999999,0.6866899999999999,-0.013684,1,-61.0,6.207999999999999,920.25,2
52,157.25,0.9169299999999999,0.6866899999999999,-0.013684,1,-60.0,1.3407,923.25,2
53,158.5,0.9169299999999999,0.6866899999999999,-0.013684,1,-60.0,0.9203899999999999,923.75,2
54,161.0,0.8465799999999999,0.72114,-0.047893,1,-60.5,4.065,923.75,2
55,162.5,0.8465799999999999,0.72114,-0.047893,1,-60.0,6.1114,920.25,2
56,163.75,0.8465799999999999,0.72114,-0.047893,1,-59.5,5.6681,921.25,2
57,166.75,0.96383,0.6752100000000001,0.020525,1,-59.5,5.2247,922.25,2
58,168.75,0.96383,0.6752100000000001,0.020525,1,-59.0,5.7033,920.75,2
59,175.75,0.77622,0.75559,-0.025087,1,-59.5,5.3766,921.25,2
60,176.75,0.77622,0.75559,-0.025087,1,-61.0,4.1571,923.25,2
61,178.5,0.77622,0.75559,-0.025087,1,-60.0,5.8353,920.75,2
62,179.75,0.77622,0.75559,-0.025087,1,-59.5,5.9672,920.25,2
63,181.0,0.77622,0.75559,-0.025087,1,-59.0,5.5346,920.75,2
64,181.75,0.77622,0.75559,-0.025087,1,-62.5,6.2004,925.25,2
65,183.25,0.77622,0.75559,-0.025087,1,-59.5,5.2784,921.25,2
66,186.25,0.79967,0.74411,-0.013684,1,-59.0,5.2109,921.75,2
67,188.25,0.79967,0.74411,-0.013684,1,-59.0,5.2431,921.25,2
68,188.75,0.79967,0.74411,-0.013684,1,-59.5,4.6449,922.25,2
69,191.75,0.83485,0.72114,-0.0022806,1,-59.0,5.8169,920.25,2
70,193.25,0.83485,0.72114,-0.0022806,1,-59.0,5.5162,920.75,2
71,196.75,0.88175,0.69818,0.020525,2,-70.5,0.8436899999999999,920.25,2
72,202.75,0.9052,0.6866899999999999,0.031928,1,-59.5,5.2033,921.25,2
73,204.0,0.9052,0.6866899999999999,0.031928,1,-59.5,6.0485,920.25,2
74,205.5,0.9052,0.6866899999999999,0.031928,1,-59.0,5.5822,920.75,2
75,208.0,0.9990100000000001,0.6752100000000001,0.066138,1,-59.5,5.1572,921.75,2
76,210.0,0.9990100000000001,0.6752100000000001,0.066138,1,-59.0,5.5269,920.75,2
77,210.75,0.9990100000000001,0.6752100000000001,0.066138,1,-60.5,1.1336,923.25,2
78,212.5,0.9990100000000001,0.6752100000000001,0.066138,1,-59.0,5.2784,921.25,2
79,215.0,0.8114,0.73263,-0.013684,1,-59.5,5.438,921.25,2
80,217.25,0.8114,0.73263,-0.013684,1,-59.0,5.2631,921.25,2
81,219.75,0.8231200000000001,0.74411,-0.0022806,1,-59.5,5.754,920.75,2
82,220.75,0.8231200000000001,0.74411,-0.0022806,1,-62.5,0.044485000000000004,925.25,2
83,222.25,0.8231200000000001,0.74411,-0.0022806,1,-59.0,5.5239,921.25,2
84,227.75,0.8934799999999999,0.7096600000000001,0.020525,1,-60.5,4.289,923.25,2
85,229.5,0.8934799999999999,0.7096600000000001,0.020525,1,-59.0,5.4824,921.25,2
86,230.25,0.8934799999999999,0.7096600000000001,0.020525,1,-59.5,4.9977,922.25,2
87,232.0,0.8934799999999999,0.7096600000000001,0.020525,1,-59.5,5.3674,921.25,2
88,236.75,0.7645,0.76708,-0.025087,1,-59.5,5.4579,921.25,2
89,239.0,0.7645,0.76708,-0.025087,1,-59.0,5.4073,921.25,2
90,239.75,0.7645,0.76708,-0.025087,1,-59.5,4.7814,922.25,2
91,242.28,0.7176,0.79004,-0.070699,1,-59.5,4.8965,922.25,2
92,246.53,0.9169299999999999,0.6866899999999999,0.031928,1,-60.0,5.507000000000001,921.25,2
93,250.25,0.27203,0.8704200000000001,0.031928,1,-51.5,0.036816,920.25,4
94,250.33,0.27203,0.8704200000000001,0.031928,1,-51.5,0.53996,920.25,4
95,251.5,0.61207,0.84746,0.020525,1,-52.0,0.7915300000000001,921.25,4
96,252.25,0.45963999999999994,0.8359700000000001,-0.11631,1,-58.5,0.15033,925.25,4
97,254.5,0.51826,0.8819100000000001,-0.11631,1,-60.0,1.1566,922.25,4
98,256.75,0.51826,0.8819100000000001,-0.11631,3,-59.5,1.7196,922.25,4
99,258.75,0.29548,0.93932,-0.070699,3,-68.5,6.2203,921.25,4
100,259.0,0.29548,0.93932,-0.070699,3,-62.5,6.0055,921.75,4
101,259.5,0.29548,0.97377,-0.15052000000000001,3,-59.5,1.5294,923.25,4
102,260.0,0.27203,0.97377,-0.11631,3,-61.5,6.0224,925.75,4
103,260.5,0.27203,0.97377,-0.11631,3,-66.0,5.7356,924.75,4
104,260.75,0.27203,0.97377,-0.11631,1,-67.5,5.1634,922.75,1
105,261.0,0.27203,0.97377,-0.11631,2,-59.5,0.12885,921.25,1
106,263.0,0.1665,0.97377,-0.17332999999999998,3,-66.5,5.9703,922.75,1
107,263.25,0.1665,0.97377,-0.17332999999999998,3,-67.0,1.9436,923.75,1
108,263.75,0.63552,0.82449,-0.070699,3,-59.5,6.1329,920.75,1
109,263.85,0.63552,0.82449,-0.070699,3,-59.0,5.7647,920.75,1
110,265.0,0.28376,0.45703,-0.77769,3,-69.5,4.783,924.25,1
111,265.5,0.40101,0.19292,-1.0856,3,-61.0,6.0623,922.75,3
112,265.57,0.40101,0.19292,-1.0856,3,-61.5,6.1589,922.75,3
113,265.75,0.40101,0.19292,-1.0856,2,-49.5,1.965,923.75,3
114,265.82,0.40101,0.19292,-1.0856,2,-49.5,1.9804,923.75,3
115,266.0,0.20168,0.31923,-1.0628,3,-61.5,4.7523,921.25,3
116,266.07,0.20168,0.31923,-1.0628,3,-61.5,1.5892,921.25,3
117,266.25,0.14305,0.26182,-1.04,2,-47.0,2.2457,921.75,3
118,266.5,0.14305,0.26182,-1.04,2,-47.5,2.2074,921.75,3
119,266.57,0.0023451,0.29627,-1.0286,3,-62.5,0.13806,921.75,3
120,266.75,0.0023451,0.29627,-1.0286,2,-53.5,0.48473999999999995,923.25,3
121,267.0,-0.20870999999999998,0.2733,-0.88031,3,-67.0,5.7018,925.25,3
122,348.75,0.28376,0.96229,0.10035,2,-66.0,5.1588,920.75,1
123,349.5,0.28376,0.96229,0.10035,2,-63.5,5.2201,923.25,1
124,351.75,0.35411,0.92784,0.031928,3,-63.5,4.8857,922.25,1
125,353.75,0.18995,1.0427,-0.17332999999999998,1,-68.5,1.4573,921.75,1
126,355.25,0.31893,0.9048700000000001,-0.19613,3,-61.5,1.4189,924.75,4
127,355.5,0.31893,0.9048700000000001,-0.19613,3,-59.0,0.33441,922.75,4
128,355.75,0.31893,0.9048700000000001,-0.19613,3,-59.5,6.1144,923.75,4
129,356.5,0.61207,0.8589399999999999,-0.23034000000000002,1,-63.0,5.415,922.25,4
130,356.58,0.61207,0.8589399999999999,-0.23034000000000002,1,-63.0,5.4533,922.25,4
131,357.0,0.60034,0.8359700000000001,-0.25315,3,-59.5,1.5616,925.25,4
132,358.0,0.54171,0.8819100000000001,-0.28736,2,-59.0,1.8024,922.75,4
133,358.13,0.54171,0.8819100000000001,-0.28736,1,-69.5,2.1276,922.75,4
134,360.75,0.63552,0.80152,0.0091224,1,-53.0,6.251,923.75,4
135,360.83,0.35411,0.97377,-0.29875999999999997,1,-49.0,5.5193,921.25,4
136,360.88,0.35411,0.97377,-0.29875999999999997,1,-49.0,5.688,921.25,4
137,361.0,0.35411,0.97377,-0.29875999999999997,1,-49.5,6.1221,921.25,4
138,361.1,0.28376,0.9163600000000001,-0.26455,1,-50.0,0.75165,920.75,4
139,362.25,0.44791000000000003,0.8819100000000001,-0.16192,1,-54.5,4.1556,924.25,4
140,362.75,0.2603,0.98526,-0.26455,1,-51.5,2.6707,922.75,4
141,363.25,0.48308999999999996,1.0656,-0.23034000000000002,1,-51.5,1.2118,921.25,4
142,363.33,0.29548,0.95081,-0.20754,1,-52.5,0.9786799999999999,921.25,4
