,time,frontal,vertical,lateral,id,rssi,phase,freq,label
0,0.0,0.49481,0.9048700000000001,0.12315,3,-60.5,2.4099,925.25,4
1,5.75,-0.091458,0.98526,0.031928,3,-60.0,0.52155,922.25,1
2,7.25,0.6472399999999999,0.64076,-0.6864600000000001,3,-63.5,1.5355,925.75,1
3,7.5,0.6472399999999999,0.64076,-0.6864600000000001,3,-59.0,5.7524,920.75,1
4,8.5,1.1514,0.066602,-0.51542,3,-59.5,5.6082,923.25,3
5,8.75,1.1514,0.066602,-0.51542,3,-60.0,5.1956,922.75,3
6,9.25,1.1514,-0.11713,-0.20754,3,-58.5,1.1075,924.25,3
7,9.5,1.1514,-0.11713,-0.20754,3,-61.0,0.27458,925.75,3
8,11.25,1.0928,-0.025263,-0.16192,3,-60.5,5.5208,922.75,3
9,12.25,1.1163,-0.01378,-0.09350499999999999,3,-61.5,0.28531999999999996,920.75,3
10,12.5,1.1163,-0.01378,-0.09350499999999999,3,-61.0,3.8211,920.25,3
11,12.75,1.1163,-0.01378,-0.09350499999999999,3,-61.0,1.5892,923.75,3
12,13.5,1.2218,-0.11713,-0.0022806,3,-65.0,1.8868,922.75,3
13,14.5,1.2921,-0.20899,-0.059296,3,-66.0,0.16874,925.75,3
14,14.75,0.9052,0.020669999999999997,-0.20754,2,-52.0,1.8009,921.25,3
15,15.0,0.9052,0.020669999999999997,-0.20754,3,-64.5,2.7289999999999996,921.25,3
16,15.075,0.9052,0.020669999999999997,-0.20754,3,-64.0,3.4039,920.25,3
17,15.75,1.0459,-0.01378,-0.17332999999999998,3,-66.0,1.807,923.25,3
18,17.25,0.9990100000000001,-0.01378,-0.21894,3,-66.0,6.2234,921.25,3
19,18.0,1.3039,-0.15158,-0.09350499999999999,3,-66.0,2.4682,922.25,3
20,18.25,1.3039,-0.15158,-0.09350499999999999,3,-65.5,1.9006,923.25,3
21,18.75,1.3039,-0.15158,-0.09350499999999999,3,-66.0,1.0446,924.75,3
22,19.5,1.128,-0.07119600000000001,-0.16192,3,-66.0,0.1534,920.75,3
23,19.75,1.128,-0.07119600000000001,-0.16192,3,-65.5,6.162000000000001,921.25,3
24,20.5,1.0107,0.0091865,-0.21894,3,-66.5,0.65961,925.25,3
25,21.0,1.0107,0.0091865,-0.21894,3,-65.5,2.1644,922.75,3
26,22.5,1.1045,-0.048229,-0.15052000000000001,3,-65.5,0.45866,920.25,3
27,22.75,1.1045,-0.048229,-0.15052000000000001,3,-66.0,2.416,922.25,3
28,23.25,1.1045,-0.048229,-0.15052000000000001,3,-65.5,4.9977,923.25,3
29,23.5,1.1045,-0.048229,-0.15052000000000001,3,-66.5,1.0109,924.75,3
30,25.25,0.9990100000000001,0.0091865,-0.21894,3,-65.5,2.3899,922.25,3
31,25.5,0.9990100000000001,0.0091865,-0.21894,3,-65.5,5.0084,923.25,3
32,26.0,0.9990100000000001,0.0091865,-0.21894,3,-66.5,1.0048,924.75,3
33,28.0,1.1163,-0.059712,-0.16192,3,-66.5,1.8377,923.25,3
34,29.0,1.128,-0.082679,-0.16192,2,-59.0,5.7402,925.75,3
35,29.25,1.128,-0.082679,-0.16192,3,-66.5,6.228,920.75,3
36,29.5,1.128,-0.082679,-0.16192,3,-66.5,0.2439,920.25,3
37,30.5,1.0107,0.0091865,-0.21894,3,-66.5,1.8239,923.25,3
38,31.25,1.0342,-0.01378,-0.20754,3,-67.0,1.2226,924.25,3
39,31.75,1.0342,-0.01378,-0.20754,3,-66.5,6.2142,920.75,3
40,32.0,1.0342,-0.01378,-0.20754,3,-66.0,0.23163000000000003,920.25,3
41,32.75,0.97555,0.0091865,-0.23034000000000002,3,-66.5,1.8239,923.25,3
42,33.75,1.3039,-0.12861,-0.082102,3,-67.0,0.28685,925.75,3
43,34.25,1.3039,-0.12861,-0.082102,3,-66.5,6.207999999999999,920.75,3
44,35.0,0.9872799999999999,-0.0022965999999999998,-0.23034000000000002,3,-66.5,5.4809,922.25,3
45,35.25,0.9872799999999999,-0.0022965999999999998,-0.23034000000000002,3,-66.5,1.7978,923.25,3
46,35.75,0.9872799999999999,-0.0022965999999999998,-0.23034000000000002,3,-67.0,0.94647,924.75,3
47,36.5,1.0811,-0.025263,-0.17332999999999998,3,-67.0,0.001534,920.75,3
48,36.75,1.0811,-0.025263,-0.17332999999999998,3,-66.5,6.0331,921.25,3
49,37.0,1.0811,-0.025263,-0.17332999999999998,3,-66.5,0.29299000000000003,920.25,3
50,38.0,1.1632,-0.07119600000000001,-0.13912,3,-66.5,5.1526,922.75,3
51,39.0,1.0459,-0.025263,-0.18473,3,-67.0,6.2663,920.75,3
52,39.5,1.1866,-0.082679,-0.13912,3,-67.0,4.6265,923.75,3
53,41.0,1.0811,-0.036746,-0.17332999999999998,3,-67.0,4.3749,924.25,3
54,41.5,1.0811,-0.036746,-0.17332999999999998,3,-68.0,6.228,920.75,3
55,41.75,1.0811,-0.036746,-0.17332999999999998,3,-68.0,5.9856,921.25,3
56,42.0,1.0811,-0.036746,-0.17332999999999998,3,-68.0,0.28531999999999996,920.25,3
57,43.0,1.3508,-0.16305999999999998,-0.070699,3,-67.5,5.2953,922.75,3
58,43.75,0.9521,0.020669999999999997,-0.24174,3,-68.0,0.38503000000000004,925.75,3
59,44.0,0.9521,0.020669999999999997,-0.24174,3,-68.0,6.0899,921.25,3
60,45.25,1.0928,-0.048229,-0.16192,3,-67.5,5.2769,922.75,3
61,46.0,1.0811,-0.036746,-0.18473,3,-68.5,0.4019,925.75,3
62,47.25,1.0576,-0.01378,-0.18473,3,-68.0,5.5239,922.25,3
63,47.5,1.0576,-0.01378,-0.18473,3,-67.5,5.0422,923.25,3
64,48.0,1.0576,-0.01378,-0.18473,3,-67.5,4.1862,924.75,3
65,49.0,0.9990100000000001,0.0091865,-0.20754,3,-68.0,6.0485,921.25,3
66,49.25,0.9990100000000001,0.0091865,-0.20754,3,-68.0,0.27151,920.25,3
67,51.25,1.128,-0.059712,-0.15052000000000001,3,-68.0,6.2709,920.75,3
68,51.75,1.0576,-0.01378,-0.18473,3,-67.5,1.6276,923.75,3
69,52.75,1.2218,-0.10565,-0.12771,3,-67.5,5.2892,922.75,3
70,53.25,1.2218,-0.10565,-0.12771,3,-67.5,4.4347,924.25,3
71,54.25,0.9990100000000001,0.0091865,-0.21894,2,-56.5,0.5108199999999999,923.75,3
72,54.5,0.9990100000000001,0.0091865,-0.21894,3,-67.5,5.6006,922.25,3
73,55.25,1.2101,-0.094162,-0.11631,3,-67.5,4.1433,924.75,3
74,55.75,1.2101,-0.094162,-0.11631,2,-58.5,5.6558,925.75,3
75,56.25,0.92865,0.0091865,-0.24174,3,-68.0,6.1681,921.25,3
76,56.5,0.92865,0.0091865,-0.24174,3,-68.0,0.44485,920.25,3
77,57.5,1.1749,-0.082679,-0.13912,3,-67.0,5.3214,922.75,3
78,57.75,1.1749,-0.082679,-0.13912,3,-68.0,5.8629,921.75,3
79,58.25,1.1749,-0.082679,-0.13912,3,-68.0,0.41111000000000003,925.75,3
80,58.5,1.1749,-0.082679,-0.13912,3,-67.5,0.14265999999999998,920.75,3
81,59.0,1.1397,-0.082679,-0.16192,3,-67.0,1.6045,923.75,3
82,59.5,1.1397,-0.082679,-0.16192,3,-68.5,3.8595,925.25,3
83,60.25,1.3273,-0.12861,-0.070699,3,-67.5,5.8261,921.75,3
84,60.75,1.3273,-0.12861,-0.070699,3,-67.5,3.5895,925.75,3
85,61.0,1.3273,-0.12861,-0.070699,3,-67.5,6.1421,921.25,3
86,61.5,1.1983,-0.11713,-0.11631,3,-67.0,4.7768,923.75,3
87,62.0,1.1983,-0.11713,-0.11631,3,-67.5,0.73938,925.25,3
88,62.25,1.1983,-0.11713,-0.11631,3,-67.5,5.3214,922.75,3
89,63.0,0.9403799999999999,0.0091865,-0.23034000000000002,3,-68.0,3.5864,925.75,3
90,63.5,0.9403799999999999,0.0091865,-0.23034000000000002,3,-68.5,0.039883999999999996,920.75,3
91,64.0,1.0225,-0.0022965999999999998,-0.20754,3,-67.5,4.7431,923.75,3
92,65.25,1.3039,-0.14009000000000002,-0.082102,3,-68.5,5.8199,921.75,3
93,66.0,1.1749,-0.082679,-0.12771,3,-68.0,6.0193,921.25,3
94,66.5,1.128,-0.048229,-0.16192,3,-68.5,5.5223,922.25,3
95,67.0,1.128,-0.048229,-0.16192,3,-67.5,5.0069,923.25,3
96,67.25,1.128,-0.048229,-0.16192,3,-67.5,4.1985,924.75,3
97,68.25,1.1983,-0.094162,-0.13912,3,-68.0,0.015340000000000001,920.75,3
98,68.5,1.1983,-0.094162,-0.13912,3,-68.0,6.0055,921.25,3
99,68.75,1.1983,-0.094162,-0.13912,3,-67.5,0.28379,920.25,3
100,69.0,1.1983,-0.094162,-0.13912,3,-68.0,5.5484,922.25,3
101,69.75,1.0576,-0.036746,-0.19613,3,-67.5,4.1739999999999995,924.75,3
102,70.25,1.0576,-0.036746,-0.19613,3,-67.5,1.3269,924.25,3
103,71.25,0.96383,0.0091865,-0.23034000000000002,3,-67.5,1.5892,923.75,3
104,72.25,1.1163,-0.059712,-0.16192,3,-67.5,5.2999,922.75,3
105,72.5,1.1163,-0.059712,-0.16192,3,-68.0,5.7984,921.75,3
106,73.25,1.2804,-0.12861,-0.09350499999999999,3,-68.0,6.0178,921.25,3
107,74.0,1.1045,-0.048229,-0.17332999999999998,3,-68.0,0.70563,925.25,3
108,74.5,1.1045,-0.048229,-0.17332999999999998,3,-67.5,5.2922,922.75,3
109,75.25,1.128,-0.059712,-0.15052000000000001,3,-68.0,3.4883,925.75,3
110,75.5,1.128,-0.059712,-0.15052000000000001,3,-68.0,6.2617,920.75,3
111,76.0,1.0576,-0.025263,-0.18473,3,-67.5,4.7293,923.75,3
112,78.0,1.0459,-0.01378,-0.19613,3,-68.0,0.036816,920.75,3
113,78.5,1.1514,-0.082679,-0.13912,3,-68.0,0.29759,920.25,3
114,79.25,1.0811,-0.025263,-0.17332999999999998,3,-68.0,5.2662,922.75,3
115,80.0,0.9872799999999999,0.0091865,-0.21894,3,-68.0,0.42798,925.75,3
116,80.75,1.2687,-0.12861,-0.09350499999999999,3,-68.5,0.33287,920.25,3
117,81.75,1.1045,-0.059712,-0.16192,3,-68.0,5.2876,922.75,3
118,82.25,1.1045,-0.059712,-0.16192,3,-68.0,5.7938,921.75,3
119,83.0,0.9872799999999999,0.0091865,-0.23034000000000002,3,-68.5,6.0255,921.25,3
120,85.0,0.97555,0.0091865,-0.23034000000000002,3,-67.5,4.513,924.25,3
121,85.75,1.3273,-0.14009000000000002,-0.070699,3,-68.0,0.28225,920.25,3
122,87.25,1.1045,-0.059712,-0.17332999999999998,3,-68.5,5.8353,921.75,3
123,87.75,1.1045,-0.059712,-0.17332999999999998,3,-68.0,0.033748,920.75,3
124,88.75,1.1163,-0.059712,-0.16192,3,-68.0,3.8396,925.25,3
125,89.75,1.1866,-0.094162,-0.12771,3,-67.5,4.4501,924.25,3
126,90.25,1.1866,-0.094162,-0.12771,3,-68.0,0.010738,920.75,3
127,92.0,1.2218,-0.12861,-0.11631,3,-68.0,5.7616,921.75,3
128,92.75,1.0107,0.020669999999999997,-0.21894,3,-68.0,6.0362,921.25,3
129,93.0,1.0107,0.020669999999999997,-0.21894,3,-68.5,0.3114,920.25,3
130,93.75,1.1749,-0.082679,-0.12771,3,-68.0,5.013,923.25,3
131,94.25,1.1749,-0.082679,-0.12771,3,-68.5,5.7724,921.75,3
132,94.75,1.1749,-0.082679,-0.12771,3,-67.5,4.4455,924.25,3
133,95.25,1.2804,-0.12861,-0.09350499999999999,3,-68.0,0.26384,920.25,3
134,96.0,0.9521,0.0091865,-0.23034000000000002,3,-68.0,0.7025600000000001,925.25,3
135,97.0,1.0928,-0.036746,-0.17332999999999998,3,-67.5,1.287,924.25,3
136,97.75,1.0225,-0.0022965999999999998,-0.20754,3,-68.0,0.28839000000000004,920.25,3
137,98.0,1.0225,-0.0022965999999999998,-0.20754,3,-67.5,4.7431,923.75,3
138,99.25,1.1163,-0.059712,-0.17332999999999998,3,-68.5,5.7923,921.75,3
139,100.0,1.1514,-0.059712,-0.13912,3,-68.5,0.029146,920.75,3
140,101.25,1.0107,-0.0022965999999999998,-0.21894,3,-67.5,5.0253,923.25,3
141,102.0,1.0576,-0.01378,-0.19613,3,-67.5,4.4577,924.25,3
142,102.5,0.92865,0.0091865,-0.24174,3,-68.5,6.0792,921.25,3
143,102.75,0.92865,0.0091865,-0.24174,3,-67.5,1.6352,923.75,3
144,104.0,1.0928,-0.048229,-0.17332999999999998,3,-68.5,5.7739,921.75,3
145,104.75,1.1749,-0.082679,-0.12771,3,-68.0,0.053689,920.75,3
146,105.0,1.1749,-0.082679,-0.12771,3,-68.0,0.34208,920.25,3
147,106.0,1.1163,-0.059712,-0.16192,3,-67.5,5.0223,923.25,3
148,106.25,1.1163,-0.059712,-0.16192,3,-68.0,1.0354,924.75,3
149,107.25,1.3156,-0.15158,-0.070699,3,-68.0,0.07363099999999999,920.75,3
150,108.25,1.0928,-0.048229,-0.16192,3,-67.5,3.8626,925.25,3
151,108.75,1.0928,-0.048229,-0.16192,3,-67.5,5.2861,922.75,3
152,109.75,1.1163,-0.036746,-0.17332999999999998,3,-68.0,6.1221,921.25,3
153,111.25,1.1514,-0.07119600000000001,-0.13912,3,-67.5,4.2169,924.75,3
154,111.5,1.1514,-0.07119600000000001,-0.13912,3,-67.5,4.513,924.25,3
155,112.25,1.1632,-0.10565,-0.12771,3,-68.5,6.2433,921.25,3
156,113.25,1.1866,-0.094162,-0.10490999999999999,3,-68.0,5.1465,923.25,3
157,114.5,1.1632,-0.082679,-0.11631,3,-68.5,0.18101,920.75,3
158,117.25,0.9990100000000001,-0.0022965999999999998,-0.21894,3,-68.0,0.42645,920.25,3
159,118.0,1.0928,-0.059712,-0.16192,3,-67.5,5.0652,923.25,3
160,119.25,1.1163,-0.048229,-0.15052000000000001,2,-54.0,2.0049,920.75,3
161,119.5,1.1163,-0.048229,-0.15052000000000001,3,-68.0,0.13652,920.75,3
162,121.25,1.0928,-0.048229,-0.17332999999999998,3,-67.5,4.5636,924.25,3
163,122.5,1.0694,-0.01378,-0.18473,3,-67.5,4.7891,923.75,3
164,123.5,1.2335,-0.11713,-0.11631,3,-67.5,1.0492,924.75,3
165,124.25,1.0107,0.0091865,-0.21894,3,-68.0,6.1513,921.25,3
166,124.75,1.0107,0.0091865,-0.21894,3,-68.0,0.44178999999999996,920.25,3
167,126.5,1.2335,-0.11713,-0.10490999999999999,3,-68.0,0.05215499999999999,920.75,3
168,126.75,1.2335,-0.11713,-0.10490999999999999,3,-68.5,6.0684,921.25,3
169,127.75,1.0459,-0.0022965999999999998,-0.19613,3,-67.5,3.9009,925.25,3
170,129.0,1.0459,-0.01378,-0.20754,3,-68.5,0.046019,920.75,3
171,129.25,1.0459,-0.01378,-0.20754,3,-68.5,6.0562,921.25,3
172,129.5,1.0459,-0.01378,-0.20754,3,-68.0,4.7645,923.75,3
173,130.25,0.9521,0.0091865,-0.23034000000000002,3,-67.5,5.0606,923.25,3
174,130.75,0.9521,0.0091865,-0.23034000000000002,3,-68.0,1.0554,924.75,3
175,131.25,0.9521,0.0091865,-0.23034000000000002,3,-68.0,0.39576999999999996,925.75,3
176,131.75,1.1866,-0.10565,-0.12771,3,-68.5,6.0838,921.25,3
177,133.25,1.1866,-0.082679,-0.12771,3,-68.5,5.8153,921.75,3
178,134.25,1.128,-0.07119600000000001,-0.15052000000000001,3,-68.5,6.1022,921.25,3
179,135.25,1.0107,0.0091865,-0.20754,3,-67.5,5.056,923.25,3
180,136.75,1.0107,-0.0022965999999999998,-0.20754,3,-68.5,6.1037,921.25,3
181,137.25,0.9872799999999999,0.020669999999999997,-0.21894,3,-68.0,3.8825,925.25,3
182,137.75,0.9872799999999999,0.020669999999999997,-0.21894,3,-68.0,5.3260000000000005,922.75,3
183,138.75,1.3859,-0.16305999999999998,-0.047893,2,-54.0,2.0172,920.75,3
184,138.83,1.3859,-0.16305999999999998,-0.047893,3,-68.0,0.09510700000000001,920.75,3
185,139.0,1.3859,-0.16305999999999998,-0.047893,3,-68.5,6.1144,921.25,3
186,140.0,1.0576,-0.01378,-0.17332999999999998,3,-67.5,5.0591,923.25,3
187,140.75,1.3039,-0.15158,-0.09350499999999999,3,-67.5,4.5007,924.25,3
188,141.25,1.3039,-0.15158,-0.09350499999999999,3,-68.5,0.059825,920.75,3
189,142.5,1.0107,0.032152999999999994,-0.19613,2,-55.5,0.9311299999999999,922.75,3
190,143.25,1.0459,-0.01378,-0.20754,3,-67.5,4.5038,924.25,3
191,143.75,1.0459,-0.01378,-0.20754,3,-68.5,0.069029,920.75,3
192,144.25,1.0576,0.0091865,-0.19613,3,-67.0,4.7507,923.75,3
193,144.5,1.0576,0.0091865,-0.19613,3,-68.0,5.5729999999999995,922.25,3
194,145.5,1.0225,-0.0022965999999999998,-0.21894,3,-68.5,5.8613,921.75,3
195,146.0,1.0225,-0.0022965999999999998,-0.21894,3,-68.5,0.036816,920.75,3
196,146.5,1.0107,0.0091865,-0.19613,3,-68.5,0.33594,920.25,3
197,148.25,1.1163,-0.059712,-0.15052000000000001,3,-67.5,4.4731,924.25,3
198,150.0,1.1983,-0.082679,-0.11631,3,-68.0,5.303,922.75,3
199,151.0,1.0225,0.032152999999999994,-0.20754,3,-68.5,0.029146,920.75,3
200,151.25,1.0225,0.032152999999999994,-0.20754,3,-68.5,6.0562,921.25,3
201,152.25,1.1045,-0.048229,-0.16192,3,-68.0,5.0545,923.25,3
202,153.0,0.97555,0.0091865,-0.21894,3,-67.5,4.4639,924.25,3
203,154.25,1.2687,-0.11713,-0.09350499999999999,3,-68.5,5.5806,922.25,3
204,154.5,1.2687,-0.11713,-0.09350499999999999,3,-68.0,5.0759,923.25,3
205,155.0,1.2687,-0.11713,-0.09350499999999999,3,-67.5,4.1663,924.75,3
206,155.5,1.2687,-0.11713,-0.09350499999999999,3,-67.5,4.4976,924.25,3
207,156.0,1.1749,-0.082679,-0.12771,3,-68.5,6.0838,921.25,3
208,156.25,1.1749,-0.082679,-0.12771,3,-68.0,0.3114,920.25,3
209,156.75,1.1749,-0.082679,-0.12771,3,-68.5,5.5622,922.25,3
210,157.5,1.0694,-0.01378,-0.18473,3,-67.5,4.1893,924.75,3
211,158.0,1.0694,-0.01378,-0.18473,3,-69.0,0.39576999999999996,925.75,3
212,158.75,0.9521,0.020669999999999997,-0.23034000000000002,3,-68.5,0.34515,920.25,3
213,159.5,1.0459,-0.0022965999999999998,-0.19613,3,-68.0,5.0591,923.25,3
214,160.0,1.0459,-0.0022965999999999998,-0.19613,3,-67.5,4.2169,924.75,3
215,160.75,1.1866,-0.082679,-0.11631,3,-68.5,0.10430999999999999,920.75,3
216,161.5,1.3508,-0.12861,-0.059296,3,-68.0,5.5699,922.25,3
217,162.25,1.1045,-0.048229,-0.16192,3,-67.5,4.2215,924.75,3
218,162.75,1.1045,-0.048229,-0.16192,3,-67.5,4.5084,924.25,3
219,164.25,1.0811,-0.025263,-0.16192,3,-68.0,0.73324,925.25,3
220,165.0,0.9990100000000001,0.020669999999999997,-0.20754,3,-67.5,1.3315,924.25,3
221,166.0,1.3039,-0.11713,-0.082102,3,-68.5,0.37429,920.25,3
222,166.75,1.0342,0.0091865,-0.19613,3,-68.0,1.9037,923.25,3
223,167.25,1.0342,0.0091865,-0.19613,3,-67.5,4.1663,924.75,3
224,168.0,1.1514,-0.07119600000000001,-0.12771,3,-68.5,0.044485000000000004,920.75,3
225,168.5,0.9521,0.0091865,-0.23034000000000002,3,-68.5,0.33594,920.25,3
226,169.0,0.9521,0.0091865,-0.23034000000000002,3,-68.5,5.6205,922.25,3
227,169.25,0.9521,0.0091865,-0.23034000000000002,3,-67.5,5.0468,923.25,3
228,170.5,1.1983,-0.10565,-0.11631,3,-68.5,6.1068,921.25,3
229,170.75,1.1983,-0.10565,-0.11631,3,-68.5,0.37736,920.25,3
230,171.75,1.1749,-0.082679,-0.12771,3,-68.0,5.0529,923.25,3
231,172.25,1.1749,-0.082679,-0.12771,3,-68.5,5.8138,921.75,3
232,173.0,1.1983,-0.094162,-0.12771,3,-69.0,0.061359000000000004,920.75,3
233,175.0,1.1866,-0.082679,-0.12771,3,-67.5,4.5053,924.25,3
234,175.25,1.1866,-0.082679,-0.12771,3,-68.5,0.092039,920.75,3
235,176.5,1.0928,-0.025263,-0.16192,3,-67.5,5.0407,923.25,3
236,177.0,1.0928,-0.025263,-0.16192,3,-67.5,4.1862,924.75,3
237,177.75,1.3625,-0.16305999999999998,-0.059296,3,-68.5,0.076699,920.75,3
238,178.0,1.3625,-0.16305999999999998,-0.059296,2,-53.5,2.2473,920.25,3
239,178.5,0.9169299999999999,0.020669999999999997,-0.23034000000000002,3,-68.5,5.5745,922.25,3
240,179.25,1.0811,-0.025263,-0.16192,3,-68.5,1.0324,924.75,3
241,179.75,1.0811,-0.025263,-0.16192,3,-68.0,1.3468,924.25,3
242,180.25,1.2804,-0.12861,-0.09350499999999999,3,-68.5,6.0439,921.25,3
243,180.5,1.2804,-0.12861,-0.09350499999999999,3,-68.5,0.31906999999999996,920.25,3
244,181.75,1.128,-0.059712,-0.13912,3,-68.0,5.3567,922.75,3
245,182.0,1.128,-0.059712,-0.13912,3,-68.5,5.9672,921.75,3
246,183.0,1.1163,-0.036746,-0.15052000000000001,3,-69.0,0.36049000000000003,920.25,3
247,185.0,1.3625,-0.16305999999999998,-0.070699,3,-68.5,0.16874,920.75,3
248,186.5,1.1045,-0.059712,-0.15052000000000001,3,-67.5,5.3321,922.75,3
249,187.5,1.0459,-0.025263,-0.18473,3,-68.0,0.11812,920.75,3
250,189.75,0.9872799999999999,0.0091865,-0.21894,3,-68.0,3.5282,925.75,3
251,190.25,0.9872799999999999,0.0091865,-0.21894,3,-68.5,6.1175,921.25,3
252,191.0,0.97555,0.0091865,-0.23034000000000002,3,-67.5,0.73324,925.25,3
253,191.75,1.3625,-0.15158,-0.059296,3,-68.0,5.8659,921.75,3
254,192.0,1.3625,-0.15158,-0.059296,3,-67.5,4.4777,924.25,3
255,192.75,1.0225,-0.0022965999999999998,-0.20754,3,-68.5,0.37122,920.25,3
256,193.5,1.2687,-0.12861,-0.09350499999999999,3,-67.5,3.8856,925.25,3
257,194.5,1.0811,-0.01378,-0.17332999999999998,3,-67.0,4.5053,924.25,3
258,194.75,1.0811,-0.01378,-0.17332999999999998,3,-68.5,0.084369,920.75,3
259,195.5,1.2804,-0.12861,-0.09350499999999999,3,-68.0,5.619,922.25,3
260,196.5,1.0928,-0.036746,-0.16192,3,-67.5,4.1847,924.75,3
261,196.75,1.0928,-0.036746,-0.16192,3,-67.0,4.4731,924.25,3
262,197.25,1.0928,-0.036746,-0.16192,3,-68.5,0.09664099999999999,920.75,3
263,197.75,0.97555,0.020669999999999997,-0.21894,3,-67.0,1.6552,923.75,3
264,198.25,0.97555,0.020669999999999997,-0.21894,3,-67.5,3.8595,925.25,3
265,200.0,0.9403799999999999,0.0091865,-0.23034000000000002,3,-68.5,6.1022,921.25,3
266,201.5,1.3039,-0.12861,-0.082102,3,-68.0,5.8229999999999995,921.75,3
267,202.25,0.9872799999999999,0.0091865,-0.21894,3,-68.5,6.1068,921.25,3
268,202.5,0.9872799999999999,0.0091865,-0.21894,3,-68.5,0.31293000000000004,920.25,3
269,203.25,1.0459,-0.0022965999999999998,-0.19613,3,-67.5,5.0391,923.25,3
270,204.25,0.9521,0.020669999999999997,-0.21894,3,-67.5,4.4823,924.25,3
271,205.0,1.3625,-0.17454,-0.059296,2,-53.5,5.415,920.25,3
272,205.08,1.3625,-0.17454,-0.059296,3,-68.5,4.7538,923.75,3
273,206.0,1.1749,-0.082679,-0.13912,3,-68.0,5.3398,922.75,3
274,206.75,0.9403799999999999,0.020669999999999997,-0.21894,3,-68.0,3.5604,925.75,3
275,208.5,1.2218,-0.082679,-0.11631,3,-67.5,4.1939,924.75,3
276,209.0,1.2218,-0.082679,-0.11631,3,-67.5,4.5084,924.25,3
277,209.5,1.2218,-0.082679,-0.11631,3,-68.5,0.056757,920.75,3
278,209.75,1.2218,-0.082679,-0.11631,3,-69.0,6.0761,921.25,3
279,210.75,1.1514,-0.059712,-0.12771,3,-68.0,5.0652,923.25,3
280,211.5,1.128,-0.07119600000000001,-0.13912,3,-67.5,4.5314,924.25,3
281,212.0,1.0225,-0.0022965999999999998,-0.20754,3,-69.0,6.1006,921.25,3
282,213.5,1.2452,-0.11713,-0.10490999999999999,3,-68.5,5.8521,921.75,3
283,214.0,1.2452,-0.11713,-0.10490999999999999,3,-68.0,1.3591,924.25,3
284,214.75,1.128,-0.036746,-0.16192,3,-69.0,0.32214,920.25,3
285,216.0,1.2335,-0.11713,-0.10490999999999999,3,-68.5,5.8383,921.75,3
286,216.5,1.2335,-0.11713,-0.10490999999999999,3,-68.0,3.5282,925.75,3
287,216.75,1.2335,-0.11713,-0.10490999999999999,3,-68.5,0.099709,920.75,3
288,217.5,1.0107,0.020669999999999997,-0.20754,3,-69.0,5.5622,922.25,3
289,218.5,1.0459,-0.01378,-0.18473,3,-68.5,5.846,921.75,3
290,218.75,1.0459,-0.01378,-0.18473,3,-67.5,4.4854,924.25,3
291,219.5,1.0576,-0.01378,-0.18473,3,-68.5,6.0899,921.25,3
292,220.5,1.1163,-0.059712,-0.15052000000000001,2,-55.5,0.92499,922.75,3
293,221.0,1.128,-0.048229,-0.15052000000000001,2,-54.5,1.4327,921.75,3
294,221.25,1.128,-0.048229,-0.15052000000000001,3,-67.5,4.4854,924.25,3
295,221.75,1.3039,-0.12861,-0.082102,3,-69.0,6.0914,921.25,3
296,222.5,1.1749,-0.082679,-0.12771,3,-67.5,3.8994,925.25,3
297,223.5,1.0107,0.0091865,-0.23034000000000002,3,-68.5,5.8429,921.75,3
298,224.0,1.0107,0.0091865,-0.23034000000000002,3,-68.0,3.5542,925.75,3
299,224.5,1.3273,-0.14009000000000002,-0.070699,3,-68.5,0.36509,920.25,3
300,225.0,1.3273,-0.14009000000000002,-0.070699,3,-68.0,3.8948,925.25,3
301,225.75,1.1163,-0.059712,-0.16192,3,-67.5,4.2016,924.75,3
302,226.0,1.1163,-0.059712,-0.16192,3,-67.5,4.4731,924.25,3
303,226.75,1.1045,-0.036746,-0.16192,3,-69.0,0.32366999999999996,920.25,3
304,227.75,0.9990100000000001,0.0091865,-0.21894,3,-67.5,5.0821,923.25,3
305,228.25,0.9990100000000001,0.0091865,-0.21894,3,-67.5,4.1908,924.75,3
306,228.5,0.9990100000000001,0.0091865,-0.21894,3,-67.5,4.513,924.25,3
307,229.5,0.9521,0.020669999999999997,-0.21894,3,-67.5,4.8014,923.75,3
308,229.75,0.9521,0.020669999999999997,-0.21894,3,-68.0,0.7639199999999999,925.25,3
309,230.75,1.0928,-0.036746,-0.16192,3,-68.5,5.8567,921.75,3
310,231.75,0.9521,0.020669999999999997,-0.23034000000000002,3,-68.5,0.29606,920.25,3
311,232.75,1.1045,-0.036746,-0.17332999999999998,2,-55.5,1.0247,922.75,3
312,233.0,1.1045,-0.036746,-0.17332999999999998,3,-66.5,4.1694,924.75,3
313,234.25,0.8231200000000001,0.28478000000000003,-0.64085,2,-49.5,0.84983,920.25,3
314,234.75,0.7176,0.30775,-0.6864600000000001,3,-60.5,6.1865,922.25,3
315,235.0,0.7176,0.30775,-0.6864600000000001,2,-60.0,1.5125,923.25,3
316,235.5,0.7176,0.30775,-0.6864600000000001,3,-64.5,1.5064,921.75,3
317,252.25,0.52999,0.9163600000000001,-0.0022806,1,-58.5,1.0569,922.75,2
318,253.5,0.52999,0.9163600000000001,-0.0022806,1,-58.5,5.303,921.25,2
319,254.5,0.52999,0.9163600000000001,-0.0022806,1,-59.0,0.5461,923.25,2
320,255.25,0.52999,0.9163600000000001,-0.0022806,1,-60.5,6.2203,924.25,2
321,257.5,0.83485,0.75559,0.08894400000000001,1,-59.0,1.4987,921.75,2
322,258.75,0.83485,0.75559,0.08894400000000001,1,-60.5,0.11812,923.75,2
323,260.28,0.83485,0.75559,0.08894400000000001,1,-61.0,6.0546,924.25,2
324,262.0,0.83485,0.75559,0.08894400000000001,1,-59.5,0.8436899999999999,922.75,2
325,265.75,0.7176,0.80152,0.031928,1,-60.0,5.688,920.25,2
326,268.5,0.7176,0.80152,0.031928,1,-61.0,0.16567,923.75,2
327,277.75,0.7176,0.80152,0.031928,1,-58.5,4.9241,921.25,2
328,279.5,0.7176,0.80152,0.031928,1,-59.0,4.6771,921.75,2
329,287.75,0.7527699999999999,0.80152,0.031928,1,-60.0,5.7064,920.25,2
330,290.0,0.7527699999999999,0.80152,0.031928,1,-59.0,5.0238,921.25,2
331,292.75,0.7527699999999999,0.80152,0.031928,1,-60.0,5.7463,920.25,2
332,304.75,0.8231200000000001,0.75559,0.066138,1,-59.5,5.6558,920.25,2
333,307.25,0.8231200000000001,0.75559,0.066138,1,-58.5,4.987,921.25,2
334,308.75,0.8231200000000001,0.75559,0.066138,1,-59.0,4.7032,921.75,2
335,310.0,0.8231200000000001,0.75559,0.066138,1,-59.0,1.2303,922.25,2
336,313.5,0.78795,0.77856,0.077541,1,-59.0,1.5539,921.75,2
337,315.0,0.78795,0.77856,0.077541,1,-59.0,1.2517,922.25,2
338,316.75,0.78795,0.77856,0.077541,1,-59.0,5.0529,921.25,2
339,322.25,0.74105,0.79004,0.043332,1,-59.5,4.3949,922.25,2
340,325.75,0.74105,0.79004,0.043332,1,-62.0,6.1344,924.25,2
341,329.25,0.74105,0.79004,0.043332,1,-59.5,5.8,920.25,2
342,332.75,0.74105,0.79004,0.043332,1,-63.0,5.7969,924.75,2
343,337.0,0.74105,0.79004,0.043332,1,-60.0,1.287,922.25,2
344,341.0,0.74105,0.79004,0.043332,1,-59.5,5.079,921.25,2
345,453.75,0.29548,0.99674,-0.37858,1,-68.5,4.47,923.75,1
346,454.0,0.67069,0.6866899999999999,-0.53822,3,-62.5,5.2139999999999995,925.25,1
347,454.5,0.67069,0.6866899999999999,-0.53822,3,-58.5,5.1572,922.75,1
348,455.0,0.7176,0.43406000000000006,-0.78909,3,-61.5,1.7104,924.25,1
349,455.5,0.69414,0.35368,-0.77769,2,-51.5,1.2026,920.75,3
350,456.0,0.74105,0.19292,-0.69787,3,-59.0,5.7509,923.75,3
351,457.0,1.0225,-0.0022965999999999998,-0.26455,3,-61.0,0.6642100000000001,924.75,3
352,457.5,0.97555,-0.11713,-0.21894,3,-60.5,1.4987,924.25,3
353,458.75,0.9872799999999999,-0.048229,-0.11631,3,-61.0,0.60285,925.25,3
354,459.0,0.9872799999999999,-0.048229,-0.11631,3,-59.5,1.7948,923.25,3
355,459.5,1.0342,-0.036746,-0.11631,3,-59.5,6.1068,921.75,3
356,459.75,1.0342,-0.036746,-0.11631,3,-59.5,6.0822,921.75,3
357,460.0,1.0342,-0.036746,-0.11631,3,-59.5,1.2456,924.25,3
358,460.25,1.0342,-0.036746,-0.11631,3,-61.0,0.53689,920.75,3
359,461.25,0.9872799999999999,-0.10565,-0.13912,3,-61.5,0.53689,925.25,3
360,461.5,0.9872799999999999,-0.10565,-0.13912,3,-60.5,1.896,923.25,3
361,461.75,0.9872799999999999,-0.10565,-0.13912,3,-61.0,0.91579,924.75,3
362,462.25,1.0811,-0.11713,-0.09350499999999999,3,-61.0,1.3254,924.25,3
363,463.25,1.0342,-0.10565,-0.13912,3,-61.0,4.039,920.25,3
364,463.5,1.0342,-0.10565,-0.13912,3,-61.0,5.7524,922.25,3
365,464.0,1.0694,-0.094162,-0.13912,3,-60.0,1.9236,923.25,3
366,464.25,1.0694,-0.094162,-0.13912,3,-60.5,5.3781,922.75,3
367,464.75,1.1749,-0.15158,-0.070699,3,-62.0,0.22089,925.75,3
368,465.25,1.1749,-0.15158,-0.070699,3,-61.5,3.6877,920.75,3
369,466.75,1.2570000000000001,-0.19751,-0.070699,3,-63.0,1.2625,922.75,3
370,468.0,1.3508,-0.082679,0.043332,3,-62.5,5.5699,920.25,3
371,469.5,1.2218,-0.048229,-0.0022806,2,-58.5,6.0424,924.25,3
372,470.75,1.2570000000000001,-0.082679,0.020525,3,-62.5,0.8621,923.75,3
373,471.0,1.2570000000000001,-0.082679,0.020525,2,-58.0,5.6696,925.25,3
374,471.25,1.2570000000000001,-0.082679,0.020525,3,-61.5,1.4880000000000002,923.25,3
375,472.25,1.2804,-0.14009000000000002,-0.0022806,3,-61.5,6.1497,925.75,3
376,472.5,1.2804,-0.14009000000000002,-0.0022806,3,-61.5,0.0061359,920.75,3
377,472.75,1.2804,-0.14009000000000002,-0.0022806,3,-62.0,0.38656,920.25,3
378,473.5,1.0694,-0.048229,-0.059296,3,-61.5,0.36816,925.25,3
379,473.75,1.0694,-0.048229,-0.059296,3,-61.0,1.7211,923.25,3
380,474.0,1.0694,-0.048229,-0.059296,3,-61.5,0.69029,924.75,3
381,475.0,1.339,-0.14009000000000002,0.031928,3,-61.5,0.24236999999999997,920.75,3
382,475.25,1.339,-0.14009000000000002,0.031928,3,-61.5,3.7352,920.25,3
383,476.0,1.0694,-0.048229,-0.070699,3,-61.0,0.34975,925.25,3
384,476.25,1.0694,-0.048229,-0.070699,2,-57.0,0.46326000000000006,923.25,3
385,476.33,1.0694,-0.048229,-0.070699,3,-60.5,5.122000000000001,922.75,3
386,477.5,1.1045,-0.036746,-0.047893,3,-61.0,0.26691,920.75,3
387,478.0,0.9990100000000001,-0.025263,-0.10490999999999999,3,-60.5,1.4205,923.75,3
388,478.25,0.9990100000000001,-0.025263,-0.10490999999999999,2,-59.0,5.6466,925.25,3
389,478.5,0.9990100000000001,-0.025263,-0.10490999999999999,3,-60.0,1.6782,923.25,3
390,478.75,0.9990100000000001,-0.025263,-0.10490999999999999,3,-60.5,5.0775,922.75,3
391,479.25,1.3039,-0.15158,0.020525,3,-60.0,1.0462,924.25,3
392,480.25,1.2804,-0.16305999999999998,-0.0022806,3,-60.5,3.7889,920.25,3
393,481.0,1.339,-0.17454,0.031928,3,-60.0,1.7211,923.25,3
394,481.25,1.339,-0.17454,0.031928,3,-60.5,0.69489,924.75,3
395,481.5,1.339,-0.17454,0.031928,3,-60.0,5.8475,921.75,3
396,482.25,1.0694,-0.059712,-0.082102,3,-61.0,0.34975,920.75,3
397,483.0,1.0928,-0.059712,-0.059296,3,-60.0,5.5515,922.25,3
398,483.25,1.0928,-0.059712,-0.059296,2,-58.5,5.6558,925.25,3
399,483.75,1.1632,-0.094162,-0.036489999999999995,3,-60.5,0.74858,924.75,3
400,484.0,1.1632,-0.094162,-0.036489999999999995,3,-60.0,5.8951,921.75,3
401,484.25,1.1632,-0.094162,-0.036489999999999995,3,-60.5,0.046019,925.75,3
402,485.0,1.0694,-0.036746,-0.082102,3,-60.5,3.7813,920.25,3
403,485.5,1.128,-0.059712,-0.047893,3,-60.5,0.36049000000000003,925.25,3
404,485.75,1.128,-0.059712,-0.047893,3,-60.0,1.7365,923.25,3
405,486.0,1.128,-0.059712,-0.047893,3,-60.0,2.0724,922.75,3
406,486.5,1.128,-0.059712,-0.047893,3,-60.0,5.9028,921.75,3
407,486.58,1.128,-0.059712,-0.047893,3,-60.0,1.129,924.25,3
408,487.0,1.128,-0.059712,-0.047893,3,-60.5,0.033748,925.75,3
409,487.25,1.0107,-0.01378,-0.11631,3,-60.5,6.2157,921.25,3
410,487.75,1.0107,-0.01378,-0.11631,3,-60.0,1.3913,923.75,3
411,488.0,1.0107,-0.01378,-0.11631,3,-60.0,5.5208,922.25,3
412,489.0,1.0459,-0.036746,-0.082102,3,-60.0,1.1075,924.25,3
413,489.5,1.0459,-0.036746,-0.082102,3,-61.0,0.27458,920.75,3
414,490.0,1.1983,-0.10565,-0.025087,3,-60.5,3.7613,920.25,3
415,490.5,1.1983,-0.10565,-0.025087,3,-61.0,0.36509,925.25,3
416,491.0,1.0928,-0.07119600000000001,-0.070699,3,-60.0,2.1184,922.75,3
417,491.25,1.0928,-0.07119600000000001,-0.070699,3,-60.5,5.9227,921.75,3
418,491.5,1.0928,-0.07119600000000001,-0.070699,3,-60.5,1.1167,924.25,3
419,492.25,0.9521,0.0091865,-0.12771,3,-61.0,0.5798399999999999,920.25,3
420,492.5,0.9521,0.0091865,-0.12771,3,-60.0,1.4097,923.75,3
421,492.75,0.9521,0.0091865,-0.12771,2,-59.0,5.6788,925.25,3
422,493.0,0.9521,0.0091865,-0.12771,3,-60.0,1.7871,923.25,3
423,494.25,1.1045,-0.07119600000000001,-0.047893,3,-61.0,0.036816,925.75,3
424,494.5,1.1045,-0.07119600000000001,-0.047893,3,-61.0,6.1988,921.25,3
425,495.25,1.0459,-0.025263,-0.10490999999999999,3,-61.0,0.4019,925.25,3
426,496.0,1.0928,-0.082679,-0.059296,2,-58.0,6.0117,924.75,3
427,496.25,1.0928,-0.082679,-0.059296,3,-60.5,5.8997,921.75,3
428,496.75,1.1163,-0.07119600000000001,-0.047893,3,-61.0,0.25924,920.75,3
429,497.25,1.1163,-0.07119600000000001,-0.047893,3,-61.0,3.7537,920.25,3
430,497.5,1.1163,-0.07119600000000001,-0.047893,3,-60.0,1.4588,923.75,3
431,497.75,1.1163,-0.07119600000000001,-0.047893,3,-61.0,0.41111000000000003,925.25,3
432,498.5,1.1397,-0.094162,-0.036489999999999995,3,-60.5,0.7915300000000001,924.75,3
433,499.25,1.1514,-0.10565,-0.036489999999999995,3,-61.0,0.25156999999999996,920.75,3
434,499.5,1.1514,-0.10565,-0.036489999999999995,3,-60.5,6.2004,921.25,3
435,500.0,1.3156,-0.17454,0.020525,3,-60.0,5.5883,922.25,3
436,500.5,1.3156,-0.17454,0.020525,3,-60.0,1.804,923.25,3
437,500.75,1.3156,-0.17454,0.020525,2,-58.0,5.9841,924.75,3
438,501.0,1.3156,-0.17454,0.020525,3,-61.0,5.8721,921.75,3
439,501.25,1.3156,-0.17454,0.020525,3,-60.5,1.1121,924.25,3
440,501.75,1.3156,-0.15158,0.020525,3,-60.5,6.2387,921.25,3
441,502.25,1.3156,-0.15158,0.020525,3,-60.0,1.4926,923.75,3
442,502.75,1.1397,-0.094162,-0.047893,3,-60.0,4.9471,923.25,3
443,503.25,1.1397,-0.094162,-0.047893,3,-60.5,5.2401,922.75,3
444,503.5,1.1397,-0.094162,-0.047893,3,-60.5,5.915,921.75,3
445,504.25,1.1514,-0.10565,-0.047893,3,-60.5,0.31753000000000003,920.75,3
446,504.33,1.1514,-0.10565,-0.047893,3,-60.5,0.003068,921.25,3
447,504.75,1.1514,-0.10565,-0.047893,3,-60.0,1.5002,923.75,3
448,505.0,1.1514,-0.10565,-0.047893,3,-61.0,0.45406,925.25,3
449,506.5,1.3977,-0.19751,0.043332,3,-61.0,0.31906999999999996,920.75,3
450,506.75,1.3977,-0.19751,0.043332,3,-60.5,0.003068,921.25,3
451,507.5,1.2218,-0.12861,-0.025087,3,-61.0,0.44792,925.25,3
452,507.75,1.2218,-0.12861,-0.025087,3,-60.5,4.9057,923.25,3
453,508.0,1.2218,-0.12861,-0.025087,3,-60.5,0.7531800000000001,924.75,3
454,508.5,1.2218,-0.12861,-0.025087,3,-60.0,1.1167,924.25,3
455,509.25,1.1749,-0.11713,-0.025087,3,-60.5,0.041417,921.25,3
456,509.75,1.1397,-0.10565,-0.047893,3,-60.5,5.5822,922.25,3
457,510.75,1.0459,-0.036746,-0.10490999999999999,3,-60.5,5.9457,921.75,3
458,511.25,1.0459,-0.036746,-0.10490999999999999,2,-59.0,5.461,925.75,3
459,511.5,1.0459,-0.036746,-0.10490999999999999,3,-61.0,0.34208,920.75,3
460,512.0,1.0811,-0.07119600000000001,-0.070699,3,-60.0,1.4373,923.75,3
461,512.25,1.0811,-0.07119600000000001,-0.070699,2,-58.0,5.7141,925.25,3
462,512.5,1.0811,-0.07119600000000001,-0.070699,3,-60.0,1.7717,923.25,3
463,513.25,1.2335,-0.14009000000000002,-0.0022806,3,-60.5,5.938,921.75,3
464,513.5,1.2335,-0.14009000000000002,-0.0022806,3,-60.0,1.1305,924.25,3
465,513.75,1.2335,-0.14009000000000002,-0.0022806,3,-61.0,3.4653,920.75,3
466,514.0,1.2335,-0.14009000000000002,-0.0022806,3,-61.0,6.251,921.25,3
467,514.75,1.1749,-0.11713,-0.036489999999999995,3,-61.0,0.39423,925.25,3
468,515.25,1.1749,-0.11713,-0.036489999999999995,3,-60.0,4.9302,923.25,3
469,515.5,1.1749,-0.11713,-0.036489999999999995,3,-60.5,0.80381,924.75,3
470,516.0,1.2921,-0.17454,0.020525,2,-59.5,5.4579,925.75,3
471,516.75,1.2921,-0.16305999999999998,0.0091224,3,-60.0,1.4404,923.75,3
472,517.25,1.2921,-0.16305999999999998,0.0091224,3,-60.5,5.5745,922.25,3
473,518.0,1.1163,-0.082679,-0.070699,3,-60.5,5.9442,921.75,3
474,518.25,1.1163,-0.082679,-0.070699,3,-60.5,1.1413,924.25,3
475,518.75,1.1163,-0.082679,-0.070699,3,-61.0,0.32981,920.75,3
476,519.25,1.0459,-0.036746,-0.09350499999999999,3,-61.0,3.7859,920.25,3
477,520.25,1.1983,-0.14009000000000002,-0.013684,3,-60.5,0.7761899999999999,924.75,3
478,521.0,1.1983,-0.14009000000000002,-0.025087,3,-61.0,0.041417,925.75,3
479,521.25,1.1983,-0.14009000000000002,-0.025087,3,-61.0,0.3114,920.75,3
480,521.5,1.1983,-0.14009000000000002,-0.025087,3,-60.5,3.7552,920.25,3
481,521.75,1.1983,-0.14009000000000002,-0.025087,3,-60.0,1.4573,923.75,3
482,522.0,1.1983,-0.14009000000000002,-0.025087,3,-60.0,5.5975,922.25,3
483,522.5,1.1749,-0.12861,-0.025087,3,-60.0,5.2263,922.75,3
484,523.0,1.1749,-0.12861,-0.025087,3,-60.5,5.9304,921.75,3
485,523.25,1.1749,-0.12861,-0.025087,3,-60.5,1.0891,924.25,3
486,523.75,1.2335,-0.12861,-0.0022806,3,-60.5,6.231,921.25,3
487,524.25,1.2335,-0.12861,-0.0022806,3,-60.0,1.445,923.75,3
488,524.75,1.1397,-0.10565,-0.036489999999999995,3,-60.0,4.9517,923.25,3
489,525.0,1.1397,-0.10565,-0.036489999999999995,3,-60.0,2.1292,922.75,3
490,525.25,1.1397,-0.10565,-0.036489999999999995,3,-60.5,0.79614,924.75,3
491,525.5,1.1397,-0.10565,-0.036489999999999995,3,-60.5,5.915,921.75,3
492,525.75,1.1397,-0.10565,-0.036489999999999995,3,-61.0,6.274,925.75,3
493,526.0,1.1397,-0.10565,-0.036489999999999995,3,-60.5,0.30219,920.75,3
494,526.75,1.1749,-0.10565,-0.036489999999999995,3,-60.0,2.4881,922.25,3
495,527.0,1.1749,-0.10565,-0.036489999999999995,3,-60.5,0.42338000000000003,925.25,3
496,527.25,1.1749,-0.10565,-0.036489999999999995,3,-60.0,1.7717,923.25,3
497,527.5,1.1749,-0.10565,-0.036489999999999995,3,-60.0,5.2232,922.75,3
498,528.25,1.0459,-0.036746,-0.070699,2,-59.0,5.4057,925.75,3
499,528.5,1.0459,-0.036746,-0.070699,3,-60.5,6.2418,921.25,3
500,529.25,1.339,-0.18603,0.031928,3,-60.0,2.4482,922.25,3
501,529.5,1.339,-0.18603,0.031928,2,-59.0,5.6819,925.25,3
502,530.25,1.0459,-0.036746,-0.09350499999999999,3,-60.5,5.8966,921.75,3
503,530.5,1.0459,-0.036746,-0.09350499999999999,3,-60.5,1.0983,924.25,3
504,532.0,1.3039,-0.17454,0.031928,3,-60.5,0.38656,925.25,3
505,532.75,1.2687,-0.15158,0.020525,3,-60.0,5.8966,921.75,3
506,533.0,1.2687,-0.15158,0.020525,3,-60.0,1.1045,924.25,3
507,533.25,1.2687,-0.15158,0.020525,3,-61.0,0.32674000000000003,920.75,3
508,534.0,1.0225,-0.036746,-0.09350499999999999,3,-60.0,1.4481,923.75,3
509,534.25,1.0225,-0.036746,-0.09350499999999999,3,-60.5,5.5453,922.25,3
510,534.75,1.1632,-0.10565,-0.025087,3,-60.5,0.7378399999999999,924.75,3
511,535.0,1.1632,-0.10565,-0.025087,3,-60.0,5.9074,921.75,3
512,535.25,1.1632,-0.10565,-0.025087,3,-60.5,1.1045,924.25,3
513,536.0,1.2218,-0.14009000000000002,0.0091224,3,-60.5,0.010738,921.25,3
514,536.75,1.3273,-0.18603,0.031928,3,-61.0,0.3973,925.25,3
515,537.0,1.3273,-0.18603,0.031928,3,-60.0,1.7856,923.25,3
516,537.25,1.3273,-0.18603,0.031928,3,-60.0,2.1138,922.75,3
517,537.5,1.3273,-0.18603,0.031928,3,-60.5,5.9457,921.75,3
518,537.75,1.3273,-0.18603,0.031928,3,-60.0,1.1551,924.25,3
519,539.0,1.0811,-0.048229,-0.082102,3,-60.5,5.5637,922.25,3
520,539.75,1.2804,-0.16305999999999998,0.0091224,3,-60.0,5.2616,922.75,3
521,540.0,1.2804,-0.16305999999999998,0.0091224,3,-60.5,5.9657,921.75,3
522,540.25,1.2804,-0.16305999999999998,0.0091224,2,-59.5,5.4303,925.75,3
523,540.75,1.2804,-0.16305999999999998,0.0091224,3,-60.5,0.33441,920.75,3
524,541.25,1.3039,-0.16305999999999998,0.031928,3,-60.5,1.4113,923.75,3
525,541.5,1.3039,-0.16305999999999998,0.031928,3,-60.5,0.4019,925.25,3
526,541.75,1.3039,-0.16305999999999998,0.031928,3,-60.0,1.7917,923.25,3
527,542.25,1.3508,-0.19751,0.031928,3,-60.0,5.935,921.75,3
528,542.5,1.3508,-0.19751,0.031928,3,-60.0,1.1213,924.25,3
529,543.0,1.3508,-0.19751,0.031928,3,-61.0,0.03835,925.75,3
530,543.25,1.3508,-0.19751,0.031928,3,-60.5,6.274,921.25,3
531,543.5,1.3508,-0.19751,0.031928,3,-61.0,0.6228,920.25,3
532,543.75,1.3508,-0.19751,0.031928,3,-60.0,1.4389,923.75,3
533,544.25,1.1632,-0.11713,-0.013684,3,-60.0,1.8285,923.25,3
534,544.5,1.1632,-0.11713,-0.013684,3,-59.5,2.1598,922.75,3
535,544.75,1.1632,-0.11713,-0.013684,3,-60.5,0.7792600000000001,924.75,3
536,545.0,1.1632,-0.11713,-0.013684,3,-60.5,1.1305,924.25,3
537,545.25,1.1632,-0.11713,-0.013684,3,-61.0,0.02301,925.75,3
538,546.0,1.128,-0.082679,-0.059296,3,-61.0,3.7905,920.25,3
539,546.25,1.128,-0.082679,-0.059296,3,-60.0,1.445,923.75,3
540,546.33,1.128,-0.082679,-0.059296,3,-60.0,5.5944,922.25,3
541,546.75,1.128,-0.082679,-0.059296,3,-60.0,1.8193,923.25,3
542,547.0,1.128,-0.082679,-0.059296,3,-60.0,2.1644,922.75,3
543,547.5,1.0928,-0.082679,-0.059296,3,-60.0,1.1321,924.25,3
544,547.75,1.0928,-0.082679,-0.059296,3,-61.0,0.046019,925.75,3
545,548.0,1.0928,-0.082679,-0.059296,3,-60.5,6.2556,921.25,3
546,548.25,1.0928,-0.082679,-0.059296,3,-60.5,3.8089,920.25,3
547,548.5,1.0928,-0.082679,-0.059296,3,-60.0,4.5789,923.75,3
548,549.0,1.2101,-0.12861,-0.013684,3,-60.0,1.827,923.25,3
549,549.25,1.2101,-0.12861,-0.013684,3,-60.5,5.2754,922.75,3
550,550.25,1.3859,-0.20899,0.043332,3,-60.5,0.32674000000000003,920.75,3
551,550.5,1.3859,-0.20899,0.043332,3,-60.5,6.2188,921.25,3
552,550.75,1.3859,-0.20899,0.043332,3,-61.0,3.8288,920.25,3
553,551.0,1.3859,-0.20899,0.043332,3,-60.0,1.4757,923.75,3
554,551.5,1.1866,-0.10565,-0.025087,3,-60.0,1.8224,923.25,3
555,551.75,1.1866,-0.10565,-0.025087,3,-60.0,5.2984,922.75,3
556,552.25,1.1866,-0.10565,-0.025087,3,-60.0,1.1367,924.25,3
557,552.5,1.1866,-0.10565,-0.025087,2,-59.0,5.4303,925.75,3
558,553.25,1.1866,-0.10565,-0.025087,3,-61.0,3.8058,920.25,3
559,553.5,1.1866,-0.10565,-0.025087,3,-60.0,1.4726,923.75,3
560,554.0,1.1632,-0.10565,-0.036489999999999995,3,-60.0,1.8193,923.25,3
561,554.25,1.1632,-0.10565,-0.036489999999999995,3,-60.0,2.166,922.75,3
562,554.5,1.1632,-0.10565,-0.036489999999999995,3,-60.5,5.9488,921.75,3
563,555.5,1.3273,-0.18603,0.031928,3,-60.5,6.2586,921.25,3
564,556.0,1.128,-0.082679,-0.047893,3,-60.0,1.4772,923.75,3
565,556.25,1.128,-0.082679,-0.047893,3,-60.5,0.42798,925.25,3
566,556.5,1.128,-0.082679,-0.047893,3,-59.5,1.83,923.25,3
567,556.75,1.128,-0.082679,-0.047893,3,-60.5,5.2784,922.75,3
568,557.0,1.128,-0.082679,-0.047893,3,-60.5,5.981,921.75,3
569,557.75,1.1632,-0.11713,-0.025087,3,-60.5,0.31753000000000003,920.75,3
570,558.0,1.1632,-0.11713,-0.025087,3,-61.5,0.65654,920.25,3
571,558.25,1.1632,-0.11713,-0.025087,3,-60.0,1.4711,923.75,3
572,558.5,1.1632,-0.11713,-0.025087,3,-60.0,5.6159,922.25,3
573,559.25,1.0694,-0.059712,-0.082102,3,-60.0,5.2784,922.75,3
574,559.5,1.0694,-0.059712,-0.082102,3,-60.5,5.957999999999999,921.75,3
575,559.75,1.0694,-0.059712,-0.082102,3,-60.0,1.129,924.25,3
576,560.0,1.0694,-0.059712,-0.082102,3,-60.5,0.32981,920.75,3
577,560.75,1.1866,-0.10565,-0.025087,3,-60.0,1.4726,923.75,3
578,561.0,1.1866,-0.10565,-0.025087,3,-60.0,5.5929,922.25,3
579,561.25,1.1866,-0.10565,-0.025087,3,-60.0,1.8178,923.25,3
580,561.75,1.3508,-0.19751,0.043332,3,-61.0,5.9242,921.75,3
581,562.25,1.3508,-0.19751,0.043332,3,-61.5,0.041417,925.75,3
582,563.0,1.2921,-0.15158,0.020525,3,-61.0,0.70717,920.25,3
583,564.25,1.1163,-0.059712,-0.059296,3,-60.5,5.912000000000001,921.75,3
584,564.75,1.1163,-0.059712,-0.059296,2,-59.0,5.4196,925.75,3
585,565.0,1.1163,-0.059712,-0.059296,3,-61.0,0.36816,920.75,3
586,565.75,1.2335,-0.15158,-0.0022806,3,-60.0,5.6128,922.25,3
587,566.0,1.2335,-0.15158,-0.0022806,3,-61.0,0.42798,925.25,3
588,566.75,1.1866,-0.11713,-0.025087,3,-60.5,5.9074,921.75,3
589,567.0,1.1866,-0.11713,-0.025087,3,-60.0,1.1059999999999999,924.25,3
590,567.75,1.0459,-0.036746,-0.09350499999999999,3,-61.5,0.64887,920.25,3
591,568.5,1.1045,-0.082679,-0.070699,2,-59.0,5.6481,925.25,3
592,568.75,1.1045,-0.082679,-0.070699,3,-60.0,5.2784,922.75,3
593,569.5,1.3039,-0.16305999999999998,0.031928,3,-60.5,1.1827,924.25,3
594,569.75,1.3039,-0.16305999999999998,0.031928,3,-61.0,0.34515,920.75,3
595,570.0,1.3039,-0.16305999999999998,0.031928,3,-60.5,6.2157,921.25,3
596,570.25,1.3039,-0.16305999999999998,0.031928,3,-61.0,3.7966,920.25,3
597,571.0,1.0928,-0.082679,-0.059296,3,-60.0,1.8162,923.25,3
598,571.25,1.0928,-0.082679,-0.059296,3,-60.0,5.3014,922.75,3
599,571.75,1.3273,-0.18603,0.043332,2,-58.0,6.2479,924.25,3
600,572.0,1.3273,-0.18603,0.043332,2,-58.5,5.4272,925.75,3
601,572.75,1.1514,-0.10565,-0.025087,3,-60.5,3.8273,920.25,3
602,573.0,1.1514,-0.10565,-0.025087,3,-60.0,1.4803,923.75,3
603,573.25,1.1514,-0.10565,-0.025087,3,-61.0,0.42338000000000003,925.25,3
604,573.5,1.1514,-0.10565,-0.025087,3,-59.5,1.8254,923.25,3
605,574.25,1.1045,-0.094162,-0.059296,3,-60.0,1.1183,924.25,3
606,574.75,1.1045,-0.094162,-0.059296,3,-60.5,0.38043000000000005,920.75,3
607,575.25,1.0342,-0.036746,-0.09350499999999999,3,-60.0,1.4603,923.75,3
608,575.5,1.0342,-0.036746,-0.09350499999999999,3,-60.0,5.6435,922.25,3
609,575.75,1.0342,-0.036746,-0.09350499999999999,2,-58.5,5.6941,925.25,3
610,576.0,1.0342,-0.036746,-0.09350499999999999,3,-60.0,1.8193,923.25,3
611,576.75,1.1045,-0.07119600000000001,-0.059296,3,-60.0,1.1059999999999999,924.25,3
612,577.25,1.1514,-0.10565,-0.013684,3,-60.5,0.001534,921.25,3
613,577.5,1.1514,-0.10565,-0.013684,3,-61.0,0.73017,920.25,3
614,577.75,1.1514,-0.10565,-0.013684,3,-60.0,5.6358,922.25,3
615,578.25,1.1514,-0.10565,-0.013684,3,-60.5,0.43105,925.25,3
616,578.75,1.1749,-0.11713,-0.025087,3,-60.5,0.77159,924.75,3
617,579.0,1.1749,-0.11713,-0.025087,3,-60.5,5.938,921.75,3
618,579.25,1.1749,-0.11713,-0.025087,3,-61.0,0.001534,925.75,3
619,580.0,1.1045,-0.07119600000000001,-0.047893,3,-60.5,3.8672,920.25,3
620,580.25,1.1045,-0.07119600000000001,-0.047893,3,-60.0,1.4926,923.75,3
621,580.5,1.1045,-0.07119600000000001,-0.047893,3,-60.5,0.43872,925.25,3
622,581.0,1.0576,-0.059712,-0.070699,3,-60.0,5.2907,922.75,3
623,582.0,1.0811,-0.048229,-0.070699,3,-60.5,0.36816,920.75,3
624,582.25,1.0811,-0.048229,-0.070699,3,-60.5,0.033748,921.25,3
625,582.5,1.0811,-0.048229,-0.070699,3,-60.5,0.7148399999999999,920.25,3
626,582.75,1.0811,-0.048229,-0.070699,3,-60.0,5.6205,922.25,3
627,583.25,1.1632,-0.11713,-0.025087,3,-60.0,1.784,923.25,3
628,583.5,1.1632,-0.11713,-0.025087,3,-60.5,0.7915300000000001,924.75,3
629,583.75,1.1632,-0.11713,-0.025087,3,-60.5,5.938,921.75,3
630,584.0,1.1632,-0.11713,-0.025087,3,-60.0,1.1137,924.25,3
631,584.5,1.1514,-0.10565,-0.025087,3,-60.0,0.050621,921.25,3
632,584.75,1.1514,-0.10565,-0.025087,3,-60.5,3.9024,920.25,3
633,585.0,1.1514,-0.10565,-0.025087,3,-60.0,4.6342,923.75,3
634,585.25,1.1514,-0.10565,-0.025087,3,-60.0,5.6512,922.25,3
635,586.0,1.0694,-0.048229,-0.070699,3,-60.0,5.2861,922.75,3
636,586.25,1.0694,-0.048229,-0.070699,3,-60.5,5.9365,921.75,3
637,586.5,1.0694,-0.048229,-0.070699,3,-60.5,0.03835,925.75,3
638,587.0,1.1045,-0.094162,-0.059296,3,-61.0,0.049087,921.25,3
639,587.25,1.1045,-0.094162,-0.059296,3,-60.5,3.9147,920.25,3
640,588.25,1.339,-0.17454,0.031928,3,-60.0,1.7825,923.25,3
641,588.33,1.339,-0.17454,0.031928,3,-60.0,5.2738,922.75,3
642,588.5,1.339,-0.17454,0.031928,3,-60.0,5.9457,921.75,3
643,589.0,1.339,-0.17454,0.031928,3,-60.5,0.032214,925.75,3
644,589.5,1.0342,-0.048229,-0.09350499999999999,3,-60.0,0.053689,921.25,3
645,589.75,1.0342,-0.048229,-0.09350499999999999,3,-60.5,3.9607,920.25,3
646,590.75,1.2570000000000001,-0.16305999999999998,0.0091224,3,-60.0,5.2984,922.75,3
647,591.0,1.2570000000000001,-0.16305999999999998,0.0091224,3,-60.0,5.9657,921.75,3
648,591.75,1.1514,-0.094162,-0.036489999999999995,3,-60.5,0.3835,920.75,3
649,592.0,1.1514,-0.094162,-0.036489999999999995,3,-60.5,0.03835,921.25,3
650,592.75,1.2101,-0.15158,-0.013684,3,-60.5,0.45098999999999995,925.25,3
651,593.0,1.2101,-0.15158,-0.013684,3,-59.5,1.8116,923.25,3
652,593.5,1.0811,-0.082679,-0.059296,3,-60.5,5.9595,921.75,3
653,593.75,1.0811,-0.082679,-0.059296,3,-60.5,4.2476,924.25,3
654,594.5,1.0225,-0.025263,-0.09350499999999999,3,-60.5,0.7179,920.25,3
655,595.25,1.0459,-0.059712,-0.09350499999999999,3,-60.5,0.44485,925.25,3
656,596.25,1.128,-0.082679,-0.047893,3,-60.0,1.1336,924.25,3
657,596.5,1.128,-0.082679,-0.047893,2,-59.0,5.4073,925.75,3
658,596.58,1.128,-0.082679,-0.047893,3,-60.5,0.40037,920.75,3
659,596.75,1.128,-0.082679,-0.047893,3,-60.5,0.033748,921.25,3
660,597.5,1.1163,-0.082679,-0.059296,3,-60.5,0.44638999999999995,925.25,3
661,597.75,1.1163,-0.082679,-0.059296,3,-59.5,1.8193,923.25,3
662,598.0,1.1163,-0.082679,-0.059296,3,-59.5,2.166,922.75,3
663,598.5,1.1397,-0.11713,-0.047893,3,-60.0,1.129,924.25,3
664,598.75,1.1397,-0.11713,-0.047893,3,-61.0,0.026077999999999997,925.75,3
665,599.0,1.1397,-0.11713,-0.047893,3,-60.5,0.3973,920.75,3
666,600.0,1.3625,-0.20899,0.054735,3,-60.0,5.6589,922.25,3
667,600.25,1.3625,-0.20899,0.054735,3,-59.5,4.9594,923.25,3
668,601.0,1.1514,-0.10565,-0.036489999999999995,3,-60.0,1.1137,924.25,3
669,601.5,1.1163,-0.07119600000000001,-0.059296,3,-60.0,0.021476,921.25,3
670,602.0,1.1163,-0.07119600000000001,-0.059296,3,-61.0,0.75625,920.25,3
671,602.75,1.0811,-0.07119600000000001,-0.059296,3,-59.5,4.9517,923.25,3
672,603.5,1.1514,-0.10565,-0.036489999999999995,3,-60.0,1.1229,924.25,3
673,603.75,1.1514,-0.10565,-0.036489999999999995,3,-60.5,0.35435,920.75,3
674,604.0,1.1514,-0.10565,-0.036489999999999995,3,-60.5,0.018408,921.25,3
675,604.25,1.1514,-0.10565,-0.036489999999999995,3,-61.0,0.74551,920.25,3
676,605.0,1.1163,-0.082679,-0.059296,3,-60.5,0.43105,925.25,3
677,605.25,1.1163,-0.082679,-0.059296,3,-59.5,5.2829999999999995,922.75,3
678,605.5,1.1163,-0.082679,-0.059296,3,-60.0,0.7761899999999999,924.75,3
679,606.0,1.1397,-0.10565,-0.036489999999999995,2,-59.0,5.3643,925.75,3
680,606.25,1.1397,-0.10565,-0.036489999999999995,3,-60.5,0.38195999999999997,920.75,3
681,607.0,1.339,-0.17454,0.031928,3,-60.0,1.4834,923.75,3
682,607.25,1.339,-0.17454,0.031928,3,-60.0,5.6082,922.25,3
683,608.0,1.2101,-0.14009000000000002,-0.013684,3,-60.5,0.77313,924.75,3
684,608.5,1.2101,-0.14009000000000002,-0.013684,3,-60.0,1.1259,924.25,3
685,608.75,1.2101,-0.14009000000000002,-0.013684,3,-60.5,0.36049000000000003,920.75,3
686,609.0,1.2101,-0.14009000000000002,-0.013684,3,-60.0,0.033748,921.25,3
687,609.5,1.1983,-0.15158,-0.013684,3,-60.0,5.6328,922.25,3
688,609.75,1.1983,-0.15158,-0.013684,2,-58.5,5.7064,925.25,3
689,610.0,1.1983,-0.15158,-0.013684,3,-59.5,1.8224,923.25,3
690,610.75,1.1163,-0.094162,-0.059296,3,-60.0,1.1321,924.25,3
691,611.0,1.1163,-0.094162,-0.059296,3,-61.0,0.026077999999999997,925.75,3
692,611.5,1.1045,-0.082679,-0.047893,3,-60.5,3.8994,920.25,3
693,612.25,1.3039,-0.18603,0.031928,2,-58.5,5.6742,925.25,3
694,613.0,1.1045,-0.07119600000000001,-0.047893,3,-60.0,5.9472,921.75,3
695,613.25,1.1045,-0.07119600000000001,-0.047893,3,-60.0,1.1106,924.25,3
696,613.5,1.1045,-0.07119600000000001,-0.047893,3,-60.5,0.3881,920.75,3
697,614.25,1.2570000000000001,-0.15158,0.020525,3,-59.5,1.4987,923.75,3
698,614.5,1.2570000000000001,-0.15158,0.020525,2,-58.5,5.6834,925.25,3
699,615.0,1.2101,-0.14009000000000002,-0.013684,3,-60.0,5.2784,922.75,3
700,615.25,1.2101,-0.14009000000000002,-0.013684,3,-60.5,0.74858,924.75,3
701,615.5,1.2101,-0.14009000000000002,-0.013684,3,-60.0,1.1091,924.25,3
702,615.75,1.2101,-0.14009000000000002,-0.013684,3,-60.5,0.041417,925.75,3
703,617.0,1.0928,-0.082679,-0.059296,3,-60.5,0.41571,925.25,3
704,617.5,1.0928,-0.082679,-0.059296,3,-59.5,5.2631,922.75,3
705,617.75,1.1632,-0.11713,-0.013684,3,-60.0,5.9549,921.75,3
706,618.25,1.1632,-0.11713,-0.013684,3,-61.0,0.046019,925.75,3
707,618.75,1.1514,-0.10565,-0.036489999999999995,3,-60.5,0.76852,920.25,3
708,619.25,1.1514,-0.10565,-0.036489999999999995,3,-59.5,1.5094,923.75,3
709,619.33,1.1514,-0.10565,-0.036489999999999995,3,-60.0,5.6404,922.25,3
710,619.75,1.1514,-0.10565,-0.036489999999999995,3,-60.0,1.8024,923.25,3
711,620.25,1.0928,-0.059712,-0.047893,3,-60.0,5.9503,921.75,3
712,620.75,1.0928,-0.059712,-0.047893,3,-61.0,0.041417,925.75,3
713,621.0,1.0928,-0.059712,-0.047893,3,-60.5,0.44332,920.75,3
714,621.75,1.1163,-0.082679,-0.047893,3,-61.0,0.42798,925.25,3
715,622.5,1.1163,-0.082679,-0.059296,3,-60.5,5.2616,922.75,3
716,622.75,1.1163,-0.082679,-0.059296,3,-60.5,5.9457,921.75,3
717,623.0,1.1163,-0.082679,-0.059296,3,-60.5,1.1612,924.25,3
718,623.5,1.2101,-0.14009000000000002,-0.0022806,3,-60.5,0.050621,921.25,3
719,623.75,1.2101,-0.14009000000000002,-0.0022806,3,-61.0,3.8595,920.25,3
720,624.0,1.2101,-0.14009000000000002,-0.0022806,3,-60.5,5.6128,922.25,3
721,624.5,1.2101,-0.14009000000000002,-0.0022806,3,-60.5,0.43872,925.25,3
722,624.75,1.2101,-0.14009000000000002,-0.0022806,3,-60.0,1.7994,923.25,3
723,625.25,1.1749,-0.11713,-0.0022806,3,-60.5,5.9856,921.75,3
724,625.5,1.1749,-0.11713,-0.0022806,3,-60.0,1.1704,924.25,3
725,625.75,1.1749,-0.11713,-0.0022806,3,-60.5,0.38503000000000004,920.75,3
726,626.0,1.1749,-0.11713,-0.0022806,3,-60.5,0.026077999999999997,921.25,3
727,626.75,1.0694,-0.059712,-0.059296,2,-59.0,5.665,925.25,3
728,627.0,1.0694,-0.059712,-0.059296,3,-60.0,1.8101,923.25,3
729,628.25,1.1514,-0.10565,-0.036489999999999995,3,-60.5,0.3927,920.75,3
730,628.5,1.1514,-0.10565,-0.036489999999999995,3,-60.5,0.033748,921.25,3
731,628.75,1.1514,-0.10565,-0.036489999999999995,3,-61.0,0.72097,920.25,3
732,629.5,1.0694,-0.048229,-0.070699,3,-59.5,1.8178,923.25,3
733,629.75,1.0694,-0.048229,-0.070699,3,-60.0,5.3014,922.75,3
734,630.0,1.0694,-0.048229,-0.070699,3,-60.0,0.7761899999999999,924.75,3
735,630.25,1.0694,-0.048229,-0.070699,3,-60.0,1.1305,924.25,3
736,630.75,1.0811,-0.059712,-0.059296,3,-60.5,6.2817,921.25,3
737,631.75,1.1983,-0.12861,-0.0022806,3,-60.5,0.40344,925.25,3
738,632.0,1.1983,-0.12861,-0.0022806,3,-59.5,1.8116,923.25,3
739,632.25,1.1983,-0.12861,-0.0022806,3,-59.5,5.2984,922.75,3
740,632.75,1.2101,-0.12861,-0.0022806,3,-60.0,1.1459,924.25,3
741,633.0,1.2101,-0.12861,-0.0022806,3,-60.5,0.064427,925.75,3
742,633.25,1.2101,-0.12861,-0.0022806,3,-60.5,0.41263999999999995,920.75,3
743,633.35,1.2101,-0.12861,-0.0022806,3,-60.5,0.029146,921.25,3
744,633.75,1.2101,-0.12861,-0.0022806,3,-59.5,1.4634,923.75,3
745,634.0,1.2101,-0.12861,-0.0022806,3,-60.0,2.4712,922.25,3
746,634.75,1.1163,-0.082679,-0.059296,3,-60.0,6.0055,921.75,3
747,635.0,1.1163,-0.082679,-0.059296,3,-60.0,1.175,924.25,3
748,636.0,1.0811,-0.07119600000000001,-0.059296,3,-60.0,1.4757,923.75,3
749,636.25,1.0811,-0.07119600000000001,-0.059296,3,-60.0,5.6021,922.25,3
750,636.5,1.0811,-0.07119600000000001,-0.059296,2,-58.5,5.6558,925.25,3
751,636.75,1.0811,-0.07119600000000001,-0.059296,3,-59.5,5.2677,922.75,3
752,637.5,1.3156,-0.17454,0.031928,3,-60.0,1.1551,924.25,3
753,637.75,1.3156,-0.17454,0.031928,3,-61.0,0.055223,925.75,3
754,638.25,1.3156,-0.17454,0.031928,3,-60.5,0.041417,921.25,3
755,638.33,1.3156,-0.17454,0.031928,3,-60.5,0.72864,920.25,3
756,639.0,1.0811,-0.059712,-0.070699,3,-60.5,0.42183999999999994,925.25,3
757,639.5,1.0811,-0.059712,-0.070699,3,-59.5,5.2861,922.75,3
758,639.75,1.0811,-0.059712,-0.070699,3,-60.0,0.7915300000000001,924.75,3
759,640.25,1.1163,-0.094162,-0.047893,3,-60.5,0.046019,925.75,3
760,640.5,1.1163,-0.094162,-0.047893,3,-60.5,0.36049000000000003,920.75,3
761,641.0,1.0342,-0.036746,-0.09350499999999999,3,-60.0,1.4542,923.75,3
762,641.5,1.0342,-0.036746,-0.09350499999999999,3,-59.5,1.8101,923.25,3
763,641.75,1.0342,-0.036746,-0.09350499999999999,3,-59.5,2.1568,922.75,3
764,642.25,1.1514,-0.11713,-0.025087,3,-60.0,1.1336,924.25,3
765,642.75,1.1514,-0.11713,-0.025087,2,-58.5,5.4057,925.75,3
766,643.75,1.0342,-0.036746,-0.10490999999999999,3,-60.5,0.42951000000000006,925.25,3
767,644.5,1.1163,-0.082679,-0.047893,2,-58.5,5.9472,924.75,3
768,644.75,1.1163,-0.082679,-0.047893,3,-60.5,5.9718,921.75,3
769,645.0,1.1163,-0.082679,-0.047893,3,-61.0,0.049087,925.75,3
770,645.5,1.1163,-0.07119600000000001,-0.059296,3,-60.5,6.2694,921.25,3
771,645.75,1.1163,-0.07119600000000001,-0.059296,3,-60.0,4.5973,923.75,3
772,646.5,1.1514,-0.11713,-0.036489999999999995,3,-59.5,5.2938,922.75,3
773,646.75,1.1514,-0.11713,-0.036489999999999995,3,-60.0,0.76852,924.75,3
774,647.5,1.1866,-0.12861,-0.036489999999999995,3,-60.5,0.033748,925.75,3
775,648.25,1.0928,-0.07119600000000001,-0.059296,3,-59.5,1.4726,923.75,3
776,648.5,1.0928,-0.07119600000000001,-0.059296,3,-60.0,5.6589,922.25,3
777,649.5,1.1045,-0.082679,-0.070699,3,-60.5,0.75779,924.75,3
778,649.75,1.1045,-0.082679,-0.070699,3,-60.0,1.1106,924.25,3
779,650.0,1.1045,-0.082679,-0.070699,2,-59.0,5.3751,925.75,3
780,650.25,1.1045,-0.082679,-0.070699,3,-60.5,0.37429,920.75,3
781,650.75,1.2218,-0.14009000000000002,-0.0022806,3,-60.0,5.6251,922.25,3
782,651.25,1.2218,-0.14009000000000002,-0.0022806,3,-60.5,0.42645,925.25,3
783,651.75,1.1866,-0.11713,-0.013684,3,-60.5,3.9132,924.75,3
784,652.0,1.1866,-0.11713,-0.013684,3,-60.0,5.9779,921.75,3
785,652.25,1.1866,-0.11713,-0.013684,3,-60.5,0.041417,925.75,3
786,652.5,1.1866,-0.11713,-0.013684,3,-60.5,0.3973,920.75,3
787,653.0,1.1749,-0.12861,-0.013684,3,-61.0,0.74398,920.25,3
788,654.0,1.1866,-0.12861,-0.013684,3,-60.0,5.2677,922.75,3
789,654.5,1.1866,-0.12861,-0.013684,3,-60.0,5.9365,921.75,3
790,655.0,1.1163,-0.082679,-0.059296,3,-60.5,0.41878000000000004,920.75,3
791,655.25,1.1163,-0.082679,-0.059296,3,-60.0,0.041417,921.25,3
792,655.5,1.1163,-0.082679,-0.059296,3,-60.5,0.74551,920.25,3
793,655.75,1.1163,-0.082679,-0.059296,3,-60.0,5.6205,922.25,3
794,656.25,1.0576,-0.048229,-0.082102,3,-60.0,5.2754,922.75,3
795,656.75,1.0576,-0.048229,-0.082102,3,-60.0,5.9534,921.75,3
796,657.0,1.0576,-0.048229,-0.082102,3,-60.0,1.0876,924.25,3
797,657.75,1.128,-0.082679,-0.036489999999999995,3,-60.5,0.013806,921.25,3
798,658.0,1.128,-0.082679,-0.036489999999999995,3,-61.0,0.7025600000000001,920.25,3
799,658.25,1.128,-0.082679,-0.036489999999999995,3,-60.0,5.6052,922.25,3
800,658.75,1.3625,-0.20899,0.043332,3,-60.0,5.2738,922.75,3
801,659.25,1.3625,-0.20899,0.043332,3,-60.5,5.9902,921.75,3
802,659.5,1.3625,-0.20899,0.043332,3,-60.0,1.149,924.25,3
803,660.25,1.1983,-0.15158,-0.013684,3,-60.5,0.010738,921.25,3
804,660.35,1.1983,-0.15158,-0.013684,3,-60.0,1.4527,923.75,3
805,661.0,1.0928,-0.07119600000000001,-0.070699,3,-59.5,1.8162,923.25,3
806,661.5,1.0928,-0.07119600000000001,-0.070699,3,-59.5,0.8252799999999999,924.75,3
807,661.75,1.0928,-0.07119600000000001,-0.070699,3,-60.0,5.9917,921.75,3
808,661.83,1.0928,-0.07119600000000001,-0.070699,3,-60.0,1.1612,924.25,3
809,662.25,1.1749,-0.15158,-0.025087,3,-60.5,0.4065,920.75,3
810,663.25,1.0811,-0.07119600000000001,-0.082102,3,-60.5,0.41263999999999995,925.25,3
811,664.0,1.2335,-0.14009000000000002,-0.0022806,3,-60.0,5.9963,921.75,3
812,664.25,1.2335,-0.14009000000000002,-0.0022806,3,-60.0,1.1474,924.25,3
813,665.0,1.0459,-0.048229,-0.09350499999999999,3,-60.5,0.0061359,921.25,3
814,665.25,1.0459,-0.048229,-0.09350499999999999,3,-60.5,3.8764,920.25,3
815,666.0,1.0811,-0.059712,-0.059296,3,-59.5,4.9195,923.25,3
816,666.25,1.0811,-0.059712,-0.059296,3,-60.0,5.2539,922.75,3
817,666.75,1.0342,-0.048229,-0.09350499999999999,3,-60.0,1.175,924.25,3
818,667.0,1.0342,-0.048229,-0.09350499999999999,3,-60.5,0.41571,920.75,3
819,667.25,1.0342,-0.048229,-0.09350499999999999,3,-60.5,0.061359000000000004,921.25,3
820,667.75,1.0342,-0.048229,-0.09350499999999999,3,-60.0,1.445,923.75,3
821,668.25,1.0576,-0.048229,-0.09350499999999999,2,-58.5,5.6696,925.25,3
822,668.5,1.0576,-0.048229,-0.09350499999999999,3,-59.5,1.7994,923.25,3
823,668.75,1.0576,-0.048229,-0.09350499999999999,2,-58.5,5.9534,924.75,3
824,669.5,1.1163,-0.082679,-0.059296,3,-60.5,0.069029,925.75,3
825,669.75,1.1163,-0.082679,-0.059296,3,-60.5,0.42338000000000003,920.75,3
826,670.0,1.1163,-0.082679,-0.059296,3,-60.5,3.8641,920.25,3
827,670.5,1.1163,-0.082679,-0.059296,2,-58.5,5.6849,925.25,3
828,670.75,1.1163,-0.082679,-0.059296,3,-60.0,4.9271,923.25,3
829,671.5,1.1866,-0.12861,-0.013684,3,-59.5,6.0086,921.75,3
830,671.75,1.1866,-0.12861,-0.013684,3,-60.5,0.069029,925.75,3
831,672.0,1.1866,-0.12861,-0.013684,3,-60.5,0.37276,920.75,3
832,672.5,1.3156,-0.18603,0.020525,3,-59.5,1.4603,923.75,3
833,672.75,1.3156,-0.18603,0.020525,3,-60.0,5.5929,922.25,3
834,673.0,1.3156,-0.18603,0.020525,3,-60.5,0.3927,925.25,3
835,673.5,1.3156,-0.18603,0.020525,3,-59.5,5.2708,922.75,3
836,674.0,1.339,-0.18603,0.020525,3,-60.0,1.1689,924.25,3
837,674.25,1.339,-0.18603,0.020525,3,-60.5,0.070563,925.75,3
838,675.5,1.0928,-0.059712,-0.070699,3,-60.5,0.39576999999999996,925.25,3
839,675.75,1.0928,-0.059712,-0.070699,3,-59.5,1.827,923.25,3
840,676.0,1.0928,-0.059712,-0.070699,3,-59.5,5.306,922.75,3
841,676.25,1.0928,-0.059712,-0.070699,3,-60.0,0.79614,924.75,3
842,677.0,1.1514,-0.11713,-0.025087,3,-61.0,0.40344,920.75,3
843,677.25,1.1514,-0.11713,-0.025087,3,-61.0,0.7041,920.25,3
844,677.75,1.1045,-0.07119600000000001,-0.059296,3,-60.0,5.6006,922.25,3
845,678.0,1.1045,-0.07119600000000001,-0.059296,3,-59.5,4.9425,923.25,3
846,678.25,1.1045,-0.07119600000000001,-0.059296,3,-59.5,5.3091,922.75,3
847,678.5,1.1045,-0.07119600000000001,-0.059296,3,-60.0,0.79614,924.75,3
848,678.75,1.1045,-0.07119600000000001,-0.059296,3,-60.0,5.9733,921.75,3
849,679.0,1.1045,-0.07119600000000001,-0.059296,2,-59.0,5.438,925.75,3
850,679.5,1.1749,-0.11713,-0.036489999999999995,3,-60.5,0.018408,921.25,3
851,679.75,1.1749,-0.11713,-0.036489999999999995,3,-60.5,0.69029,920.25,3
852,680.5,1.0928,-0.059712,-0.082102,3,-59.5,4.9502,923.25,3
