,time,frontal,vertical,lateral,id,rssi,phase,freq,label
0,0.0,-0.021106,0.8704200000000001,-0.18473,3,-71.5,5.4426,923.75,4
1,0.95,-0.032831,1.0197,-0.18473,3,-61.0,4.2491,922.25,1
2,2.7,-0.032831,1.0197,-0.18473,3,-59.5,1.7027,921.25,1
3,2.95,0.36583000000000004,0.98526,-0.013684,3,-59.0,1.2824,920.75,1
4,3.2,0.36583000000000004,0.98526,-0.013684,3,-59.5,0.59518,921.75,1
5,4.2,0.27203,0.98526,-0.013684,2,-59.0,4.8274,924.25,1
6,4.45,0.27203,0.98526,-0.013684,3,-64.0,4.6204,924.75,1
7,4.7,0.27203,0.98526,-0.013684,3,-59.0,1.6122,922.75,1
8,5.95,0.6472399999999999,0.6292800000000001,-0.53822,2,-58.0,0.95567,925.25,1
9,6.2,0.6472399999999999,0.6292800000000001,-0.53822,3,-60.0,3.2168,925.25,1
10,6.95,0.52999,0.5489,-0.72067,3,-63.5,1.8316,924.25,1
11,7.2,0.52999,0.5489,-0.72067,2,-48.0,2.2258,922.75,1
12,7.45,0.60034,0.35368,-0.8461,2,-50.5,1.5033,923.75,3
13,7.7,0.68242,0.25033,-0.77769,3,-61.5,6.2663,921.25,3
14,7.95,0.50654,0.31923,-0.8347,2,-50.0,2.166,921.75,3
15,8.2,0.37756,0.28478000000000003,-0.88031,3,-63.5,4.0068,923.25,3
16,67.95,0.45963999999999994,0.25033,-0.96014,3,-59.0,1.0262,924.75,3
17,68.2,0.42446000000000006,0.3422,-0.94873,2,-52.5,1.2011,923.75,3
18,68.45,0.49481,0.42258,-0.8689100000000001,3,-60.5,2.0203,921.25,1
19,68.975,0.72932,0.5489,-0.62945,3,-61.0,2.6722,922.25,1
20,69.2,0.48308999999999996,0.61779,-0.74348,3,-62.0,6.2617,923.25,1
21,69.95,0.44791000000000003,0.6866899999999999,-0.74348,3,-62.5,5.7049,925.75,1
22,70.2,0.44791000000000003,0.6866899999999999,-0.74348,3,-61.5,0.15953,924.75,1
23,70.45,0.44791000000000003,0.6866899999999999,-0.74348,3,-60.5,0.89738,923.75,1
24,71.95,0.40101,0.6866899999999999,-0.8233,3,-60.0,0.46326000000000006,925.25,1
25,72.2,0.47136000000000006,0.5489,-0.74348,3,-58.5,6.2111,920.25,1
26,72.45,0.47136000000000006,0.5489,-0.74348,3,-59.5,0.8835700000000001,924.25,1
27,72.7,0.47136000000000006,0.5489,-0.74348,3,-60.0,0.87744,924.75,1
28,73.2,0.49481,0.81301,-0.4356,3,-60.5,5.5714,921.25,1
29,73.45,0.49481,0.81301,-0.4356,2,-59.0,5.5668,920.75,1
30,73.7,0.49481,0.81301,-0.4356,2,-59.0,0.35435,922.25,1
31,73.95,0.49481,0.81301,-0.4356,3,-61.0,0.34054,923.25,1
32,75.2,0.70587,0.84746,-0.13912,2,-59.5,0.73324,922.75,1
33,75.45,0.70587,0.84746,-0.13912,3,-61.5,0.49241,923.75,1
34,75.95,0.70587,0.84746,-0.13912,3,-61.0,5.8629,920.75,1
35,76.2,0.70587,0.84746,-0.13912,3,-60.5,4.4148,922.25,1
36,77.7,0.70587,0.84746,-0.13912,3,-60.0,0.5476300000000001,922.75,1
37,78.45,0.51826,0.9048700000000001,-0.082102,3,-60.0,2.0402,920.75,1
38,78.95,0.51826,0.9048700000000001,-0.082102,3,-59.5,0.16874,923.25,1
39,79.2,0.51826,0.9048700000000001,-0.082102,3,-60.5,1.6552,925.25,1
40,79.45,0.51826,0.9048700000000001,-0.082102,2,-58.5,4.4117,920.25,1
41,80.2,0.60034,0.9048700000000001,0.031928,3,-59.5,0.1626,922.75,1
42,80.7,0.60034,0.9048700000000001,0.031928,3,-59.0,1.3438,920.75,1
43,80.95,0.60034,0.9048700000000001,0.031928,3,-59.5,0.7179,921.75,1
44,82.45,0.52999,0.93932,0.11175,3,-60.0,4.9333,924.75,1
45,82.7,0.52999,0.93932,0.11175,2,-60.0,1.6552,923.75,1
46,83.2,0.52999,0.93932,0.11175,3,-59.0,4.8106,920.75,1
47,83.7,0.68242,0.8589399999999999,0.031928,3,-61.0,6.0562,923.25,1
48,84.2,0.68242,0.8589399999999999,0.031928,3,-60.0,4.8075,920.25,1
49,84.7,0.68242,0.8589399999999999,0.031928,3,-61.0,2.0555,924.75,1
50,85.2,0.68242,0.8589399999999999,0.031928,3,-61.0,5.9089,923.75,1
51,85.95,0.47136000000000006,0.96229,-0.10490999999999999,3,-59.5,1.0416,921.75,1
52,86.2,0.47136000000000006,0.96229,-0.10490999999999999,3,-61.0,6.1881,923.25,1
53,86.7,0.47136000000000006,0.96229,-0.10490999999999999,3,-59.5,4.7461,920.25,1
54,87.45,0.52999,0.92784,-0.059296,3,-61.5,6.2203,922.75,1
55,87.95,0.52999,0.92784,-0.059296,3,-61.0,0.90045,921.25,1
56,88.2,0.52999,0.92784,-0.059296,2,-59.0,0.33134,921.75,1
57,88.7,0.52999,0.92784,-0.059296,3,-62.0,5.8705,923.25,1
58,89.7,0.67069,0.84746,-0.0022806,2,-60.0,6.1804,922.75,1
59,90.2,0.67069,0.84746,-0.0022806,3,-60.5,1.0048,921.25,1
60,90.45,0.67069,0.84746,-0.0022806,3,-60.5,4.4762,920.75,1
61,90.95,0.67069,0.84746,-0.0022806,2,-59.5,0.15033,922.25,1
62,91.2,0.67069,0.84746,-0.0022806,2,-62.0,4.9716,925.25,1
63,92.45,0.5534399999999999,0.89339,-0.059296,3,-61.5,6.1482,922.75,1
64,92.7,0.5534399999999999,0.89339,-0.059296,3,-61.0,4.0282,921.25,1
65,92.95,0.5534399999999999,0.89339,-0.059296,2,-59.0,0.40957,921.75,1
66,93.45,0.5534399999999999,0.89339,-0.059296,3,-61.5,0.33287,922.25,1
67,93.95,0.5534399999999999,0.89339,-0.059296,3,-60.5,4.5667,920.25,1
68,94.7,0.5534399999999999,0.89339,-0.059296,2,-61.0,5.2002,924.75,1
69,95.45,0.57689,0.89339,-0.059296,3,-61.0,4.2476,920.75,1
70,95.7,0.57689,0.89339,-0.059296,2,-59.0,0.15033,922.25,1
71,96.2,0.57689,0.89339,-0.059296,2,-62.0,5.0913,925.25,1
72,96.7,0.57689,0.89339,-0.059296,3,-62.5,5.2829999999999995,924.25,1
73,97.45,0.57689,0.89339,-0.059296,3,-62.0,5.5285,923.75,1
74,98.2,0.54171,0.9163600000000001,-0.082102,3,-62.0,0.28225,922.25,1
75,98.95,0.54171,0.9163600000000001,-0.082102,3,-64.0,1.3162,925.75,1
76,99.7,0.54171,0.9163600000000001,-0.082102,3,-62.0,5.6236,923.75,1
77,100.7,0.60034,0.8819100000000001,-0.070699,2,-59.5,0.13499,922.25,1
78,101.7,0.60034,0.8819100000000001,-0.070699,3,-62.5,2.1936,924.25,1
79,102.2,0.60034,0.8819100000000001,-0.070699,3,-62.5,5.6312,923.75,1
80,102.7,0.60034,0.8819100000000001,-0.070699,3,-61.5,4.2675,920.75,1
81,103.2,0.60034,0.8819100000000001,-0.070699,3,-62.0,0.19788,922.25,1
82,104.45,0.56517,0.89339,-0.059296,3,-62.0,0.030680000000000002,922.75,1
83,104.95,0.56517,0.89339,-0.059296,3,-61.5,0.8759,921.25,1
84,105.45,0.56517,0.89339,-0.059296,3,-61.5,0.54456,921.75,1
85,105.7,0.56517,0.89339,-0.059296,3,-61.5,5.8291,923.25,1
86,106.45,0.56517,0.89339,-0.059296,2,-63.0,4.9946,925.75,1
87,106.95,0.56517,0.89339,-0.059296,2,-60.0,0.18101,922.75,1
88,107.7,0.60034,0.8819100000000001,-0.070699,2,-59.0,0.51849,921.75,1
89,107.95,0.60034,0.8819100000000001,-0.070699,2,-60.0,0.2255,922.25,1
90,108.95,0.60034,0.8819100000000001,-0.070699,3,-61.5,2.0601,924.25,1
91,109.45,0.60034,0.8819100000000001,-0.070699,3,-61.0,0.0061359,922.75,1
92,109.7,0.60034,0.8819100000000001,-0.070699,3,-60.0,1.1351,921.25,1
93,110.45,0.51826,0.9163600000000001,-0.11631,2,-59.5,0.3114,922.25,1
94,111.95,0.52999,0.89339,-0.10490999999999999,3,-61.0,5.5883,923.75,1
95,112.2,0.52999,0.89339,-0.10490999999999999,2,-58.5,0.73324,921.25,1
96,112.45,0.52999,0.89339,-0.10490999999999999,3,-60.5,1.3453,920.75,1
97,112.7,0.52999,0.89339,-0.10490999999999999,3,-60.5,0.39576999999999996,922.25,1
98,113.45,0.52999,0.89339,-0.10490999999999999,3,-60.5,4.6986,920.25,1
99,113.95,0.52999,0.89339,-0.10490999999999999,3,-62.5,1.7395,924.75,1
100,114.95,0.67069,0.8704200000000001,-0.047893,2,-59.5,0.5706399999999999,921.75,1
101,115.45,0.67069,0.8704200000000001,-0.047893,3,-61.5,6.1144,923.25,1
102,115.95,0.67069,0.8704200000000001,-0.047893,3,-59.5,4.9946,920.25,1
103,116.45,0.67069,0.8704200000000001,-0.047893,3,-61.0,1.8761,924.75,1
104,116.7,0.67069,0.8704200000000001,-0.047893,2,-61.0,5.7616,923.75,1
105,117.95,0.70587,0.8359700000000001,-0.025087,3,-60.5,5.8383,923.25,1
106,118.45,0.70587,0.8359700000000001,-0.025087,3,-62.5,1.2839,925.75,1
107,119.2,0.70587,0.8359700000000001,-0.025087,2,-60.0,0.0061359,922.75,1
108,119.7,0.63552,0.8704200000000001,-0.070699,3,-61.0,0.68262,921.75,1
109,120.2,0.63552,0.8704200000000001,-0.070699,2,-60.0,0.12579,922.25,1
110,121.45,0.7527699999999999,0.81301,-0.025087,2,-60.0,0.07976699999999999,922.75,1
111,121.95,0.7527699999999999,0.81301,-0.025087,3,-63.0,1.2103,920.75,1
112,122.7,0.7527699999999999,0.81301,-0.025087,3,-62.0,6.1451,923.25,1
113,123.7,0.7527699999999999,0.81301,-0.025087,3,-66.5,5.912000000000001,924.75,1
114,125.7,0.56517,0.81301,-0.33297,2,-59.5,0.10737999999999999,920.25,1
115,126.7,0.56517,0.81301,-0.33297,3,-63.5,5.2139999999999995,923.75,1
116,126.95,0.56517,0.81301,-0.33297,3,-63.0,1.7211,920.75,1
117,132.2,0.29548,0.96229,-0.059296,3,-63.0,5.5668,922.25,1
118,132.95,0.29548,0.96229,-0.059296,2,-58.5,1.3085,920.25,1
119,133.2,0.29548,0.96229,-0.059296,3,-67.0,4.2936,925.75,1
120,133.7,0.62379,0.9163600000000001,-0.12771,3,-60.0,0.064427,922.75,1
121,133.95,0.62379,0.9163600000000001,-0.12771,3,-61.0,5.5361,923.75,1
122,134.2,0.62379,0.9163600000000001,-0.12771,3,-59.0,0.9127200000000001,921.25,1
123,134.45,0.42446000000000006,0.95081,-0.10490999999999999,3,-63.5,4.4347,920.75,1
124,134.7,0.42446000000000006,0.95081,-0.10490999999999999,2,-64.5,0.54456,923.25,1
125,135.7,0.13132,0.9163600000000001,-0.09350499999999999,3,-61.5,0.61666,924.25,1
126,136.45,0.44791000000000003,0.99674,-0.09350499999999999,3,-64.0,5.4809,921.25,1
127,136.7,0.44791000000000003,0.99674,-0.09350499999999999,3,-62.0,2.459,920.75,1
128,137.2,0.18995,1.0656,-0.15052000000000001,3,-61.5,5.6404,923.25,1
129,137.7,0.18995,1.0656,-0.15052000000000001,3,-59.0,1.9205,920.25,1
130,138.2,0.014071,1.0427,0.031928,2,-60.5,5.6082,924.25,1
131,139.2,0.2603,1.0082,-0.09350499999999999,3,-59.5,6.0623,920.75,1
132,139.45,0.2603,1.0082,-0.09350499999999999,3,-60.5,5.5315,921.75,1
133,140.2,0.17823,0.99674,-0.09350499999999999,3,-59.5,0.65961,920.25,1
134,146.45,0.27203,0.97377,-0.082102,3,-66.0,1.0723,920.75,4
135,147.45,0.27203,0.97377,-0.082102,1,-49.5,4.3580000000000005,920.25,4
136,147.7,0.060972000000000005,1.1116,-0.059296,1,-55.5,6.0454,925.75,4
137,149.95,0.084423,1.0427,-0.15052000000000001,1,-50.0,6.1651,920.25,4
138,152.2,0.34238,0.98526,-0.082102,1,-52.5,3.634,920.25,4
139,313.95,0.49481,0.89339,0.031928,3,-60.5,1.7794,921.25,1
140,314.7,0.34238,0.9163600000000001,0.020525,3,-63.0,1.0078,922.25,1
141,315.2,0.34238,0.9163600000000001,0.020525,3,-59.5,2.2411,920.25,1
142,316.7,0.2603,0.99674,-0.16192,3,-59.0,0.12272000000000001,921.25,1
143,316.95,0.28376,0.98526,-0.31016,3,-59.5,5.2708,921.75,1
144,317.23,0.28376,0.98526,-0.31016,3,-58.5,5.4963,922.25,1
145,317.7,0.30721,0.72114,-0.6864600000000001,3,-59.0,5.2247,925.25,1
146,318.95,0.65897,0.5489,-0.67506,2,-50.0,4.8765,921.25,1
147,319.2,0.36583000000000004,0.56038,-0.78909,2,-48.0,4.6572,920.75,1
148,319.23,0.36583000000000004,0.56038,-0.78909,2,-48.0,4.648,920.75,1
149,319.3,0.49481,0.52593,-0.78909,3,-58.5,1.1229,921.75,1
150,319.45,0.49481,0.52593,-0.78909,2,-49.0,3.9531,921.75,1
151,319.48,0.49481,0.56038,-0.7662800000000001,2,-49.5,3.4622,922.25,1
152,319.55,0.49481,0.56038,-0.7662800000000001,2,-49.0,3.4269,922.25,1
153,319.7,0.49481,0.56038,-0.7662800000000001,2,-49.0,0.1626,922.25,1
154,319.73,0.45963999999999994,0.48,-0.8233,3,-62.0,5.9058,922.25,1
155,319.78,0.45963999999999994,0.48,-0.8233,3,-63.5,0.98021,923.25,1
156,319.95,0.45963999999999994,0.48,-0.8233,2,-52.5,1.0247,925.25,1
157,320.2,0.49481,0.33071999999999996,-0.90312,2,-46.0,2.9698,920.25,3
158,320.23,0.47136000000000006,0.21588000000000002,-0.97154,2,-48.5,2.7474,920.25,3
159,320.45,0.47136000000000006,0.21588000000000002,-0.97154,3,-61.0,5.9273,925.75,3
160,533.2,0.6472399999999999,0.12402,-0.88031,2,-50.5,0.54456,920.75,3
161,533.23,0.6472399999999999,0.12402,-0.88031,2,-50.0,0.6274,920.75,3
162,534.2,0.43618999999999997,0.33071999999999996,-0.7662800000000001,2,-53.5,0.7025600000000001,920.25,3
163,534.7,0.77622,-0.0022965999999999998,-0.8119,3,-61.5,5.8229999999999995,924.25,3
