,time,frontal,vertical,lateral,id,rssi,phase,freq,label
0,0.0,0.025796,1.0082,0.077541,3,-60.0,2.5142,922.25,4
1,1.5,0.2134,0.96229,-0.070699,2,-59.0,3.8442,924.75,4
2,2.25,0.2134,0.96229,-0.070699,3,-66.5,1.2287,920.75,4
3,2.75,0.2134,0.96229,-0.070699,2,-59.5,4.7185,923.25,4
4,3.75,0.14305,0.84746,-0.0022806,2,-65.0,5.5423,924.75,4
5,5.0,-0.25561,1.0082,-0.059296,3,-63.0,5.9472,922.25,1
6,6.5,0.33066,0.93932,-0.025087,2,-60.0,5.7402,922.75,1
7,7.25,0.33066,0.93932,-0.025087,3,-63.5,0.08897100000000001,920.75,1
8,7.5,0.33066,0.93932,-0.025087,3,-64.5,1.0753,923.25,1
9,9.0,-0.0093803,0.98526,-0.11631,2,-60.0,5.1987,922.75,1
10,9.25,-0.0093803,0.98526,-0.11631,3,-63.0,1.1336,921.25,1
11,9.5,-0.0093803,0.98526,-0.11631,3,-60.5,1.063,920.75,1
12,9.75,0.084423,0.99674,-0.42418999999999996,2,-53.0,2.5587,921.75,1
13,10.5,0.33066,0.7096600000000001,-0.75488,3,-60.0,5.5392,925.25,1
14,10.75,0.29548,0.69818,-0.78909,3,-64.0,0.57524,925.75,1
15,11.0,0.29548,0.69818,-0.78909,3,-63.0,3.9884,924.25,1
16,11.25,0.43618999999999997,0.56038,-0.72067,2,-51.5,0.029146,922.75,1
17,11.5,0.68242,0.37665,-0.8917200000000001,3,-63.0,0.84216,923.75,1
18,11.75,0.68242,0.37665,-0.8917200000000001,2,-46.0,3.5205,921.25,1
19,12.0,0.45963999999999994,0.28478000000000003,-0.8461,3,-59.0,1.6598,920.75,3
20,12.075,0.45963999999999994,0.28478000000000003,-0.8461,2,-47.5,4.1126,920.75,3
21,12.125,0.43618999999999997,0.25033,-0.9259299999999999,3,-63.5,4.4716,921.75,3
22,12.25,0.43618999999999997,0.25033,-0.9259299999999999,3,-68.0,6.231,922.25,3
23,13.75,0.33066,0.05511900000000001,-1.0057,3,-59.5,6.0868,922.75,3
24,14.0,0.43618999999999997,0.19292,-1.0172,2,-51.5,2.0126,923.75,3
25,14.1,0.43618999999999997,0.19292,-1.0172,3,-60.0,5.507000000000001,923.75,3
26,14.125,0.43618999999999997,0.19292,-1.0172,3,-61.5,1.1965,921.25,3
27,141.0,0.44791000000000003,0.25033,-1.0172,3,-60.5,1.3361,920.75,3
28,141.08,0.44791000000000003,0.26182,-0.9829399999999999,2,-47.5,5.0223,921.75,3
29,141.25,0.38928,0.2733,-1.0172,3,-62.5,0.16874,922.25,3
30,141.5,0.38928,0.2733,-1.0172,3,-62.5,6.0531,923.25,3
31,141.6,0.38928,0.2733,-1.0172,3,-64.0,5.1112,925.25,3
32,141.75,0.38928,0.2733,-1.0172,2,-46.5,6.1329,920.25,3
33,141.83,0.51826,0.12402,-0.9829399999999999,3,-59.0,5.0775,920.25,3
34,142.25,0.49481,-0.0022965999999999998,-0.9145200000000001,2,-54.5,0.2439,925.75,3
35,142.35,0.49481,-0.0022965999999999998,-0.9145200000000001,2,-50.5,0.89584,924.25,3
36,142.38,0.49481,-0.0022965999999999998,-0.9145200000000001,2,-51.5,0.92806,924.25,3
37,142.5,0.42446000000000006,0.35368,-0.97154,3,-63.0,4.2353,924.75,3
38,142.75,0.41273000000000004,0.11254000000000002,-0.94873,3,-59.5,4.8412,922.75,3
39,142.83,0.41273000000000004,0.11254000000000002,-0.94873,3,-62.0,0.84983,923.75,3
40,143.0,0.41273000000000004,0.11254000000000002,-0.94873,2,-52.5,1.5079,923.75,3
41,143.08,0.63552,0.16995,-0.8347,3,-60.5,5.2829999999999995,921.25,3
42,143.25,0.7176,0.30775,-0.8119,3,-61.0,5.6681,920.75,3
43,143.5,0.61207,-0.10565,-0.67506,2,-52.5,0.030680000000000002,921.75,3
44,143.58,0.61207,-0.10565,-0.67506,3,-66.0,5.2554,921.75,3
45,143.75,0.61207,-0.10565,-0.67506,3,-65.0,5.099,922.25,3
46,144.5,0.9990100000000001,0.38813000000000003,-0.72067,3,-64.0,4.5835,920.25,1
47,145.25,0.9990100000000001,0.38813000000000003,-0.72067,3,-66.5,5.1312,923.75,1
48,146.75,1.2101,-0.15158,-0.17332999999999998,3,-68.0,0.92806,920.25,1
49,148.25,1.0459,0.3422,-0.25315,3,-58.5,5.53,920.75,1
50,148.75,0.70587,0.60631,-0.56103,2,-53.5,0.8621,922.25,1
51,149.25,0.47136000000000006,0.79004,-0.5496300000000001,2,-53.5,5.7908,920.25,1
52,150.0,0.52999,0.84746,-0.31016,2,-55.5,1.4956,922.75,1
53,150.08,0.52999,0.84746,-0.31016,3,-61.0,0.30833,922.75,1
54,150.25,0.52999,0.84746,-0.31016,3,-62.0,4.7078,921.25,1
55,153.0,0.37756,0.96229,0.0091224,3,-67.5,5.7601,920.75,1
56,156.0,0.29548,0.98526,-0.025087,3,-62.5,0.90505,922.25,1
57,157.25,0.29548,0.98526,-0.025087,2,-59.5,5.7908,922.75,1
58,161.25,0.15478,1.0427,-0.12771,3,-60.0,0.29299000000000003,925.25,4
59,161.5,0.060972000000000005,1.0197,-0.19613,2,-67.5,5.6481,925.75,4
60,166.25,0.37756,0.99674,0.077541,1,-51.5,2.0709,920.25,4
61,166.75,0.072698,1.0197,-0.17332999999999998,1,-54.5,4.3258,924.25,4
62,167.0,0.10787000000000001,0.96229,-0.025087,1,-54.0,6.2264,922.75,4
63,167.5,0.2603,0.9048700000000001,0.054735,1,-52.5,0.25924,921.25,4
64,167.58,0.2603,0.9048700000000001,0.054735,1,-52.5,0.18254,921.25,4
65,167.75,0.025796,1.0427,-0.047893,1,-52.5,0.084369,920.75,4
66,167.83,0.025796,1.0427,-0.047893,1,-52.5,2.4605,921.75,4
67,168.0,-0.032831,1.1575,-0.11631,1,-53.0,2.0601,922.25,4
68,168.25,0.15478,0.97377,-0.10490999999999999,1,-54.0,1.0554,923.25,4
69,175.5,0.5534399999999999,0.9048700000000001,0.0091224,1,-61.0,5.5315,923.25,2
70,180.0,0.5534399999999999,0.9048700000000001,0.0091224,1,-60.5,6.2433,921.75,2
71,185.25,0.5534399999999999,0.9048700000000001,0.0091224,1,-62.0,5.3183,923.25,2
72,192.5,0.5534399999999999,0.9048700000000001,0.0091224,1,-62.0,5.4763,923.25,2
73,201.75,0.5534399999999999,0.9048700000000001,0.0091224,1,-60.5,0.27458,921.75,2
74,405.75,0.096148,1.0197,-0.070699,3,-58.5,0.8743700000000001,923.75,4
75,406.5,0.060972000000000005,1.0656,-0.036489999999999995,2,-60.0,5.7724,922.25,4
76,411.0,0.049247000000000006,0.97377,0.043332,2,-58.5,5.757000000000001,921.25,1
77,411.25,0.049247000000000006,0.97377,0.043332,3,-65.5,1.2471,921.75,1
78,411.75,0.2134,0.99674,0.0091224,2,-59.0,1.2747,923.25,1
79,412.25,0.2134,0.99674,0.0091224,3,-61.0,2.0433,920.25,1
80,413.0,0.2134,0.99674,0.0091224,2,-60.0,4.3688,922.75,1
81,413.25,0.2134,0.99674,0.0091224,3,-63.5,1.264,921.25,1
82,413.75,0.17823,0.99674,-0.025087,3,-62.5,0.73017,921.75,1
83,415.0,0.22513000000000002,0.93932,-0.42418999999999996,3,-59.5,1.0063,924.25,1
84,415.25,0.22513000000000002,0.93932,-0.42418999999999996,3,-62.0,4.875,924.75,1
85,415.5,0.44791000000000003,0.51445,-0.8461,2,-49.5,3.8043,923.75,1
86,415.75,0.5534399999999999,0.51445,-0.8917200000000001,2,-49.5,3.3456,923.75,1
87,415.85,0.5534399999999999,0.51445,-0.8917200000000001,2,-46.0,4.5513,921.25,1
88,415.88,0.40101,0.57186,-0.8119,3,-59.5,0.87744,921.25,1
89,416.25,0.70587,0.36516,-0.77769,3,-62.0,5.5822,922.25,1
90,416.5,0.70587,0.36516,-0.77769,2,-49.0,0.018408,922.25,1
91,417.0,0.65897,0.49148000000000003,-0.65225,2,-47.5,4.1862,920.25,1
92,417.08,0.60034,0.44555,-0.72067,3,-59.5,0.68262,920.25,1
93,417.13,0.60034,0.44555,-0.72067,3,-66.0,3.0634,925.75,1
94,417.25,0.60034,0.44555,-0.72067,3,-65.5,0.018408,924.25,1
95,418.5,-0.24389,0.30775,-1.0742,3,-68.5,2.6078,921.75,3
96,439.0,0.38928,0.35368,-0.9829399999999999,2,-57.5,0.74551,925.75,3
97,439.75,0.31893,0.84746,-0.6864600000000001,3,-61.5,0.41571,922.75,3
98,440.25,0.23685,0.80152,-0.70927,3,-60.5,5.4456,920.75,3
99,441.0,0.38928,0.61779,-0.94873,3,-62.0,1.5953,925.25,3
100,441.25,0.38928,0.61779,-0.94873,2,-48.5,3.4039,920.25,3
101,441.33,0.38928,0.61779,-0.94873,2,-48.0,0.2439,920.25,3
102,441.5,0.47136000000000006,0.30775,-0.9373299999999999,2,-47.0,0.12885,920.25,3
103,441.58,0.47136000000000006,0.30775,-0.9373299999999999,2,-47.0,0.070563,920.25,3
104,441.75,0.78795,0.078086,-0.8233,2,-51.0,0.88971,924.25,3
105,441.83,0.78795,0.078086,-0.8233,2,-51.0,0.76546,924.25,3
106,442.0,0.35411,0.19292,-0.88031,3,-60.5,5.9549,924.75,3
107,442.08,0.35411,0.19292,-0.88031,2,-52.5,0.37889,924.75,3
108,442.25,0.49481,0.25033,-0.9259299999999999,2,-49.0,1.3361,922.75,3
109,442.33,0.56517,0.23885,-0.9373299999999999,2,-51.0,0.8467600000000001,923.75,3
110,442.75,0.68242,0.14698,-0.8347,3,-57.5,4.3289,921.75,3
111,443.0,0.68242,0.14698,-0.8347,2,-48.0,1.9129,921.75,3
112,443.25,0.47136000000000006,0.25033,-0.9373299999999999,2,-48.5,1.6674,922.25,3
113,443.33,0.47136000000000006,0.25033,-0.9373299999999999,2,-48.5,1.6782,922.25,3
114,443.35,0.5534399999999999,0.23885,-0.9373299999999999,3,-59.5,0.35435,923.25,3
115,443.5,0.5534399999999999,0.23885,-0.9373299999999999,3,-59.5,0.35588000000000003,923.25,3
116,443.58,0.5534399999999999,0.23885,-0.9373299999999999,3,-61.5,5.5668,925.25,3
117,443.75,0.50654,0.23885,-0.90312,2,-46.5,5.9043,920.25,3
118,443.85,0.50654,0.23885,-0.90312,2,-46.5,2.7688,920.25,3
119,444.0,0.47136000000000006,0.22737,-0.96014,3,-62.5,5.3091,925.75,3
120,444.25,0.65897,0.19292,-0.85751,3,-61.0,5.7877,924.75,3
121,444.5,0.65897,0.19292,-0.85751,2,-50.0,1.3959,922.75,3
122,444.75,0.52999,0.25033,-0.9259299999999999,3,-60.0,0.036816,923.75,3
123,445.0,0.52999,0.25033,-0.9259299999999999,2,-48.0,2.169,921.25,3
124,445.25,0.61207,0.23885,-0.8917200000000001,2,-47.0,5.6358,920.75,3
125,445.35,0.77622,0.10105,-0.8233,2,-48.5,1.9727,921.75,3
126,445.38,0.77622,0.10105,-0.8233,2,-48.0,1.9896,921.75,3
127,445.5,0.8583,0.078086,-0.78909,2,-48.0,2.0034,921.75,3
128,445.6,0.47136000000000006,0.21588000000000002,-0.9373299999999999,2,-49.0,1.7303,922.25,3
129,445.63,0.47136000000000006,0.21588000000000002,-0.9373299999999999,2,-49.0,1.7395,922.25,3
130,445.75,0.47136000000000006,0.22737,-0.9259299999999999,3,-59.5,0.36969,923.25,3
131,446.5,0.50654,0.25033,-0.9259299999999999,2,-52.5,0.77159,924.25,3
132,446.6,0.50654,0.25033,-0.9259299999999999,3,-60.0,5.9534,924.25,3
133,447.0,0.58862,0.26182,-0.90312,3,-61.0,5.6757,924.75,3
134,447.08,0.58862,0.26182,-0.90312,2,-50.0,1.4021,922.75,3
135,447.25,0.48308999999999996,0.25033,-0.9259299999999999,2,-52.0,0.91425,923.75,3
136,447.33,0.48308999999999996,0.25033,-0.9259299999999999,3,-60.0,6.1835,923.75,3
137,447.5,0.87003,0.11254000000000002,-0.77769,2,-48.0,2.1430000000000002,921.25,3
138,447.75,0.48308999999999996,0.25033,-0.9373299999999999,2,-49.0,1.7334,921.75,3
139,448.0,0.52999,0.23885,-0.9259299999999999,2,-50.0,1.4803,922.25,3
140,448.25,0.49481,0.2733,-0.9259299999999999,3,-60.0,0.13499,923.25,3
141,448.5,0.8114,0.14698,-0.8004899999999999,2,-47.0,2.6630000000000003,920.25,3
142,448.58,0.8114,0.14698,-0.8004899999999999,2,-47.0,2.6584,920.25,3
143,448.75,0.43618999999999997,0.28478000000000003,-0.96014,3,-62.5,5.3827,925.75,3
144,449.0,0.43618999999999997,0.28478000000000003,-0.96014,2,-51.0,0.55377,924.25,3
145,449.1,0.5534399999999999,0.30775,-0.90312,3,-60.5,0.43258,924.25,3
146,449.25,0.5534399999999999,0.30775,-0.90312,2,-51.5,0.21322,924.75,3
147,449.5,0.44791000000000003,0.29627,-1.0514,2,-47.5,1.2839,922.75,3
148,449.58,0.45963999999999994,0.30775,-0.9373299999999999,2,-50.0,0.85596,923.75,3
149,449.75,0.45963999999999994,0.30775,-0.9373299999999999,2,-49.5,0.8881700000000001,923.75,3
150,449.83,0.45963999999999994,0.30775,-0.9373299999999999,2,-50.5,0.83449,923.75,3
151,449.88,0.44791000000000003,0.22737,-0.97154,2,-48.0,2.0678,921.25,3
152,450.0,0.43618999999999997,0.19292,-0.94873,2,-48.0,2.0433,921.25,3
153,450.25,0.43618999999999997,0.19292,-0.97154,2,-47.5,1.8147,921.75,3
154,450.33,0.37756,0.19292,-0.97154,3,-60.0,0.58138,921.75,3
155,450.5,0.37756,0.19292,-0.97154,2,-51.0,1.6981,922.25,3
156,451.0,0.37756,0.21588000000000002,-0.99434,3,-62.5,4.9609,925.25,3
157,451.5,0.31893,0.26182,-1.0172,3,-68.5,5.3014,924.25,3
158,452.25,0.15478,0.28478000000000003,-0.96014,3,-68.0,3.8165,921.25,3
159,453.5,0.35411,0.21588000000000002,-1.0057,3,-70.0,0.30219,920.25,3
160,455.0,0.096148,0.2733,-1.1654,3,-68.5,5.7371,920.75,3
161,455.25,0.096148,0.2733,-1.1654,3,-69.0,1.9436,922.25,3
162,456.0,0.31893,0.22737,-0.9373299999999999,3,-65.5,6.1957,920.25,3
163,456.5,0.31893,0.22737,-0.9373299999999999,3,-69.5,0.7179,924.75,3
164,457.25,0.1196,0.38813000000000003,-1.0172,3,-66.0,2.752,920.75,3
165,457.5,0.1196,0.38813000000000003,-1.0172,3,-66.5,2.3194,921.75,3
166,458.0,0.049247000000000006,0.39960999999999997,-1.04,3,-67.5,1.5923,923.25,3
167,458.25,0.049247000000000006,0.39960999999999997,-1.04,2,-53.0,1.534,920.25,3
168,458.5,0.049247000000000006,0.39960999999999997,-1.04,3,-65.0,0.033748,920.25,3
169,459.25,0.14305,0.35368,-1.0172,3,-66.5,4.9793,922.75,3
170,459.75,0.23685,0.31923,-0.97154,2,-53.0,1.2747,920.75,3
171,459.83,0.23685,0.31923,-0.97154,2,-53.0,1.2793,920.75,3
172,460.25,0.10787000000000001,0.39960999999999997,-1.0172,2,-54.0,0.58905,922.25,3
173,460.5,0.14305,0.36516,-1.0057,3,-68.5,0.5645,925.25,3
174,460.75,0.14305,0.36516,-1.0057,2,-52.5,1.514,920.25,3
175,461.25,0.1196,0.37665,-1.0286,3,-67.5,1.0815,924.25,3
176,461.5,0.1196,0.37665,-1.0286,3,-66.0,4.9778,922.75,3
177,462.0,0.1196,0.37665,-1.0286,2,-53.0,1.0247,921.25,3
178,462.25,0.23685,0.31923,-0.96014,3,-64.5,5.9871,920.75,3
179,462.5,0.23685,0.31923,-0.96014,3,-65.0,5.4639999999999995,921.75,3
180,463.0,0.10787000000000001,0.38813000000000003,-1.0286,3,-69.5,0.46633,925.25,3
181,463.5,0.084423,0.4111,-1.0286,3,-68.0,0.9970899999999999,924.25,3
182,464.0,0.084423,0.4111,-1.0286,3,-68.5,0.69489,924.75,3
183,464.25,0.084423,0.4111,-1.0286,3,-67.5,1.2533,923.75,3
184,464.75,0.014071,0.39960999999999997,-1.0514,3,-65.0,5.9703,920.75,3
185,465.0,0.014071,0.39960999999999997,-1.0514,3,-66.0,5.1803,922.25,3
186,465.75,0.18995,0.3422,-0.9829399999999999,3,-64.5,6.2617,920.25,3
187,466.5,0.10787000000000001,0.37665,-1.0286,3,-66.5,1.8316,922.75,3
188,466.75,0.10787000000000001,0.37665,-1.0286,3,-67.5,1.3392,923.75,3
189,467.0,0.10787000000000001,0.37665,-1.0286,3,-65.5,5.7785,921.25,3
190,467.25,0.10787000000000001,0.37665,-1.0286,2,-53.0,1.2563,920.75,3
191,467.5,0.15478,0.36516,-1.0057,3,-65.5,5.1434,922.25,3
192,468.0,0.1196,0.38813000000000003,-1.0172,3,-64.0,6.2632,920.25,3
193,469.0,0.10787000000000001,0.39960999999999997,-1.0286,3,-66.0,1.7625,922.75,3
194,469.25,0.10787000000000001,0.39960999999999997,-1.0286,3,-67.0,1.2655,923.75,3
195,469.5,0.10787000000000001,0.39960999999999997,-1.0286,2,-53.0,1.2533,920.75,3
196,469.58,0.10787000000000001,0.39960999999999997,-1.0286,2,-53.0,1.2563,920.75,3
197,470.0,0.014071,0.38813000000000003,-1.0514,3,-65.5,5.1634,922.25,3
198,470.25,0.014071,0.38813000000000003,-1.0514,3,-69.0,0.45558999999999994,925.25,3
199,471.0,0.15478,0.35368,-1.0172,3,-67.5,1.0002,924.25,3
200,471.75,0.2603,0.30775,-0.96014,2,-53.5,0.9940200000000001,921.25,3
201,471.83,0.2603,0.30775,-0.96014,3,-65.0,5.6681,921.25,3
202,472.25,0.33066,0.29627,-0.9373299999999999,3,-66.0,5.0821,922.25,3
203,473.0,0.2603,0.30775,-0.94873,2,-52.0,1.4680000000000002,920.25,3
204,474.25,0.10787000000000001,0.39960999999999997,-1.0286,2,-53.5,0.97254,921.25,3
205,474.5,0.084423,0.39960999999999997,-1.0286,3,-64.0,5.8598,920.75,3
206,474.6,0.084423,0.39960999999999997,-1.0286,2,-53.5,0.7148399999999999,921.75,3
207,475.25,0.1665,0.36516,-0.99434,3,-63.5,6.1835,920.25,3
208,476.0,0.096148,0.39960999999999997,-1.04,3,-68.0,0.61666,924.75,3
209,476.75,0.14305,0.36516,-1.0057,2,-53.0,1.0032,921.25,3
210,476.83,0.14305,0.36516,-1.0057,2,-53.0,0.99095,921.25,3
211,477.0,0.072698,0.39960999999999997,-1.0286,2,-52.5,1.2364,920.75,3
212,477.08,0.072698,0.39960999999999997,-1.0286,2,-53.5,0.75165,921.75,3
213,477.25,0.15478,0.35368,-1.0057,3,-65.5,1.9343,922.25,3
214,477.5,0.15478,0.35368,-1.0057,3,-66.5,1.4205,923.25,3
215,477.75,0.15478,0.35368,-1.0057,2,-52.5,1.4404,920.25,3
216,477.83,0.15478,0.35368,-1.0057,3,-63.5,6.2004,920.25,3
217,478.5,0.1196,0.37665,-1.0172,3,-68.5,0.65654,924.75,3
218,479.25,0.34238,0.2733,-0.9259299999999999,2,-52.5,1.2364,920.75,3
219,479.5,0.34238,0.2733,-0.9259299999999999,3,-65.0,5.329,921.75,3
220,480.0,0.2603,0.29627,-0.96014,2,-54.5,0.033748,923.25,3
221,480.25,0.10787000000000001,0.37665,-1.0286,2,-52.0,1.4956,920.25,3
222,480.33,0.10787000000000001,0.37665,-1.0286,2,-52.0,1.4757,920.25,3
223,481.25,0.1665,0.35368,-0.9829399999999999,3,-67.0,1.2057,923.75,3
224,481.75,0.025796,0.39960999999999997,-1.04,2,-52.5,1.198,920.75,3
225,481.83,0.025796,0.39960999999999997,-1.04,3,-64.0,5.8644,920.75,3
226,482.5,0.037521,0.39960999999999997,-1.04,3,-69.0,0.38195999999999997,925.25,3
227,482.75,0.037521,0.39960999999999997,-1.04,2,-52.0,1.4266,920.25,3
228,484.0,0.072698,0.38813000000000003,-1.04,2,-52.5,0.99095,921.25,3
229,484.1,0.072698,0.38813000000000003,-1.04,3,-64.5,5.8905,920.75,3
230,484.5,0.014071,0.39960999999999997,-1.0514,2,-53.5,0.74551,921.75,3
231,484.58,0.014071,0.39960999999999997,-1.0514,3,-65.5,5.1082,922.25,3
232,485.0,0.096148,0.37665,-1.04,2,-52.0,1.4680000000000002,920.25,3
233,485.08,0.096148,0.37665,-1.04,3,-63.5,6.2188,920.25,3
234,485.75,0.37756,0.26182,-0.9145200000000001,3,-68.0,0.6381399999999999,924.75,3
235,486.0,0.37756,0.26182,-0.9145200000000001,3,-66.0,1.7027,922.75,3
236,486.25,0.37756,0.26182,-0.9145200000000001,2,-53.0,0.95414,921.25,3
237,486.5,0.29548,0.29627,-0.9373299999999999,2,-52.5,1.2011,920.75,3
238,486.75,0.29548,0.29627,-0.9373299999999999,3,-63.5,5.8506,920.75,3
239,486.83,0.29548,0.29627,-0.9373299999999999,2,-53.5,0.71023,921.75,3
240,487.0,0.10787000000000001,0.38813000000000003,-1.0057,3,-66.5,1.4082,923.25,3
241,487.5,0.10787000000000001,0.38813000000000003,-1.0057,3,-64.5,6.1329,920.25,3
242,488.25,0.37756,0.25033,-0.9259299999999999,3,-68.5,0.71023,924.75,3
243,488.5,0.37756,0.25033,-0.9259299999999999,3,-66.0,4.8643,922.75,3
244,488.75,0.37756,0.25033,-0.9259299999999999,2,-53.0,0.99555,921.25,3
245,489.0,0.014071,0.39960999999999997,-1.0628,2,-52.5,1.2241,920.75,3
246,489.25,0.072698,0.38813000000000003,-1.0514,3,-65.0,5.415,921.75,3
247,489.75,0.35411,0.26182,-0.9259299999999999,3,-68.5,0.44485,925.25,3
248,490.0,0.35411,0.26182,-0.9259299999999999,2,-52.0,1.4527,920.25,3
249,490.5,0.096148,0.39960999999999997,-1.0172,3,-67.0,0.98021,924.25,3
250,490.75,0.096148,0.39960999999999997,-1.0172,3,-65.5,4.8965,922.75,3
251,491.25,0.10787000000000001,0.38813000000000003,-1.0172,3,-64.0,5.7033,921.25,3
252,491.5,0.10787000000000001,0.38813000000000003,-1.0172,3,-64.0,5.9795,920.75,3
253,492.0,0.10787000000000001,0.38813000000000003,-1.04,3,-65.0,5.1342,922.25,3
254,492.25,0.10787000000000001,0.38813000000000003,-1.04,3,-68.5,0.40497,925.25,3
255,492.5,0.10787000000000001,0.38813000000000003,-1.04,3,-63.0,6.254,920.25,3
256,493.25,0.35411,0.26182,-0.9259299999999999,3,-67.5,0.65961,924.75,3
257,493.5,0.35411,0.26182,-0.9259299999999999,3,-66.5,1.2195,923.75,3
258,493.75,0.35411,0.26182,-0.9259299999999999,2,-53.0,0.96334,921.25,3
259,494.0,0.072698,0.39960999999999997,-1.04,2,-52.5,1.2057,920.75,3
260,494.08,0.072698,0.39960999999999997,-1.04,3,-64.5,5.3904,921.75,3
261,494.5,0.29548,0.29627,-0.94873,3,-65.5,1.4956,923.25,3
262,495.25,0.2603,0.30775,-0.96014,3,-67.0,0.9388,924.25,3
263,495.5,0.2603,0.30775,-0.96014,3,-67.5,0.6856899999999999,924.75,3
264,496.0,0.14305,0.37665,-1.0286,2,-53.0,0.9970899999999999,921.25,3
265,496.25,0.025796,0.39960999999999997,-1.04,2,-52.5,1.2364,920.75,3
266,496.5,0.025796,0.39960999999999997,-1.04,3,-64.5,5.4104,921.75,3
267,497.0,0.29548,0.29627,-0.9373299999999999,3,-65.5,4.5667,923.25,3
268,497.25,0.29548,0.29627,-0.9373299999999999,2,-52.0,1.4726,920.25,3
269,498.0,0.27203,0.29627,-0.94873,2,-54.5,0.25924,922.75,3
270,498.08,0.27203,0.29627,-0.94873,3,-65.0,4.8673,922.75,3
271,498.5,0.049247000000000006,0.38813000000000003,-1.0514,2,-53.0,1.0017,921.25,3
272,498.78,0.049247000000000006,0.38813000000000003,-1.0514,2,-52.5,1.2379,920.75,3
273,498.85,0.20168,0.33071999999999996,-0.99434,3,-64.0,5.3889,921.75,3
274,499.0,0.20168,0.33071999999999996,-0.99434,2,-54.0,0.51849,922.25,3
275,499.25,0.20168,0.33071999999999996,-0.99434,2,-53.5,0.5261600000000001,922.25,3
276,499.75,0.13132,0.36516,-1.0172,2,-51.5,1.4818,920.25,3
277,499.83,0.049247000000000006,0.38813000000000003,-1.0514,3,-63.0,6.2786,920.25,3
278,500.25,0.049247000000000006,0.38813000000000003,-1.0514,3,-67.0,0.9434,924.25,3
279,500.75,0.10787000000000001,0.4111,-1.0286,3,-66.0,1.1674,923.75,3
280,501.0,0.10787000000000001,0.4111,-1.0286,2,-53.0,0.9940200000000001,921.25,3
281,501.08,0.10787000000000001,0.4111,-1.0286,2,-53.0,0.9986200000000001,921.25,3
282,501.25,0.037521,0.39960999999999997,-1.0514,2,-52.5,1.2287,920.75,3
283,501.33,0.037521,0.39960999999999997,-1.0514,3,-64.0,5.3873,921.75,3
284,501.75,0.060972000000000005,0.38813000000000003,-1.0514,3,-64.5,5.0851,922.25,3
285,502.0,0.060972000000000005,0.38813000000000003,-1.0514,3,-68.5,0.37889,925.25,3
286,502.25,0.060972000000000005,0.38813000000000003,-1.0514,2,-52.0,1.4880000000000002,920.25,3
287,502.5,0.060972000000000005,0.37665,-1.0514,3,-67.0,0.9203899999999999,924.25,3
288,503.0,0.060972000000000005,0.37665,-1.0514,3,-65.0,1.7165,922.75,3
289,503.25,0.060972000000000005,0.38813000000000003,-1.04,3,-63.5,5.6527,921.25,3
290,503.5,0.060972000000000005,0.38813000000000003,-1.04,2,-52.5,1.218,920.75,3
291,503.75,0.30721,0.28478000000000003,-0.9259299999999999,2,-53.5,0.7255699999999999,921.75,3
292,504.0,0.060972000000000005,0.39960999999999997,-1.04,3,-66.0,4.5667,923.25,3
293,504.5,0.060972000000000005,0.39960999999999997,-1.04,2,-52.0,1.4573,920.25,3
294,504.58,0.060972000000000005,0.39960999999999997,-1.04,3,-63.0,6.2372,920.25,3
295,505.25,0.2134,0.33071999999999996,-0.97154,3,-67.5,0.6366,924.75,3
296,505.75,0.28376,0.28478000000000003,-0.94873,2,-52.5,1.0017,921.25,3
297,505.83,0.28376,0.28478000000000003,-0.94873,2,-52.5,0.98635,921.25,3
298,506.0,0.10787000000000001,0.38813000000000003,-1.04,2,-52.5,1.2272,920.75,3
299,506.1,0.10787000000000001,0.38813000000000003,-1.04,3,-63.0,5.9426,920.75,3
300,506.25,0.10787000000000001,0.38813000000000003,-1.04,2,-53.5,0.72864,921.75,3
301,506.5,0.2134,0.33071999999999996,-0.9829399999999999,2,-53.5,0.47247,922.25,3
302,506.58,0.2134,0.33071999999999996,-0.9829399999999999,3,-66.0,1.4113,923.25,3
303,507.0,0.2134,0.35368,-0.9829399999999999,2,-52.0,1.4404,920.25,3
304,507.25,0.2134,0.35368,-0.9829399999999999,3,-69.0,0.12272000000000001,925.75,3
305,508.25,0.060972000000000005,0.39960999999999997,-1.04,2,-53.0,0.98021,921.25,3
306,508.35,0.060972000000000005,0.39960999999999997,-1.04,3,-64.0,5.6404,921.25,3
307,509.0,0.084423,0.38813000000000003,-1.04,3,-64.5,5.102,922.25,3
308,509.25,0.084423,0.38813000000000003,-1.04,3,-68.0,0.38195999999999997,925.25,3
309,509.5,0.084423,0.38813000000000003,-1.04,3,-63.0,6.2433,920.25,3
310,509.75,0.084423,0.38813000000000003,-1.04,3,-69.0,0.12272000000000001,925.75,3
311,510.25,0.10787000000000001,0.38813000000000003,-1.0172,3,-65.0,4.8412,922.75,3
312,510.75,0.27203,0.30775,-0.96014,3,-63.0,5.961,920.75,3
313,511.0,0.27203,0.30775,-0.96014,2,-53.0,0.73017,921.75,3
314,511.08,0.27203,0.30775,-0.96014,2,-53.5,0.71023,921.75,3
315,511.75,0.36583000000000004,0.25033,-0.9259299999999999,3,-68.0,0.37889,925.25,3
316,512.0,0.36583000000000004,0.25033,-0.9259299999999999,2,-52.0,1.4726,920.25,3
317,512.1,0.36583000000000004,0.25033,-0.9259299999999999,3,-62.5,6.277,920.25,3
318,512.5,0.40101,0.23885,-0.9259299999999999,3,-68.0,0.632,924.75,3
319,512.75,0.40101,0.23885,-0.9259299999999999,3,-66.5,1.1858,923.75,3
320,513.0,0.40101,0.23885,-0.9259299999999999,3,-63.5,5.6404,921.25,3
321,513.5,0.42446000000000006,0.25033,-0.9145200000000001,2,-53.5,0.7179,921.75,3
322,513.58,0.42446000000000006,0.25033,-0.9145200000000001,3,-64.0,5.3705,921.75,3
323,514.0,0.049247000000000006,0.38813000000000003,-1.0628,3,-65.5,4.5789,923.25,3
324,514.25,0.049247000000000006,0.38813000000000003,-1.0628,2,-52.0,1.4481,920.25,3
325,514.5,0.049247000000000006,0.38813000000000003,-1.0514,3,-69.0,0.069029,925.75,3
326,514.75,0.049247000000000006,0.38813000000000003,-1.0514,3,-67.5,0.63047,924.75,3
327,515.25,0.049247000000000006,0.38813000000000003,-1.0514,3,-64.5,4.832,922.75,3
328,515.5,0.049247000000000006,0.38813000000000003,-1.0514,3,-66.0,4.2982,923.75,3
329,515.75,0.31893,0.26182,-0.9373299999999999,2,-52.5,1.2379,920.75,3
330,515.83,0.31893,0.26182,-0.9373299999999999,2,-52.5,1.2441,920.75,3
331,516.0,0.096148,0.38813000000000003,-1.04,2,-53.0,0.7531800000000001,921.75,3
332,516.08,0.096148,0.38813000000000003,-1.04,3,-64.5,5.0867,922.25,3
333,516.5,0.096148,0.38813000000000003,-1.0514,3,-68.0,0.38963000000000003,925.25,3
334,516.75,0.096148,0.38813000000000003,-1.0514,2,-52.0,1.4557,920.25,3
335,516.83,0.096148,0.38813000000000003,-1.0514,3,-62.5,6.2586,920.25,3
336,517.75,0.24858000000000002,0.30775,-0.97154,3,-66.0,1.1888,923.75,3
337,518.0,0.24858000000000002,0.30775,-0.97154,2,-52.5,0.93573,921.25,3
338,518.25,0.29548,0.30775,-0.9373299999999999,3,-63.5,5.9304,920.75,3
339,518.5,0.29548,0.30775,-0.9373299999999999,2,-53.5,0.45252,922.25,3
340,518.58,0.29548,0.30775,-0.9373299999999999,3,-64.5,5.1204,922.25,3
341,519.0,0.14305,0.38813000000000003,-1.0172,2,-52.0,1.4235,920.25,3
342,519.25,0.14305,0.38813000000000003,-1.0172,3,-63.5,6.2617,920.25,3
343,519.5,0.14305,0.38813000000000003,-1.0172,3,-68.5,0.18254,925.75,3
344,520.0,0.14305,0.38813000000000003,-1.0286,3,-65.0,1.7518,922.75,3
345,520.5,0.2134,0.3422,-0.9829399999999999,3,-64.0,5.7217,921.25,3
346,520.75,0.2134,0.3422,-0.9829399999999999,3,-64.0,5.9979,920.75,3
347,521.0,0.2134,0.3422,-0.9829399999999999,3,-64.5,5.4272,921.75,3
348,521.25,0.2134,0.3422,-0.9829399999999999,3,-65.5,1.5186,923.25,3
349,521.5,0.2134,0.3422,-0.9829399999999999,3,-68.5,0.44946,925.25,3
350,522.0,0.38928,0.2733,-0.9145200000000001,3,-68.5,0.15492999999999998,925.75,3
351,522.5,0.38928,0.2733,-0.9145200000000001,3,-65.5,1.7564,922.75,3
352,523.0,0.44791000000000003,0.23885,-0.90312,2,-52.5,0.97101,921.25,3
353,523.08,0.44791000000000003,0.23885,-0.90312,3,-64.0,5.7003,921.25,3
354,523.25,0.44791000000000003,0.23885,-0.90312,3,-64.0,5.9963,920.75,3
355,523.5,0.23685,0.31923,-0.97154,3,-65.0,5.171,922.25,3
356,523.75,0.23685,0.31923,-0.97154,3,-68.0,0.46019,925.25,3
357,524.0,0.23685,0.31923,-0.97154,3,-63.5,0.009203900000000001,920.25,3
358,524.5,0.23685,0.31923,-0.97154,3,-67.0,1.0201,924.25,3
359,525.0,0.15478,0.37665,-1.0172,3,-67.0,1.2441,923.75,3
360,525.25,0.15478,0.37665,-1.0172,2,-53.0,0.94186,921.25,3
361,525.5,0.15478,0.37665,-1.0172,2,-52.5,1.1873,920.75,3
362,525.58,0.049247000000000006,0.39960999999999997,-1.04,2,-52.5,1.1796,920.75,3
363,525.63,0.049247000000000006,0.39960999999999997,-1.04,2,-53.0,0.7148399999999999,921.75,3
364,525.75,0.13132,0.38813000000000003,-1.0172,2,-53.5,0.45252,922.25,3
365,526.25,0.060972000000000005,0.39960999999999997,-1.04,3,-68.0,0.42645,925.25,3
366,526.5,0.060972000000000005,0.39960999999999997,-1.04,2,-52.0,1.4235,920.25,3
367,526.75,0.060972000000000005,0.39960999999999997,-1.04,3,-68.5,0.20555,925.75,3
368,527.0,0.060972000000000005,0.39960999999999997,-1.04,3,-67.5,0.6995,924.75,3
369,527.5,0.060972000000000005,0.39960999999999997,-1.04,3,-65.0,4.9133,922.75,3
370,527.75,0.060972000000000005,0.39960999999999997,-1.04,3,-64.0,5.757000000000001,921.25,3
371,528.0,0.27203,0.30775,-0.97154,3,-64.0,5.981,920.75,3
372,528.25,0.27203,0.30775,-0.97154,2,-53.5,0.7225,921.75,3
373,528.5,0.084423,0.39960999999999997,-1.0514,3,-65.5,4.6679,923.25,3
374,529.0,0.060972000000000005,0.37665,-1.04,3,-63.0,6.274,920.25,3
375,529.75,0.2134,0.3422,-0.99434,3,-65.0,4.9164,922.75,3
376,530.25,0.072698,0.39960999999999997,-1.04,2,-53.0,0.94647,921.25,3
377,530.33,0.072698,0.39960999999999997,-1.04,3,-64.0,5.9825,920.75,3
378,530.75,0.27203,0.31923,-0.97154,2,-53.5,0.73017,921.75,3
379,531.0,0.13132,0.38813000000000003,-1.0286,2,-54.5,0.016874,923.25,3
380,531.08,0.13132,0.38813000000000003,-1.0286,2,-55.0,5.441,925.25,3
381,531.25,0.13132,0.38813000000000003,-1.0286,2,-51.5,1.4757,920.25,3
382,531.5,0.060972000000000005,0.37665,-1.0514,3,-63.5,0.032214,920.25,3
383,531.75,0.060972000000000005,0.37665,-1.0514,3,-66.5,1.0094,924.25,3
384,532.25,0.33066,0.28478000000000003,-0.9373299999999999,3,-66.5,1.2594,923.75,3
385,532.5,0.33066,0.28478000000000003,-0.9373299999999999,2,-53.0,0.9495299999999999,921.25,3
386,532.75,0.10787000000000001,0.38813000000000003,-1.04,2,-52.5,1.1888,920.75,3
387,533.0,0.10787000000000001,0.38813000000000003,-1.04,3,-64.5,5.415,921.75,3
388,533.75,0.17823,0.37665,-1.0057,2,-52.0,1.4174,920.25,3
389,533.85,0.17823,0.37665,-1.0057,3,-63.0,6.254,920.25,3
390,534.5,0.1196,0.39960999999999997,-1.0286,3,-67.5,0.69029,924.75,3
391,535.0,0.072698,0.37665,-1.04,2,-52.5,0.99555,921.25,3
392,535.08,0.072698,0.37665,-1.04,2,-52.5,0.98635,921.25,3
393,535.25,0.24858000000000002,0.30775,-0.99434,2,-52.0,1.2195,920.75,3
394,535.33,0.24858000000000002,0.30775,-0.99434,3,-63.5,5.9779,920.75,3
395,535.5,0.24858000000000002,0.30775,-0.99434,2,-53.0,0.7225,921.75,3
396,535.75,0.084423,0.38813000000000003,-1.0514,2,-53.5,0.4648,922.25,3
397,535.83,0.084423,0.38813000000000003,-1.0514,3,-66.0,4.6572,923.25,3
398,536.25,0.084423,0.38813000000000003,-1.0514,2,-52.0,1.4404,920.25,3
399,536.33,0.060972000000000005,0.38813000000000003,-1.0514,3,-63.0,6.2617,920.25,3
400,536.5,0.060972000000000005,0.38813000000000003,-1.0514,3,-67.0,0.9786799999999999,924.25,3
401,537.0,0.060972000000000005,0.38813000000000003,-1.0514,3,-67.5,0.68262,924.75,3
402,537.25,0.060972000000000005,0.38813000000000003,-1.0514,3,-66.5,1.2042,923.75,3
403,537.5,0.28376,0.30775,-0.96014,2,-52.0,1.1919,920.75,3
404,537.75,0.28376,0.30775,-0.96014,3,-63.5,5.9779,920.75,3
405,537.83,0.28376,0.30775,-0.96014,2,-53.5,0.7225,921.75,3
406,538.0,0.1196,0.37665,-1.04,3,-65.0,5.167999999999999,922.25,3
407,538.75,0.1665,0.36516,-1.0286,2,-52.0,1.4680000000000002,920.25,3
408,538.83,0.1665,0.36516,-1.0286,3,-63.5,6.2678,920.25,3
409,539.25,0.096148,0.37665,-1.04,3,-67.5,0.70563,924.75,3
410,539.5,0.096148,0.37665,-1.04,2,-54.0,0.21169000000000002,922.75,3
411,539.75,0.10787000000000001,0.39960999999999997,-1.0286,2,-53.0,0.9434,921.25,3
412,540.0,0.10787000000000001,0.39960999999999997,-1.0286,3,-64.0,5.6711,921.25,3
413,540.25,0.29548,0.28478000000000003,-0.96014,2,-53.5,0.67955,921.75,3
414,540.5,0.29548,0.28478000000000003,-0.96014,2,-53.5,0.48013999999999996,922.25,3
415,540.75,0.14305,0.39960999999999997,-1.0286,3,-68.0,0.43258,925.25,3
416,541.0,0.14305,0.39960999999999997,-1.0286,2,-52.0,1.4312,920.25,3
417,541.25,0.060972000000000005,0.37665,-1.0514,3,-68.5,0.18101,925.75,3
418,541.5,0.060972000000000005,0.37665,-1.0514,3,-67.5,0.6642100000000001,924.75,3
419,542.0,0.060972000000000005,0.37665,-1.0514,3,-65.5,4.9164,922.75,3
420,542.5,0.43618999999999997,0.22737,-0.9145200000000001,2,-52.5,0.96334,921.25,3
421,542.6,0.43618999999999997,0.22737,-0.9145200000000001,2,-52.5,1.1873,920.75,3
422,542.75,0.072698,0.38813000000000003,-1.0514,2,-53.5,0.70103,921.75,3
423,542.85,0.072698,0.38813000000000003,-1.0514,3,-64.5,5.415,921.75,3
424,543.0,0.072698,0.38813000000000003,-1.0514,3,-64.5,5.1388,922.25,3
425,543.5,0.40101,0.25033,-0.9145200000000001,2,-52.0,1.4235,920.25,3
426,543.6,0.40101,0.25033,-0.9145200000000001,3,-63.0,6.2694,920.25,3
427,544.0,0.2603,0.30775,-0.96014,3,-67.5,0.6856899999999999,924.75,3
428,544.5,0.2603,0.30775,-0.96014,3,-67.0,1.2303,923.75,3
429,545.0,0.2134,0.33071999999999996,-0.9829399999999999,2,-52.5,1.195,920.75,3
430,545.08,0.2134,0.33071999999999996,-0.9829399999999999,2,-52.0,1.2118,920.75,3
431,545.25,0.084423,0.37665,-1.04,2,-53.0,0.7179,921.75,3
432,545.33,0.084423,0.37665,-1.04,3,-65.0,5.1542,922.25,3
433,546.0,0.15478,0.37665,-1.04,3,-63.0,6.207999999999999,920.25,3
434,546.08,0.15478,0.37665,-1.04,3,-68.5,0.16414,925.75,3
435,546.75,0.1196,0.39960999999999997,-1.04,3,-65.0,4.8336,922.75,3
436,547.25,0.2603,0.31923,-0.96014,3,-63.5,5.6036,921.25,3
437,547.5,0.2603,0.31923,-0.96014,2,-52.5,1.1796,920.75,3
438,547.6,0.2603,0.31923,-0.96014,2,-53.0,0.69796,921.75,3
439,547.75,0.072698,0.38813000000000003,-1.0514,3,-65.0,5.0729,922.25,3
440,548.5,0.23685,0.31923,-0.99434,2,-51.5,1.4496,920.25,3
441,548.75,0.23685,0.31923,-0.99434,3,-66.5,0.92499,924.25,3
442,549.25,0.24858000000000002,0.30775,-0.9829399999999999,3,-65.0,4.8443,922.75,3
443,549.5,0.24858000000000002,0.30775,-0.9829399999999999,3,-66.5,1.1612,923.75,3
444,549.75,0.24858000000000002,0.30775,-0.9829399999999999,3,-63.5,5.6282,921.25,3
445,549.83,0.24858000000000002,0.30775,-0.9829399999999999,2,-52.0,1.2057,920.75,3
446,550.0,0.13132,0.39960999999999997,-1.0286,3,-64.0,5.3613,921.75,3
447,550.25,0.13132,0.39960999999999997,-1.0286,2,-53.5,0.44178999999999996,922.25,3
448,550.75,0.1665,0.39960999999999997,-1.0286,3,-68.0,0.34360999999999997,925.25,3
449,550.83,0.1665,0.39960999999999997,-1.0286,2,-52.0,1.4205,920.25,3
450,551.25,0.38928,0.26182,-0.9373299999999999,3,-67.0,0.91579,924.25,3
451,551.75,0.45963999999999994,0.26182,-0.9145200000000001,3,-66.0,4.3013,923.75,3
452,552.0,0.45963999999999994,0.26182,-0.9145200000000001,3,-64.0,5.622000000000001,921.25,3
453,552.25,0.45963999999999994,0.26182,-0.9145200000000001,3,-63.5,5.9058,920.75,3
454,552.5,0.45963999999999994,0.26182,-0.9145200000000001,2,-53.0,0.67955,921.75,3
455,552.6,0.084423,0.39960999999999997,-1.04,3,-64.5,5.0729,922.25,3
456,552.75,0.084423,0.39960999999999997,-1.04,3,-65.5,4.5559,923.25,3
457,553.25,0.084423,0.39960999999999997,-1.04,2,-51.5,1.4143,920.25,3
458,553.35,0.13132,0.38813000000000003,-1.0286,2,-51.5,1.4251,920.25,3
459,553.5,0.13132,0.38813000000000003,-1.0286,3,-68.5,0.10278,925.75,3
460,553.75,0.13132,0.38813000000000003,-1.0286,3,-67.5,0.63967,924.75,3
461,554.25,0.31893,0.2733,-0.96014,3,-66.0,1.1244,923.75,3
462,554.5,0.31893,0.2733,-0.96014,2,-52.5,0.9434,921.25,3
463,554.58,0.31893,0.2733,-0.96014,2,-52.0,1.1842,920.75,3
464,554.75,0.096148,0.38813000000000003,-1.04,3,-63.0,5.8966,920.75,3
465,555.0,0.096148,0.38813000000000003,-1.04,2,-53.0,0.68109,921.75,3
466,555.25,0.35411,0.26182,-0.9373299999999999,3,-65.5,4.5866,923.25,3
467,555.5,0.35411,0.26182,-0.9373299999999999,2,-51.5,1.4128,920.25,3
468,555.75,0.060972000000000005,0.38813000000000003,-1.04,3,-63.0,6.2034,920.25,3
469,556.25,0.1196,0.38813000000000003,-1.0286,3,-67.5,0.57217,924.75,3
470,556.75,0.1196,0.38813000000000003,-1.0286,3,-66.0,1.1996,923.75,3
471,557.0,0.45963999999999994,0.22737,-0.90312,3,-63.5,5.9227,920.75,3
472,557.25,0.45963999999999994,0.22737,-0.90312,2,-53.0,0.7025600000000001,921.75,3
473,557.5,0.31893,0.29627,-0.94873,2,-53.0,0.47247,922.25,3
474,557.75,0.10787000000000001,0.37665,-1.04,3,-65.5,1.4143,923.25,3
475,558.0,0.10787000000000001,0.37665,-1.04,2,-51.5,1.4235,920.25,3
476,558.5,0.40101,0.26182,-0.9259299999999999,3,-66.5,0.8743700000000001,924.25,3
477,559.25,0.1196,0.38813000000000003,-1.04,3,-63.5,5.5929,921.25,3
478,559.5,0.1196,0.38813000000000003,-1.04,3,-63.0,5.8828,920.75,3
479,559.75,0.1196,0.38813000000000003,-1.04,3,-64.0,5.3352,921.75,3
480,560.0,0.30721,0.28478000000000003,-0.96014,3,-65.5,1.379,923.25,3
481,560.5,0.30721,0.28478000000000003,-0.96014,2,-51.5,1.4573,920.25,3
482,560.75,0.14305,0.37665,-1.04,3,-62.5,6.1881,920.25,3
483,561.0,0.14305,0.37665,-1.04,3,-66.5,0.8651700000000001,924.25,3
484,561.25,0.14305,0.37665,-1.04,3,-65.0,4.7814,922.75,3
485,561.75,0.37756,0.26182,-0.9145200000000001,2,-52.5,0.9526,921.25,3
486,562.0,0.18995,0.36516,-1.0057,2,-52.0,1.1689,920.75,3
487,562.25,0.18995,0.36516,-1.0057,2,-53.0,0.67495,921.75,3
488,562.33,0.072698,0.38813000000000003,-1.0514,2,-53.5,0.42491,922.25,3
489,562.5,0.072698,0.38813000000000003,-1.0514,3,-64.5,5.0759,922.25,3
490,563.0,0.1665,0.37665,-1.0172,2,-51.5,1.4128,920.25,3
491,563.1,0.1665,0.37665,-1.0172,3,-62.5,6.1865,920.25,3
