,time,frontal,vertical,lateral,id,rssi,phase,freq,label
0,0.0,0.43618999999999997,0.9048700000000001,-0.35577,3,-59.0,2.2841,921.25,1
1,0.25,0.43618999999999997,0.9048700000000001,-0.35577,3,-58.0,5.2094,920.25,1
2,0.5,0.52999,0.7096600000000001,-0.64085,3,-58.0,1.3453,923.75,1
3,1.0,0.83485,0.51445,-0.6180399999999999,3,-62.0,2.1108,925.25,1
4,2.0,0.67069,0.3422,-0.8119,2,-59.5,6.231,925.75,3
5,2.5,0.9052,0.22737,-0.4356,3,-59.5,6.0868,921.25,3
6,2.55,0.9052,0.22737,-0.4356,3,-60.0,5.5898,921.25,3
7,3.0,1.1397,-0.059712,-0.24174,3,-64.0,5.7294,922.25,3
8,3.5,1.1397,-0.059712,-0.24174,3,-66.0,5.5898,923.25,3
9,4.25,1.4094,-0.059712,-0.082102,3,-65.5,1.1996,924.25,3
10,4.75,1.4094,-0.059712,-0.082102,3,-63.5,0.3068,920.75,3
11,5.25,1.2921,-0.094162,-0.025087,3,-63.0,3.9991,920.25,3
12,5.75,1.0342,0.043636,-0.09350499999999999,3,-63.5,5.191,923.25,3
13,6.25,1.0342,0.043636,-0.09350499999999999,3,-63.5,2.2534,922.75,3
14,7.0,1.1514,-0.048229,-0.025087,3,-64.0,0.40037,925.75,3
15,8.0,1.1045,-0.059712,-0.025087,3,-62.5,6.1160000000000005,922.25,3
16,8.5,0.9990100000000001,-0.025263,-0.10490999999999999,3,-62.5,2.7673,922.75,3
17,9.0,0.9990100000000001,-0.025263,-0.10490999999999999,3,-63.5,3.361,921.75,3
18,9.5,0.9990100000000001,-0.025263,-0.10490999999999999,3,-64.5,0.67342,925.75,3
19,10.0,1.2101,-0.12861,0.0091224,3,-64.0,4.1939,920.25,3
20,10.25,1.2101,-0.12861,0.0091224,3,-63.5,2.8532,922.25,3
21,10.75,1.2101,-0.12861,0.0091224,3,-63.5,2.1982,923.25,3
22,11.25,1.2101,-0.12861,0.0091224,2,-58.5,0.6642100000000001,924.75,3
23,11.5,1.2101,-0.12861,0.0091224,3,-65.0,0.29299000000000003,921.75,3
24,12.75,1.1514,-0.07119600000000001,0.0091224,3,-63.5,2.008,923.75,3
25,13.25,1.1514,-0.07119600000000001,0.0091224,3,-63.5,2.3853,923.25,3
26,13.5,1.1514,-0.07119600000000001,0.0091224,3,-63.5,5.9181,922.75,3
27,14.25,1.0107,-0.025263,-0.070699,2,-58.5,6.2418,925.75,3
28,15.0,1.0225,-0.01378,-0.082102,3,-63.5,2.011,923.75,3
29,15.75,1.1514,-0.059712,-0.0022806,3,-63.5,5.8,922.75,3
30,18.5,1.0811,-0.036746,-0.036489999999999995,3,-63.5,1.3698,924.75,3
31,18.75,1.0811,-0.036746,-0.036489999999999995,3,-63.0,1.7365,924.25,3
32,19.25,1.0811,-0.036746,-0.036489999999999995,3,-65.0,0.83909,920.75,3
33,19.5,1.0811,-0.036746,-0.036489999999999995,3,-64.5,0.48933999999999994,921.25,3
34,20.25,1.1749,-0.082679,0.0091224,3,-64.0,6.0945,922.25,3
35,20.75,1.1749,-0.082679,0.0091224,3,-64.0,2.6430000000000002,922.75,3
36,21.0,1.1749,-0.082679,0.0091224,3,-64.5,0.28685,921.75,3
37,22.5,1.128,-0.059712,-0.013684,3,-64.0,6.0884,922.25,3
38,23.0,1.128,-0.059712,-0.013684,2,-58.5,0.10737999999999999,925.25,3
39,23.75,1.1397,-0.07119600000000001,-0.0022806,3,-64.5,0.28071999999999997,921.75,3
40,24.0,1.1397,-0.07119600000000001,-0.0022806,2,-58.5,6.1973,925.75,3
41,25.0,1.2101,-0.10565,0.0091224,3,-64.5,6.0914,922.25,3
42,26.5,1.1866,-0.094162,0.020525,3,-64.5,0.66728,925.75,3
43,26.75,1.1866,-0.094162,0.020525,3,-64.5,0.52769,921.25,3
44,27.5,1.0694,-0.036746,-0.036489999999999995,3,-64.5,6.0792,922.25,3
45,29.5,1.0459,-0.0022965999999999998,-0.047893,3,-65.0,1.0692,920.25,3
46,30.0,1.0459,-0.0022965999999999998,-0.047893,3,-64.0,6.0592,922.25,3
47,32.0,1.0342,-0.01378,-0.059296,3,-65.5,1.0462,920.25,3
48,32.25,1.0342,-0.01378,-0.059296,3,-64.5,2.9084,922.25,3
49,32.75,1.0342,-0.01378,-0.059296,3,-63.5,2.258,923.25,3
50,33.5,1.2570000000000001,-0.10565,0.054735,3,-63.5,1.6981,924.25,3
51,34.75,1.1866,-0.07119600000000001,0.0091224,3,-64.5,6.0408,922.25,3
52,35.75,1.1514,-0.059712,0.0091224,3,-64.5,0.13806,921.75,3
53,36.25,1.1514,-0.059712,0.0091224,3,-64.5,0.62126,925.75,3
54,37.25,1.1163,-0.036746,-0.013684,2,-59.0,0.033748,925.25,3
55,37.75,1.1163,-0.036746,-0.013684,3,-63.5,5.7294,922.75,3
56,38.75,1.3625,-0.15158,0.077541,2,-58.5,6.1237,925.75,3
57,38.825,1.3625,-0.15158,0.077541,3,-65.0,0.74858,920.75,3
58,40.5,1.2921,-0.12861,0.054735,3,-63.5,1.3146,924.75,3
59,40.75,1.2921,-0.12861,0.054735,3,-63.5,1.6582,924.25,3
60,41.25,1.2921,-0.12861,0.054735,3,-65.0,0.71023,920.75,3
61,42.5,1.2452,-0.10565,0.043332,3,-63.5,2.2611,923.25,3
62,42.75,1.2452,-0.10565,0.043332,3,-63.5,1.2793,924.75,3
63,43.25,1.2452,-0.10565,0.043332,3,-65.0,0.18101,921.75,3
64,44.0,1.0107,-0.0022965999999999998,-0.059296,3,-65.5,0.55837,921.25,3
65,44.75,1.1632,-0.10565,0.020525,3,-63.5,5.5239,923.25,3
66,45.75,1.2570000000000001,-0.12861,0.054735,3,-64.0,1.6598,924.25,3
67,47.25,1.1163,-0.059712,-0.036489999999999995,3,-64.0,0.9940200000000001,925.25,3
68,48.0,1.2452,-0.12861,0.031928,3,-64.5,0.19635,921.75,3
69,48.25,1.2452,-0.12861,0.031928,2,-59.0,6.1313,925.75,3
70,50.0,1.339,-0.15158,0.077541,3,-64.0,5.8061,922.75,3
71,50.25,1.339,-0.15158,0.077541,3,-65.0,0.158,921.75,3
72,50.75,1.339,-0.15158,0.077541,2,-58.5,6.1221,925.75,3
73,52.0,1.0928,-0.025263,-0.025087,3,-64.0,0.96641,925.25,3
74,52.5,1.1397,-0.07119600000000001,-0.013684,3,-63.5,1.3254,924.75,3
75,53.25,1.1397,-0.07119600000000001,-0.013684,2,-58.5,6.1129,925.75,3
76,54.75,1.1632,-0.082679,0.0091224,3,-64.0,5.8015,922.75,3
77,55.25,1.1632,-0.082679,0.0091224,3,-65.0,0.14573,921.75,3
78,56.0,1.1397,-0.048229,-0.013684,3,-65.0,0.41263999999999995,921.25,3
79,56.5,1.1397,-0.048229,-0.013684,3,-63.5,1.9359,923.75,3
80,57.0,1.1397,-0.059712,-0.013684,3,-63.5,5.4809,923.25,3
81,57.5,1.1397,-0.059712,-0.013684,3,-63.5,1.3499,924.75,3
82,58.775,1.1045,-0.036746,-0.047893,3,-65.5,4.2077,920.25,3
83,60.0,1.0694,-0.025263,-0.036489999999999995,3,-63.5,1.307,924.75,3
84,61.25,1.0459,0.0091865,-0.070699,3,-65.0,1.0446,920.25,3
85,62.0,1.0459,-0.025263,-0.047893,3,-63.5,2.3286,923.25,3
86,62.25,1.0459,-0.025263,-0.047893,3,-63.5,4.4577,924.75,3
87,62.75,1.0459,-0.025263,-0.047893,3,-63.5,4.7569,924.25,3
88,64.0,1.0107,-0.0022965999999999998,-0.059296,3,-64.0,6.1052,922.25,3
89,64.5,1.0107,-0.0022965999999999998,-0.059296,3,-63.5,2.3286,923.25,3
90,65.0,1.1514,-0.082679,-0.0022806,3,-65.0,0.13346,921.75,3
91,65.5,1.1514,-0.082679,-0.0022806,2,-59.0,6.0792,925.75,3
92,66.5,1.0811,-0.01378,-0.025087,3,-64.0,6.1068,922.25,3
93,66.75,1.0811,-0.01378,-0.025087,3,-63.5,2.3224,923.25,3
94,67.0,1.0811,-0.01378,-0.025087,3,-64.0,2.6584,922.75,3
95,68.0,1.1163,-0.048229,-0.013684,3,-65.0,0.5476300000000001,925.75,3
96,68.5,0.97555,0.020669999999999997,-0.082102,3,-65.5,1.0170000000000001,920.25,3
97,69.5,1.0928,-0.059712,-0.025087,3,-64.0,5.7877,922.75,3
98,70.0,1.0928,-0.059712,-0.025087,3,-64.0,4.7538,924.25,3
99,70.75,1.3508,-0.15158,0.077541,3,-65.0,0.40497,921.25,3
100,71.0,1.3508,-0.15158,0.077541,3,-63.5,1.9635,923.75,3
101,71.5,1.3508,-0.15158,0.077541,3,-64.0,4.1801,925.25,3
102,71.75,1.3508,-0.15158,0.077541,3,-62.5,5.4456,922.75,3
103,72.5,1.2101,-0.025263,-0.09350499999999999,3,-66.5,1.4358,924.25,3
104,73.0,1.2101,-0.025263,-0.09350499999999999,3,-67.5,0.061359000000000004,920.75,3
105,73.25,1.3039,0.05511900000000001,-0.013684,3,-66.5,0.52922,920.25,3
106,74.5,1.0694,0.1355,-0.10490999999999999,3,-66.0,1.2103,924.75,3
107,74.75,1.0694,0.1355,-0.10490999999999999,3,-66.0,1.5064,924.25,3
108,75.5,1.1514,0.08956900000000001,-0.059296,2,-53.5,2.0095,921.25,3
109,76.0,0.9169299999999999,0.15847,-0.17332999999999998,3,-65.5,1.8024,923.75,3
110,76.75,1.2921,0.0091865,-0.025087,3,-65.5,5.4963,922.75,3
111,77.0,1.2921,0.0091865,-0.025087,3,-65.0,1.3238,924.75,3
112,79.0,1.1163,-0.036746,-0.036489999999999995,3,-64.0,5.645,923.25,3
113,79.75,1.2101,-0.10565,-0.0022806,3,-63.5,1.781,924.25,3
114,80.5,1.2101,-0.10565,-0.0022806,3,-66.0,0.65194,921.25,3
115,81.0,1.1163,-0.059712,-0.059296,3,-65.0,0.044485000000000004,922.25,3
116,81.5,1.1163,-0.059712,-0.059296,3,-64.0,5.6174,923.25,3
117,82.25,1.1163,-0.059712,-0.036489999999999995,3,-63.5,1.7349,924.25,3
118,82.75,1.1163,-0.059712,-0.036489999999999995,3,-66.0,0.91885,920.75,3
119,83.25,1.1749,-0.07119600000000001,-0.013684,3,-63.5,5.2155,923.75,3
120,83.75,1.1749,-0.07119600000000001,-0.013684,3,-64.0,1.1059999999999999,925.25,3
121,85.25,0.96383,-0.0022965999999999998,-0.16192,3,-65.0,3.8089,921.25,3
122,85.75,0.96383,-0.0022965999999999998,-0.16192,3,-63.5,2.1414,923.75,3
123,87.25,1.1163,-0.094162,-0.047893,3,-63.0,2.0126,924.25,3
124,87.5,1.1163,-0.094162,-0.047893,3,-65.5,1.2901,920.75,3
125,87.75,1.1163,-0.094162,-0.047893,3,-66.0,1.6045,920.25,3
126,88.25,1.1163,-0.094162,-0.047893,3,-63.0,5.507000000000001,923.75,3
127,88.75,1.1163,-0.094162,-0.025087,3,-63.5,2.62,923.25,3
128,89.0,1.1163,-0.094162,-0.025087,3,-64.0,6.0914,922.75,3
129,89.25,1.1163,-0.094162,-0.025087,3,-65.0,0.50161,921.75,3
130,89.5,1.1163,-0.094162,-0.025087,3,-63.5,1.8807,924.25,3
131,90.5,0.97555,0.0091865,-0.09350499999999999,3,-63.5,5.3091,923.75,3
132,91.25,1.1163,-0.048229,-0.025087,3,-64.0,5.6435,923.25,3
133,91.5,1.1163,-0.048229,-0.025087,3,-64.0,1.511,924.75,3
134,92.25,1.1397,-0.094162,-0.013684,3,-66.0,1.0247,920.75,3
135,92.5,1.1397,-0.094162,-0.013684,3,-66.0,0.6473399999999999,921.25,3
136,93.0,1.1397,-0.094162,-0.013684,3,-64.0,5.2309,923.75,3
137,93.75,1.2921,-0.14009000000000002,0.043332,3,-64.5,2.752,922.75,3
138,94.5,1.0811,-0.048229,-0.036489999999999995,2,-58.5,6.231,925.75,3
139,94.75,1.0811,-0.048229,-0.036489999999999995,3,-66.0,0.8436899999999999,920.75,3
140,96.0,1.1514,-0.07119600000000001,-0.013684,3,-64.0,2.3654,923.25,3
141,96.5,1.1514,-0.07119600000000001,-0.013684,3,-64.0,1.4159,924.75,3
142,97.25,1.128,-0.07119600000000001,-0.025087,3,-66.0,0.81915,920.75,3
143,97.5,1.128,-0.07119600000000001,-0.025087,3,-65.5,1.0983,920.25,3
144,98.25,1.1514,-0.059712,-0.025087,3,-64.5,1.0262,925.25,3
145,99.0,1.0576,-0.01378,-0.070699,3,-65.0,0.2255,921.75,3
146,99.25,1.0576,-0.01378,-0.070699,3,-64.0,1.6874,924.25,3
147,100.25,1.1045,-0.025263,-0.036489999999999995,3,-65.5,1.0753,920.25,3
148,101.5,1.3625,-0.16305999999999998,0.043332,3,-64.5,0.27612,921.75,3
149,102.5,1.0342,-0.0022965999999999998,-0.12771,3,-65.0,4.2016,920.25,3
150,103.0,1.0459,-0.0022965999999999998,-0.12771,3,-63.5,0.9970899999999999,925.25,3
151,103.5,1.1983,-0.059712,-0.059296,3,-64.0,2.5495,922.75,3
152,104.5,1.0342,0.020669999999999997,-0.15052000000000001,3,-65.0,3.7813,920.75,3
153,105.0,0.9990100000000001,0.032152999999999994,-0.16192,3,-63.0,1.9896,923.75,3
154,106.25,1.0342,0.032152999999999994,-0.15052000000000001,3,-65.0,0.018408,921.75,3
155,107.0,1.339,-0.12861,-0.013684,3,-65.0,0.7087,920.75,3
156,107.5,0.9403799999999999,0.032152999999999994,-0.17332999999999998,3,-65.0,4.1924,920.25,3
157,107.75,0.9403799999999999,0.032152999999999994,-0.17332999999999998,3,-64.0,6.1144,922.25,3
158,108.5,1.0811,-0.0022965999999999998,-0.11631,3,-63.5,2.5909,922.75,3
159,109.25,0.9872799999999999,0.043636,-0.17332999999999998,3,-64.0,0.5706399999999999,925.75,3
160,109.5,0.9872799999999999,0.043636,-0.17332999999999998,3,-65.0,0.7179,920.75,3
161,110.0,1.128,-0.025263,-0.070699,3,-63.0,1.9804,923.75,3
162,110.25,1.128,-0.025263,-0.070699,3,-64.5,6.1375,922.25,3
163,110.75,1.128,-0.025263,-0.070699,3,-63.5,5.415,923.25,3
164,111.75,1.0576,0.020669999999999997,-0.13912,3,-64.5,0.58905,925.75,3
165,112.0,1.0576,0.020669999999999997,-0.13912,2,-54.0,5.5346,921.25,3
166,112.08,1.0576,0.020669999999999997,-0.13912,3,-65.0,3.6018,921.25,3
167,112.5,1.0342,0.032152999999999994,-0.11631,3,-64.5,2.9897,922.25,3
168,113.25,1.3625,-0.12861,-0.0022806,2,-56.5,0.41571,924.75,3
169,114.25,1.1045,-0.01378,-0.10490999999999999,3,-65.0,0.66728,920.75,3
170,115.75,1.1514,-0.059712,-0.082102,3,-63.5,1.307,924.75,3
171,117.25,1.128,-0.01378,-0.10490999999999999,3,-63.0,5.0867,923.75,3
172,118.5,1.1163,-0.048229,-0.082102,3,-63.5,1.3254,924.75,3
173,119.25,1.1045,-0.0022965999999999998,-0.09350499999999999,3,-65.0,0.7225,920.75,3
174,119.5,1.1045,-0.0022965999999999998,-0.09350499999999999,3,-65.0,0.38195999999999997,921.25,3
175,120.25,1.0928,-0.01378,-0.10490999999999999,3,-63.5,5.4579,923.25,3
176,122.0,1.1514,-0.048229,-0.070699,3,-65.0,0.40804,921.25,3
177,122.25,1.1514,-0.048229,-0.070699,3,-63.5,1.9313,923.75,3
178,122.75,1.3508,-0.12861,0.0091224,3,-63.5,0.96641,925.25,3
179,123.75,1.1045,-0.025263,-0.09350499999999999,3,-63.0,1.6782,924.25,3
180,125.5,1.339,-0.11713,-0.0022806,3,-63.0,1.2579,924.75,3
181,125.75,1.339,-0.11713,-0.0022806,3,-64.0,0.092039,921.75,3
182,126.25,1.339,-0.11713,-0.0022806,3,-63.0,1.5769,924.25,3
183,126.5,1.339,-0.11713,-0.0022806,3,-64.0,3.8043,920.75,3
184,127.0,0.9872799999999999,0.032152999999999994,-0.15052000000000001,2,-53.5,6.1267,920.25,3
185,127.1,0.9872799999999999,0.032152999999999994,-0.15052000000000001,3,-63.0,1.8577,923.75,3
186,127.5,1.2570000000000001,-0.082679,-0.036489999999999995,3,-62.5,2.1813,923.25,3
187,128.75,1.0107,0.020669999999999997,-0.13912,3,-63.5,0.5875100000000001,925.75,3
188,129.0,1.0107,0.020669999999999997,-0.13912,3,-64.5,0.76085,920.75,3
189,129.25,0.9872799999999999,0.043636,-0.12771,3,-64.5,1.0538,920.25,3
190,130.25,1.339,-0.12861,0.0091224,3,-63.0,2.2457,923.25,3
191,130.78,1.0576,0.0091865,-0.12771,3,-63.5,0.046019,921.75,3
192,131.5,1.0928,-0.0022965999999999998,-0.09350499999999999,3,-64.5,0.37429,921.25,3
193,132.25,1.0811,-0.0022965999999999998,-0.10490999999999999,3,-63.0,0.9203899999999999,925.25,3
194,132.5,1.0811,-0.0022965999999999998,-0.10490999999999999,3,-63.0,2.2335,923.25,3
195,133.5,1.1983,-0.059712,-0.047893,3,-62.5,1.5585,924.25,3
196,134.0,1.0342,0.032152999999999994,-0.12771,3,-64.0,0.36969,921.25,3
197,134.25,1.0342,0.032152999999999994,-0.12771,3,-64.5,1.0293,920.25,3
198,135.0,1.3039,-0.11713,-0.013684,3,-62.5,5.4303,923.25,3
199,135.25,1.0107,0.043636,-0.12771,3,-63.0,1.2441,924.75,3
200,135.75,1.0107,0.043636,-0.12771,3,-63.5,0.064427,921.75,3
201,136.0,1.0107,0.043636,-0.12771,3,-63.5,0.5230899999999999,925.75,3
202,136.5,1.128,-0.025263,-0.09350499999999999,3,-64.0,0.33748,921.25,3
203,136.75,1.128,-0.025263,-0.09350499999999999,3,-64.0,4.1341,920.25,3
204,137.25,1.339,-0.12861,0.0091224,3,-63.5,2.2028,923.25,3
205,138.25,1.1983,0.0091865,-0.11631,3,-61.0,5.2155,924.25,3
206,138.75,1.0107,0.21588000000000002,-0.38998,3,-56.5,5.4917,920.75,3
207,140.5,0.65897,0.57186,-0.59524,1,-70.0,2.1138,921.75,1
208,141.25,0.65897,0.57186,-0.59524,3,-62.0,0.39423,921.25,1
209,141.5,0.65897,0.57186,-0.59524,3,-60.5,1.0017,920.25,1
210,142.5,0.41273000000000004,0.95081,0.020525,3,-62.0,5.9472,922.75,1
211,143.5,0.41273000000000004,0.95081,0.020525,3,-61.5,4.9041,920.75,1
212,149.25,0.13132,0.96229,0.27139,1,-59.5,1.4266,925.25,4
213,156.0,-0.13835999999999998,1.0427,0.23718000000000003,1,-60.0,2.1246,921.25,2
214,158.5,-0.13835999999999998,1.0427,0.23718000000000003,1,-59.0,5.7248,920.25,2
215,161.5,0.70587,0.81301,0.054735,1,-59.0,1.3054,922.25,2
216,164.5,0.70587,0.81301,0.054735,1,-59.5,0.9832799999999999,922.75,2
217,165.75,0.70587,0.81301,0.054735,1,-58.5,5.0759,921.25,2
218,167.25,0.70587,0.81301,0.054735,1,-59.0,4.7569,921.75,2
219,174.25,0.9169299999999999,0.74411,0.13455999999999999,1,-60.0,0.82988,922.75,2
220,176.75,0.9169299999999999,0.74411,0.13455999999999999,1,-60.0,0.77159,922.75,2
221,178.0,0.9169299999999999,0.74411,0.13455999999999999,1,-59.0,5.5868,920.25,2
222,182.75,0.8934799999999999,0.75559,0.11175,1,-59.0,4.9517,921.25,2
223,184.25,0.8934799999999999,0.75559,0.11175,1,-59.5,1.4864,921.75,2
224,187.5,0.8934799999999999,0.75559,0.11175,1,-59.5,1.7411,921.25,2
225,189.75,0.8934799999999999,0.75559,0.11175,1,-59.0,5.2861,920.75,2
226,192.75,0.8114,0.76708,0.08894400000000001,1,-60.5,0.15492999999999998,923.75,2
227,194.75,0.8114,0.76708,0.08894400000000001,1,-59.0,5.0177,921.25,2
228,196.25,0.8114,0.76708,0.08894400000000001,1,-62.5,5.777,924.75,2
229,270.75,0.8583,0.76708,0.13455999999999999,1,-63.5,0.31446999999999997,923.75,2
230,292.5,0.41273000000000004,1.0427,0.16876,2,-58.5,0.90505,920.25,4
231,296.75,0.41273000000000004,1.0427,0.16876,2,-66.0,1.6245,925.75,1
232,297.0,0.41273000000000004,1.0427,0.16876,1,-64.5,5.6404,920.75,1
233,297.25,0.57689,0.82449,-0.31016,3,-60.0,0.029146,920.25,1
234,298.25,0.7527699999999999,0.30775,-0.66366,2,-53.0,6.0454,923.25,3
235,298.5,0.8465799999999999,0.28478000000000003,-0.70927,3,-59.0,0.53383,924.75,3
236,299.25,1.1514,0.26182,-0.29875999999999997,3,-62.0,1.4281,920.75,3
237,299.5,1.1514,0.26182,-0.29875999999999997,3,-61.5,0.98175,921.25,3
238,299.75,1.1514,0.26182,-0.29875999999999997,3,-60.5,0.24697,920.25,3
239,300.0,1.1514,0.26182,-0.29875999999999997,3,-62.5,0.25464000000000003,922.25,3
240,300.5,1.1514,0.26182,-0.29875999999999997,3,-62.0,1.9972,923.25,3
241,300.75,1.1514,0.26182,-0.29875999999999997,3,-61.0,2.0203,922.75,3
242,301.75,0.9990100000000001,-0.10565,-0.24174,3,-63.0,6.1773,925.75,3
243,302.0,0.9990100000000001,-0.10565,-0.24174,3,-60.5,5.6404,921.25,3
244,302.75,1.339,-0.17454,-0.070699,2,-59.0,6.0715,925.25,3
245,303.5,1.0928,-0.036746,-0.15052000000000001,3,-63.0,0.76085,924.75,3
246,303.75,1.0928,-0.036746,-0.15052000000000001,3,-61.0,5.6665,921.75,3
247,304.25,1.0928,-0.036746,-0.15052000000000001,3,-61.5,6.231,921.25,3
248,304.75,1.0928,-0.036746,-0.15052000000000001,2,-60.0,0.72097,923.75,3
249,306.25,1.4211,-0.26641,0.10035,2,-58.0,0.22703,924.25,3
250,306.32,1.4211,-0.26641,0.10035,3,-61.0,0.5092800000000001,925.75,3
251,306.75,1.4211,-0.26641,0.10035,3,-60.5,0.74858,920.75,3
252,307.0,1.4211,-0.26641,0.10035,3,-60.5,0.23317,921.25,3
253,307.25,1.4211,-0.26641,0.10035,3,-60.5,1.6506,923.75,3
254,307.75,1.1514,-0.18603,-0.013684,3,-60.0,2.0295,923.25,3
255,308.0,1.1514,-0.18603,-0.013684,3,-60.0,5.484,922.75,3
256,308.5,1.1514,-0.18603,-0.013684,2,-58.0,1.8055,921.75,3
257,309.0,1.1514,-0.18603,-0.013684,3,-61.0,0.3835,925.75,3
258,309.5,1.1397,-0.17454,-0.047893,3,-61.0,4.1203,920.25,3
259,309.75,1.1397,-0.17454,-0.047893,3,-60.5,5.8859,922.25,3
260,310.0,1.1397,-0.17454,-0.047893,3,-61.0,0.66728,925.25,3
261,310.5,1.1397,-0.17454,-0.047893,3,-60.0,5.4288,922.75,3
262,311.25,1.1749,-0.15158,-0.036489999999999995,3,-61.5,0.21322,925.75,3
263,312.0,1.2452,-0.19751,-0.0022806,3,-61.0,0.85596,920.25,3
264,312.25,1.2452,-0.19751,-0.0022806,3,-60.5,5.8613,922.25,3
265,312.5,1.2452,-0.19751,-0.0022806,2,-58.5,6.05,925.25,3
266,312.75,1.2452,-0.19751,-0.0022806,3,-60.0,2.0555,923.25,3
267,313.0,1.2452,-0.19751,-0.0022806,3,-60.5,1.063,924.75,3
268,313.75,1.1749,-0.17454,-0.047893,3,-61.0,0.28991999999999996,925.75,3
269,314.25,1.1749,-0.17454,-0.047893,3,-60.5,0.15033,921.25,3
270,314.75,1.1514,-0.15158,-0.047893,3,-60.0,5.7125,922.25,3
271,315.0,1.1514,-0.15158,-0.047893,3,-61.0,0.5507,925.25,3
272,315.25,1.1514,-0.15158,-0.047893,3,-60.0,2.2089,922.75,3
273,315.75,1.1514,-0.15158,-0.047893,3,-60.5,6.0285,921.75,3
274,316.0,1.1514,-0.15158,-0.047893,3,-60.5,1.2487,924.25,3
275,316.5,1.1866,-0.17454,-0.036489999999999995,3,-60.5,0.20095,921.25,3
276,316.75,1.1866,-0.17454,-0.036489999999999995,3,-61.0,0.90505,920.25,3
277,317.0,1.1866,-0.17454,-0.036489999999999995,3,-60.0,5.8383,922.25,3
278,317.25,1.1866,-0.17454,-0.036489999999999995,3,-60.5,0.65501,925.25,3
279,318.0,1.1749,-0.17454,-0.047893,3,-60.5,0.948,924.75,3
280,318.25,1.1749,-0.17454,-0.047893,3,-60.5,1.2609,924.25,3
281,319.5,1.2101,-0.16305999999999998,-0.025087,3,-60.5,1.5693,923.75,3
282,319.75,1.2101,-0.16305999999999998,-0.025087,3,-61.0,0.5599,925.25,3
283,320.0,1.2101,-0.16305999999999998,-0.025087,3,-60.5,5.0575,923.25,3
284,320.25,1.2101,-0.16305999999999998,-0.025087,3,-60.0,2.3194,922.75,3
285,320.5,1.2101,-0.16305999999999998,-0.025087,3,-60.5,6.1528,921.75,3
286,321.25,1.128,-0.14009000000000002,-0.059296,3,-60.5,0.10278,921.25,3
287,321.75,1.0694,-0.082679,-0.09350499999999999,3,-60.5,4.6832,923.75,3
288,322.25,1.0694,-0.082679,-0.09350499999999999,3,-61.0,0.52155,925.25,3
289,322.5,1.0694,-0.082679,-0.09350499999999999,3,-60.0,1.8607,923.25,3
290,323.25,1.1397,-0.11713,-0.070699,3,-60.5,1.3284,924.25,3
291,323.75,1.1397,-0.11713,-0.070699,3,-61.0,0.49394,920.75,3
292,324.25,1.1866,-0.17454,-0.059296,3,-60.5,4.7139,923.75,3
293,324.5,1.1866,-0.17454,-0.059296,3,-60.5,5.6895,922.25,3
294,324.75,1.1866,-0.17454,-0.059296,3,-60.5,1.8807,923.25,3
295,325.0,1.1866,-0.17454,-0.059296,3,-60.5,2.169,922.75,3
296,325.5,1.1866,-0.17454,-0.059296,3,-61.0,0.87744,924.75,3
297,326.0,1.1045,-0.11713,-0.082102,3,-61.0,0.43565,920.75,3
298,326.5,1.1045,-0.11713,-0.082102,3,-60.5,0.13959000000000002,921.25,3
299,326.75,1.1045,-0.11713,-0.082102,3,-60.5,1.6552,923.75,3
300,327.25,1.3039,-0.22048,0.0091224,2,-59.0,5.9856,925.25,3
301,327.5,1.3039,-0.22048,0.0091224,3,-60.5,2.3086,922.75,3
302,327.75,1.3039,-0.22048,0.0091224,3,-61.0,0.9694799999999999,924.75,3
303,328.25,1.3039,-0.22048,0.0091224,3,-60.5,1.2732,924.25,3
304,329.25,1.2218,-0.17454,-0.013684,3,-61.0,4.6572,923.75,3
305,329.5,1.2218,-0.17454,-0.013684,2,-58.5,5.8399,925.25,3
306,330.0,1.2218,-0.17454,-0.013684,3,-60.5,2.1921,922.75,3
307,330.25,1.2218,-0.17454,-0.013684,3,-61.0,0.91732,924.75,3
308,330.5,1.2218,-0.17454,-0.013684,2,-57.5,0.21475999999999998,924.25,3
309,330.75,1.2218,-0.17454,-0.013684,3,-61.5,0.21015999999999999,925.75,3
310,331.25,1.128,-0.11713,-0.070699,3,-61.0,6.2817,921.25,3
311,332.0,1.0694,-0.07119600000000001,-0.082102,3,-61.5,4.9824,923.25,3
312,332.5,1.0694,-0.07119600000000001,-0.082102,3,-60.5,2.2151,922.75,3
313,333.25,1.1163,-0.11713,-0.070699,3,-61.5,0.20555,925.75,3
314,333.5,1.1163,-0.11713,-0.070699,3,-61.0,0.36355,920.75,3
315,333.75,1.1163,-0.11713,-0.070699,3,-61.0,6.2694,921.25,3
316,334.5,1.128,-0.10565,-0.047893,2,-58.5,5.8598,925.25,3
317,334.75,1.128,-0.10565,-0.047893,3,-61.0,5.2738,922.75,3
318,335.0,1.128,-0.10565,-0.047893,3,-61.0,0.89891,924.75,3
319,335.75,1.0928,-0.10565,-0.070699,3,-61.5,0.17640999999999998,925.75,3
320,336.0,1.0928,-0.10565,-0.070699,3,-60.5,6.277,921.25,3
321,336.25,1.0928,-0.10565,-0.070699,3,-60.5,3.8165,920.25,3
322,336.5,1.0928,-0.10565,-0.070699,3,-60.5,4.6342,923.75,3
323,336.75,1.0928,-0.10565,-0.070699,2,-58.5,5.8491,925.25,3
324,337.0,1.0928,-0.10565,-0.070699,3,-60.0,1.8239,923.25,3
325,337.75,1.1045,-0.094162,-0.059296,3,-60.5,6.0055,921.75,3
326,338.0,1.1045,-0.094162,-0.059296,3,-61.0,0.23317,925.75,3
327,338.75,1.0694,-0.094162,-0.09350499999999999,3,-61.0,3.8748,920.25,3
328,339.0,1.0694,-0.094162,-0.09350499999999999,3,-60.5,5.6589,922.25,3
329,339.25,1.0694,-0.094162,-0.09350499999999999,2,-59.0,5.8107,925.25,3
330,340.0,1.1983,-0.15158,-0.025087,3,-60.5,0.8544299999999999,924.75,3
331,340.25,1.1983,-0.15158,-0.025087,3,-60.5,5.9703,921.75,3
332,340.5,1.1983,-0.15158,-0.025087,3,-61.5,0.21322,925.75,3
333,341.75,1.1749,-0.14009000000000002,-0.025087,3,-61.0,0.5322899999999999,925.25,3
334,342.0,1.1749,-0.14009000000000002,-0.025087,3,-60.0,1.8530000000000002,923.25,3
335,342.25,1.1749,-0.14009000000000002,-0.025087,3,-61.0,0.8713,924.75,3
336,342.75,1.3156,-0.19751,0.031928,3,-61.5,0.16874,925.75,3
337,343.5,1.3273,-0.15158,0.054735,3,-61.5,0.66728,920.25,3
338,343.75,1.3273,-0.15158,0.054735,3,-61.0,5.7586,922.25,3
339,344.25,1.3273,-0.15158,0.054735,3,-61.0,0.5706399999999999,925.25,3
340,344.5,1.3273,-0.15158,0.054735,3,-60.5,5.2984,922.75,3
341,345.25,1.2218,-0.12861,0.0091224,3,-61.0,1.1566,924.25,3
342,345.5,1.2218,-0.12861,0.0091224,3,-61.5,0.28991999999999996,920.75,3
343,345.75,1.2218,-0.12861,0.0091224,3,-61.5,6.2663,921.25,3
344,346.0,1.2218,-0.12861,0.0091224,3,-61.5,3.7859,920.25,3
345,346.25,1.2218,-0.12861,0.0091224,3,-61.0,5.6665,922.25,3
346,347.0,1.2218,-0.15158,-0.0022806,3,-60.5,5.2968,922.75,3
347,348.25,1.2452,-0.12861,0.020525,3,-61.0,6.2678,921.25,3
348,349.0,1.2218,-0.12861,-0.0022806,3,-61.0,5.645,922.25,3
349,349.75,1.128,-0.07119600000000001,-0.036489999999999995,3,-61.0,5.9288,921.75,3
350,350.25,1.128,-0.07119600000000001,-0.036489999999999995,3,-61.5,0.076699,925.75,3
351,351.0,1.0811,-0.036746,-0.070699,3,-61.5,0.65961,920.25,3
352,351.25,1.0811,-0.036746,-0.070699,3,-61.0,5.6481,922.25,3
353,351.5,1.0811,-0.036746,-0.070699,2,-59.0,5.8353,925.25,3
354,351.75,1.0811,-0.036746,-0.070699,3,-60.5,1.827,923.25,3
355,352.0,1.0811,-0.036746,-0.070699,3,-61.5,3.9439,924.75,3
356,352.75,1.1749,-0.11713,-0.025087,3,-61.5,0.076699,925.75,3
357,353.25,1.1749,-0.11713,-0.025087,3,-61.0,6.2709,921.25,3
358,354.0,1.1163,-0.082679,-0.047893,3,-61.5,0.48933999999999994,925.25,3
359,354.25,1.1163,-0.082679,-0.047893,3,-60.5,1.8147,923.25,3
360,354.5,1.1163,-0.082679,-0.047893,3,-61.0,0.80994,924.75,3
361,355.25,1.3977,-0.18603,0.066138,3,-61.5,0.28531999999999996,920.75,3
362,356.0,1.1397,-0.082679,-0.047893,3,-61.0,5.6343,922.25,3
363,356.5,1.1397,-0.082679,-0.047893,2,-59.0,5.8322,925.25,3
364,356.58,1.1397,-0.082679,-0.047893,3,-60.5,1.8178,923.25,3
365,356.75,1.1397,-0.082679,-0.047893,3,-61.0,0.79614,924.75,3
366,357.25,1.1397,-0.082679,-0.047893,3,-61.0,5.8997,921.75,3
367,357.5,1.1397,-0.082679,-0.047893,3,-61.5,0.076699,925.75,3
368,358.0,1.1163,-0.059712,-0.047893,3,-61.0,6.2617,921.25,3
369,358.25,1.1163,-0.059712,-0.047893,3,-60.5,4.6526,923.75,3
370,358.75,1.1163,-0.059712,-0.047893,3,-61.0,5.619,922.25,3
371,359.0,1.1163,-0.059712,-0.047893,3,-60.5,5.2662,922.75,3
372,359.75,1.1397,-0.082679,-0.047893,3,-61.5,5.8828,921.75,3
373,360.0,1.1397,-0.082679,-0.047893,3,-61.5,0.059825,925.75,3
374,360.75,1.0342,-0.025263,-0.082102,3,-60.5,1.4987,923.75,3
375,361.0,1.0342,-0.025263,-0.082102,3,-61.0,5.6328,922.25,3
376,361.5,1.0342,-0.025263,-0.082102,3,-61.0,5.3014,922.75,3
377,362.25,1.2101,-0.11713,-0.0022806,3,-61.0,1.1367,924.25,3
378,362.5,1.2101,-0.11713,-0.0022806,3,-61.5,0.27765,920.75,3
379,363.25,1.2218,-0.12861,0.0091224,3,-61.0,5.6128,922.25,3
380,363.75,1.2218,-0.12861,0.0091224,2,-59.5,5.8077,925.25,3
381,365.25,1.1866,-0.094162,-0.0022806,3,-61.5,3.7552,920.25,3
382,366.25,1.0811,-0.059712,-0.059296,3,-61.5,0.4648,925.25,3
383,366.5,1.0811,-0.059712,-0.059296,3,-60.5,2.1384,922.75,3
384,366.75,1.0811,-0.059712,-0.059296,3,-61.0,0.80994,924.75,3
385,367.0,1.0811,-0.059712,-0.059296,3,-61.0,5.9028,921.75,3
386,367.25,1.0811,-0.059712,-0.059296,2,-59.5,5.4932,925.75,3
387,368.0,1.0811,-0.036746,-0.082102,3,-61.5,0.67188,920.25,3
388,368.25,1.0811,-0.036746,-0.082102,3,-61.0,5.6803,922.25,3
389,368.75,1.0811,-0.036746,-0.082102,3,-60.5,1.8623,923.25,3
390,369.0,1.0811,-0.036746,-0.082102,3,-60.5,5.3091,922.75,3
391,369.5,1.0576,-0.036746,-0.059296,3,-61.0,1.1612,924.25,3
392,370.0,1.0576,-0.036746,-0.059296,3,-61.5,0.36355,920.75,3
393,370.5,1.1397,-0.094162,-0.025087,3,-60.5,1.534,923.75,3
394,370.75,1.1397,-0.094162,-0.025087,2,-59.5,5.7908,925.25,3
395,371.25,1.1397,-0.094162,-0.025087,3,-60.5,5.3045,922.75,3
396,371.5,1.1397,-0.094162,-0.025087,2,-59.0,6.0562,924.75,3
397,372.0,1.2335,-0.14009000000000002,0.0091224,3,-62.0,0.084369,925.75,3
398,373.0,1.1397,-0.082679,-0.036489999999999995,3,-60.5,1.5493,923.75,3
399,373.25,1.1397,-0.082679,-0.036489999999999995,3,-61.0,5.6374,922.25,3
400,374.0,1.3508,-0.17454,0.031928,3,-61.0,5.935,921.75,3
401,374.5,1.3508,-0.17454,0.031928,2,-59.5,5.4963,925.75,3
402,374.75,1.3508,-0.17454,0.031928,3,-61.5,0.32674000000000003,920.75,3
403,375.5,1.2218,-0.14009000000000002,0.0091224,3,-60.5,4.6694,923.75,3
404,375.75,1.2218,-0.14009000000000002,0.0091224,2,-59.0,5.7892,925.25,3
405,376.0,1.2218,-0.14009000000000002,0.0091224,3,-60.5,1.83,923.25,3
406,376.25,1.2218,-0.14009000000000002,0.0091224,2,-59.0,6.05,924.75,3
407,377.0,1.339,-0.16305999999999998,0.043332,3,-61.5,0.093573,925.75,3
408,377.25,1.339,-0.16305999999999998,0.043332,3,-61.5,0.34820999999999996,920.75,3
409,377.5,1.339,-0.16305999999999998,0.043332,3,-61.5,3.8043,920.25,3
410,377.75,1.339,-0.16305999999999998,0.043332,3,-60.5,1.514,923.75,3
411,378.5,1.3156,-0.16305999999999998,0.031928,3,-60.5,1.7994,923.25,3
412,378.75,1.3156,-0.16305999999999998,0.031928,3,-61.0,0.80687,924.75,3
413,379.0,1.3156,-0.16305999999999998,0.031928,3,-61.0,5.9043,921.75,3
414,379.5,1.3156,-0.16305999999999998,0.031928,3,-61.0,3.4760000000000004,920.75,3
415,380.25,1.3625,-0.18603,0.043332,3,-61.5,3.8135,920.25,3
416,380.5,1.3625,-0.18603,0.043332,3,-61.0,5.6128,922.25,3
417,381.5,1.1397,-0.082679,-0.036489999999999995,3,-61.0,5.9166,921.75,3
418,381.75,1.1397,-0.082679,-0.036489999999999995,3,-61.5,0.11812,925.75,3
419,382.25,1.1397,-0.082679,-0.036489999999999995,3,-61.0,0.36509,920.75,3
420,382.75,1.1632,-0.10565,-0.025087,3,-60.5,1.5294,923.75,3
421,383.0,1.1632,-0.10565,-0.025087,3,-61.5,0.4648,925.25,3
422,383.5,1.1632,-0.10565,-0.025087,3,-60.5,2.1338,922.75,3
423,383.75,1.1632,-0.10565,-0.025087,3,-61.0,0.82375,924.75,3
424,384.5,1.3625,-0.17454,0.054735,3,-61.5,0.12272000000000001,925.75,3
425,384.75,1.3625,-0.17454,0.054735,3,-61.5,0.009203900000000001,921.25,3
426,385.0,1.3625,-0.17454,0.054735,3,-60.5,1.4987,923.75,3
427,386.0,1.1514,-0.082679,-0.036489999999999995,3,-60.5,5.2784,922.75,3
428,386.25,1.1514,-0.082679,-0.036489999999999995,3,-61.0,5.9319,921.75,3
429,386.5,1.1514,-0.082679,-0.036489999999999995,3,-60.5,1.195,924.25,3
430,387.0,1.1514,-0.082679,-0.036489999999999995,3,-61.5,0.33594,920.75,3
431,387.5,1.128,-0.07119600000000001,-0.036489999999999995,3,-60.5,1.4803,923.75,3
432,387.75,1.128,-0.07119600000000001,-0.036489999999999995,3,-60.5,5.5729999999999995,922.25,3
433,388.25,1.128,-0.07119600000000001,-0.036489999999999995,3,-61.0,4.9333,923.25,3
434,389.25,1.128,-0.094162,-0.036489999999999995,2,-59.5,5.4963,925.75,3
435,389.75,1.128,-0.082679,-0.047893,3,-61.5,0.62126,920.25,3
436,390.0,1.128,-0.082679,-0.047893,3,-60.5,1.4680000000000002,923.75,3
437,390.25,1.128,-0.082679,-0.047893,3,-61.0,2.4482,922.25,3
438,391.0,1.1397,-0.082679,-0.025087,3,-61.0,0.8575,924.75,3
439,391.25,1.1397,-0.082679,-0.025087,3,-61.0,1.1796,924.25,3
440,391.75,1.1397,-0.082679,-0.025087,3,-61.5,0.3114,920.75,3
441,392.5,1.3039,-0.16305999999999998,0.043332,3,-60.5,5.5883,922.25,3
442,393.0,1.3039,-0.16305999999999998,0.043332,2,-59.5,5.7555,925.25,3
443,393.5,1.3625,-0.19751,0.043332,2,-59.0,6.0638,924.75,3
444,393.75,1.3625,-0.19751,0.043332,3,-61.0,1.1827,924.25,3
445,394.25,1.3625,-0.19751,0.043332,3,-61.5,0.11198,925.75,3
446,395.0,1.0811,-0.048229,-0.070699,3,-60.5,1.4726,923.75,3
447,395.25,1.0811,-0.048229,-0.070699,2,-59.5,5.7217,925.25,3
448,396.0,1.1045,-0.07119600000000001,-0.036489999999999995,3,-61.0,0.8452200000000001,924.75,3
449,396.25,1.1045,-0.07119600000000001,-0.036489999999999995,3,-61.0,1.1628,924.25,3
450,396.75,1.1045,-0.07119600000000001,-0.036489999999999995,3,-61.5,0.29452,920.75,3
451,397.0,1.1045,-0.07119600000000001,-0.036489999999999995,3,-61.0,6.2356,921.25,3
452,397.75,1.1632,-0.10565,-0.025087,3,-61.5,0.44485,925.25,3
453,398.25,1.1632,-0.10565,-0.025087,3,-60.5,2.1614,922.75,3
454,398.75,1.128,-0.082679,-0.036489999999999995,3,-61.0,1.1735,924.25,3
455,399.25,1.128,-0.082679,-0.036489999999999995,3,-61.5,0.29452,920.75,3
456,399.5,1.128,-0.082679,-0.036489999999999995,3,-61.5,6.2264,921.25,3
457,400.0,1.1866,-0.10565,-0.013684,2,-59.5,5.7555,925.25,3
458,400.5,1.1866,-0.10565,-0.013684,3,-60.5,2.1491,922.75,3
459,401.5,1.1397,-0.10565,-0.036489999999999995,3,-61.5,3.4591,920.75,3
460,401.75,1.1397,-0.10565,-0.036489999999999995,3,-61.5,6.228,921.25,3
461,402.25,1.1397,-0.07119600000000001,-0.036489999999999995,3,-61.0,5.5852,922.25,3
462,402.75,1.1397,-0.07119600000000001,-0.036489999999999995,3,-60.5,1.8254,923.25,3
463,403.0,1.1397,-0.07119600000000001,-0.036489999999999995,3,-61.0,0.81148,924.75,3
464,403.75,1.0811,-0.048229,-0.070699,3,-61.5,0.092039,925.75,3
465,404.25,1.0811,-0.048229,-0.070699,3,-61.0,6.2817,921.25,3
466,404.5,1.0811,-0.048229,-0.070699,3,-62.0,0.61666,920.25,3
467,404.75,1.0811,-0.048229,-0.070699,3,-61.0,2.5265,922.25,3
468,405.0,1.0811,-0.048229,-0.070699,3,-61.5,0.5108199999999999,925.25,3
469,405.75,1.1866,-0.10565,-0.013684,3,-61.0,0.82988,924.75,3
470,406.0,1.1866,-0.10565,-0.013684,3,-61.0,1.1873,924.25,3
471,406.5,1.1866,-0.10565,-0.013684,3,-61.5,0.3068,920.75,3
472,406.75,1.1866,-0.10565,-0.013684,3,-61.5,6.277,921.25,3
473,407.0,1.1866,-0.10565,-0.013684,3,-60.5,1.5386,923.75,3
474,407.75,1.1866,-0.11713,-0.013684,3,-60.5,1.8776,923.25,3
475,408.0,1.1866,-0.11713,-0.013684,3,-61.0,0.8743700000000001,924.75,3
476,408.5,1.1866,-0.11713,-0.013684,3,-61.0,1.1965,924.25,3
477,408.75,1.1866,-0.11713,-0.013684,3,-61.5,0.30985999999999997,920.75,3
478,409.0,1.1866,-0.11713,-0.013684,3,-61.5,6.254,921.25,3
479,409.75,1.2101,-0.11713,-0.0022806,3,-61.0,5.6435,922.25,3
480,410.75,1.1632,-0.10565,-0.025087,3,-61.5,5.9334,921.75,3
481,411.25,1.1632,-0.10565,-0.025087,3,-61.5,0.29606,920.75,3
482,412.0,1.0811,-0.048229,-0.070699,2,-58.5,0.32827,923.75,3
483,412.25,1.0811,-0.048229,-0.070699,3,-61.5,0.50775,925.25,3
484,412.5,1.0811,-0.048229,-0.070699,3,-61.0,4.9931,923.25,3
485,412.75,1.0811,-0.048229,-0.070699,2,-59.0,6.0255,924.75,3
486,413.5,1.128,-0.082679,-0.047893,3,-62.0,0.11505,925.75,3
487,414.0,1.128,-0.082679,-0.047893,3,-61.5,6.2617,921.25,3
488,414.25,1.128,-0.082679,-0.047893,3,-61.5,0.61819,920.25,3
489,415.0,1.3508,-0.17454,0.043332,3,-61.0,4.941,923.25,3
490,415.25,1.3508,-0.17454,0.043332,3,-60.5,2.1414,922.75,3
491,416.0,1.1749,-0.10565,-0.025087,3,-61.5,0.27458,920.75,3
492,416.5,1.1749,-0.10565,-0.025087,3,-61.0,6.2249,921.25,3
493,416.75,1.1749,-0.10565,-0.025087,3,-60.5,1.4435,923.75,3
494,417.5,1.128,-0.082679,-0.047893,3,-60.5,1.7994,923.25,3
495,417.75,1.128,-0.082679,-0.047893,3,-60.5,2.146,922.75,3
496,418.0,1.128,-0.082679,-0.047893,3,-60.5,1.1858,924.25,3
497,419.5,1.2335,-0.12861,0.0091224,3,-61.0,5.5668,922.25,3
498,419.75,1.2335,-0.12861,0.0091224,3,-61.0,4.9394,923.25,3
499,420.5,1.128,-0.082679,-0.036489999999999995,3,-60.5,1.198,924.25,3
500,421.0,1.128,-0.082679,-0.036489999999999995,3,-61.0,0.3068,920.75,3
501,421.25,1.128,-0.082679,-0.036489999999999995,3,-61.0,6.251,921.25,3
502,422.0,1.339,-0.16305999999999998,0.043332,3,-61.5,0.44792,925.25,3
503,423.0,1.1749,-0.10565,-0.013684,2,-59.0,0.036816,924.25,3
504,423.25,1.1749,-0.10565,-0.013684,3,-61.5,0.13806,925.75,3
505,423.75,1.2101,-0.12861,0.0091224,3,-61.5,0.65041,920.25,3
506,424.25,1.2101,-0.12861,0.0091224,3,-60.5,1.4880000000000002,923.75,3
507,424.5,1.2101,-0.12861,0.0091224,3,-61.5,0.474,925.25,3
508,424.75,1.2101,-0.12861,0.0091224,3,-60.5,5.2631,922.75,3
509,425.75,1.1983,-0.10565,-0.0022806,3,-61.5,0.12732000000000002,925.75,3
510,426.0,1.1983,-0.10565,-0.0022806,3,-61.5,0.0061359,921.25,3
511,426.75,1.128,-0.094162,-0.047893,3,-61.0,5.5975,922.25,3
512,427.0,1.128,-0.094162,-0.047893,2,-59.5,5.7294,925.25,3
513,427.75,1.1163,-0.059712,-0.047893,3,-61.0,5.9104,921.75,3
514,428.25,1.1163,-0.059712,-0.047893,2,-59.5,5.4932,925.75,3
515,429.0,1.1749,-0.10565,-0.013684,3,-60.5,1.5217,923.75,3
516,429.75,1.1397,-0.094162,-0.047893,3,-60.5,2.1292,922.75,3
517,430.0,1.1397,-0.094162,-0.047893,3,-61.5,5.8982,921.75,3
518,430.75,1.128,-0.082679,-0.047893,3,-61.5,0.3068,920.75,3
519,431.0,1.128,-0.082679,-0.047893,3,-61.0,6.277,921.25,3
520,431.5,1.128,-0.082679,-0.047893,3,-60.5,1.514,923.75,3
521,432.25,1.1749,-0.10565,-0.025087,3,-60.5,5.2708,922.75,3
522,432.5,1.1749,-0.10565,-0.025087,3,-61.5,5.892,921.75,3
523,433.0,1.1749,-0.10565,-0.025087,3,-61.5,0.11965,925.75,3
524,433.5,1.0576,-0.036746,-0.082102,3,-61.5,0.6473399999999999,920.25,3
525,434.5,1.0928,-0.059712,-0.070699,3,-60.5,1.8147,923.25,3
526,434.75,1.0928,-0.059712,-0.070699,3,-60.5,2.1154,922.75,3
527,435.0,1.0928,-0.059712,-0.070699,3,-61.0,5.9074,921.75,3
528,435.25,1.0928,-0.059712,-0.070699,3,-61.0,1.1582,924.25,3
529,435.75,1.0928,-0.059712,-0.070699,3,-61.5,0.31753000000000003,920.75,3
530,436.25,1.2101,-0.12861,-0.036489999999999995,3,-61.0,4.6526,923.75,3
531,436.5,1.2101,-0.12861,-0.036489999999999995,3,-61.0,5.6052,922.25,3
532,437.25,1.1163,-0.059712,-0.047893,2,-59.5,5.9979,924.75,3
533,437.75,1.1163,-0.059712,-0.047893,3,-61.0,1.1351,924.25,3
534,438.25,1.1514,-0.094162,-0.047893,3,-61.0,6.2663,921.25,3
535,438.75,1.1514,-0.094162,-0.047893,3,-61.0,4.6449,923.75,3
536,439.0,1.1514,-0.094162,-0.047893,2,-59.0,5.7954,925.25,3
537,439.75,1.2921,-0.16305999999999998,0.031928,2,-59.0,6.0285,924.75,3
538,440.0,1.2921,-0.16305999999999998,0.031928,3,-61.0,5.8951,921.75,3
539,440.75,1.1514,-0.082679,-0.036489999999999995,3,-61.0,6.2418,921.25,3
540,441.0,1.1514,-0.082679,-0.036489999999999995,3,-60.5,1.4987,923.75,3
541,441.25,1.1514,-0.082679,-0.036489999999999995,3,-60.5,5.6251,922.25,3
542,441.5,1.1514,-0.082679,-0.036489999999999995,2,-59.5,5.7678,925.25,3
543,442.5,1.1749,-0.11713,-0.025087,3,-61.0,5.8997,921.75,3
544,442.75,1.1749,-0.11713,-0.025087,3,-61.5,0.084369,925.75,3
545,443.5,1.3625,-0.16305999999999998,0.043332,3,-61.5,3.7659,920.25,3
546,444.25,1.1045,-0.07119600000000001,-0.059296,3,-60.5,2.1384,922.75,3
547,444.5,1.1045,-0.07119600000000001,-0.059296,3,-61.0,0.83295,924.75,3
548,444.75,1.1045,-0.07119600000000001,-0.059296,3,-61.0,5.892,921.75,3
549,445.25,1.1045,-0.07119600000000001,-0.059296,3,-61.5,0.09510700000000001,925.75,3
550,445.75,1.0928,-0.048229,-0.070699,3,-61.5,0.61359,920.25,3
551,446.0,1.0928,-0.048229,-0.070699,3,-60.5,5.5975,922.25,3
552,446.5,1.0928,-0.048229,-0.070699,2,-59.5,5.757000000000001,925.25,3
553,446.78,1.0928,-0.048229,-0.070699,3,-60.5,1.83,923.25,3
554,447.0,1.0928,-0.048229,-0.070699,2,-59.0,6.0393,924.75,3
555,447.5,1.2452,-0.11713,0.0091224,3,-61.0,1.1643,924.25,3
556,448.0,1.2452,-0.11713,0.0091224,3,-61.0,0.29452,920.75,3
557,448.25,1.2452,-0.11713,0.0091224,3,-61.5,3.7613,920.25,3
558,448.75,1.1749,-0.10565,-0.025087,3,-61.5,0.48781,925.25,3
559,449.25,1.1749,-0.10565,-0.025087,3,-60.5,2.1307,922.75,3
560,449.5,1.1749,-0.10565,-0.025087,3,-61.0,5.9273,921.75,3
561,450.0,1.1749,-0.10565,-0.025087,3,-61.0,1.1520000000000001,924.25,3
562,451.25,1.3977,-0.19751,0.054735,2,-59.5,5.7678,925.25,3
563,451.75,1.0928,-0.059712,-0.070699,3,-61.0,0.83909,924.75,3
564,452.25,1.0928,-0.059712,-0.070699,2,-59.0,0.013806,924.25,3
565,452.5,1.0928,-0.059712,-0.070699,3,-61.0,0.26231,920.75,3
566,453.25,1.128,-0.07119600000000001,-0.047893,3,-60.5,1.5186,923.75,3
567,453.5,1.128,-0.07119600000000001,-0.047893,3,-61.0,5.6174,922.25,3
568,453.75,1.128,-0.07119600000000001,-0.047893,3,-60.5,1.827,923.25,3
569,454.0,1.128,-0.07119600000000001,-0.047893,3,-61.0,5.2938,922.75,3
570,454.75,1.2101,-0.14009000000000002,-0.0022806,3,-61.0,1.1643,924.25,3
571,455.5,1.0928,-0.07119600000000001,-0.070699,3,-61.0,3.7705,920.25,3
572,456.0,1.0928,-0.07119600000000001,-0.070699,3,-61.0,5.6021,922.25,3
573,456.25,1.0928,-0.07119600000000001,-0.070699,3,-60.5,1.8346,923.25,3
574,457.0,1.2218,-0.14009000000000002,-0.013684,3,-61.0,1.1628,924.25,3
575,457.5,1.2218,-0.14009000000000002,-0.013684,3,-61.5,0.092039,925.75,3
576,457.75,1.2218,-0.14009000000000002,-0.013684,3,-61.0,6.2494,921.25,3
577,458.5,1.1866,-0.10565,-0.013684,3,-61.0,5.5852,922.25,3
578,459.25,1.2804,-0.14009000000000002,0.0091224,3,-61.0,0.8452200000000001,924.75,3
579,459.5,1.2804,-0.14009000000000002,0.0091224,3,-61.0,5.9028,921.75,3
580,459.75,1.2804,-0.14009000000000002,0.0091224,3,-61.5,0.10430999999999999,925.75,3
581,460.5,1.1163,-0.07119600000000001,-0.059296,3,-61.0,0.63353,920.25,3
582,460.75,1.1163,-0.07119600000000001,-0.059296,3,-61.0,5.6236,922.25,3
583,461.25,1.1163,-0.07119600000000001,-0.059296,3,-60.5,1.8224,923.25,3
584,462.25,1.1749,-0.10565,-0.025087,2,-60.0,5.4579,925.75,3
585,462.5,1.1749,-0.10565,-0.025087,3,-61.0,0.28225,920.75,3
586,463.0,1.0928,-0.059712,-0.059296,3,-60.5,1.5048,923.75,3
587,463.25,1.0928,-0.059712,-0.059296,3,-61.0,2.4467,922.25,3
588,463.5,1.0928,-0.059712,-0.059296,3,-61.0,4.9594,923.25,3
589,463.75,1.0928,-0.059712,-0.059296,3,-61.0,5.2447,922.75,3
