,time,frontal,vertical,lateral,id,rssi,phase,freq,label
0,0.0,0.23685,0.9163600000000001,0.11175,3,-54.5,0.9986200000000001,920.75,4
1,3.25,0.29548,1.0886,0.12315,3,-62.5,4.151,922.25,1
2,4.0,0.44791000000000003,0.9163600000000001,-0.25315,1,-65.0,5.5131,922.75,1
3,4.3,0.44791000000000003,0.9163600000000001,-0.25315,3,-59.0,1.6981,921.75,1
4,4.55,0.44791000000000003,0.9163600000000001,-0.25315,3,-58.5,1.2379,924.25,1
5,4.75,0.44791000000000003,0.9163600000000001,-0.25315,3,-59.5,5.9472,925.75,1
6,5.0,0.54171,0.45703,-0.7662800000000001,3,-59.0,0.6089899999999999,920.75,1
7,7.5,1.1514,-0.025263,-0.18473,3,-60.5,0.049087,921.25,3
8,8.0,1.339,-0.12861,-0.19613,3,-61.5,1.3162,923.75,3
9,8.25,1.339,-0.12861,-0.19613,3,-63.0,0.14573,925.25,3
10,9.0,1.0107,-0.048229,-0.09350499999999999,3,-60.0,0.55837,924.75,3
11,9.25,1.0107,-0.048229,-0.09350499999999999,3,-59.5,5.8153,921.75,3
12,10.0,1.0694,-0.094162,-0.082102,3,-59.0,5.9457,921.25,3
13,10.25,1.0694,-0.094162,-0.082102,3,-60.5,0.5092800000000001,920.25,3
14,10.75,1.0576,-0.082679,-0.036489999999999995,3,-59.5,5.5423,922.25,3
15,11.0,1.0576,-0.082679,-0.036489999999999995,3,-60.5,1.6966,923.25,3
16,11.5,1.0576,-0.082679,-0.036489999999999995,3,-62.0,0.82988,924.75,3
17,12.0,1.0576,-0.082679,-0.036489999999999995,2,-59.0,0.59365,924.25,3
18,12.75,1.3039,-0.20899,0.10035,3,-61.5,1.422,923.75,3
19,13.25,1.3039,-0.20899,0.10035,3,-61.5,2.3347,922.25,3
20,13.75,1.3039,-0.20899,0.10035,3,-61.0,2.1138,922.75,3
21,14.5,1.2101,-0.19751,0.043332,2,-59.0,5.5239,925.75,3
22,15.0,1.2101,-0.19751,0.043332,2,-57.0,2.0448,921.25,3
23,15.75,1.1397,-0.15158,0.020525,3,-62.0,0.35588000000000003,925.25,3
24,16.75,1.1514,-0.15158,-0.0022806,3,-61.5,0.033748,925.75,3
25,17.25,1.1514,-0.15158,-0.0022806,3,-61.0,0.23623000000000002,920.75,3
26,17.5,1.1514,-0.15158,-0.0022806,3,-61.5,0.52462,920.25,3
27,18.25,1.0576,-0.07119600000000001,-0.047893,2,-58.5,5.7233,925.25,3
28,18.5,1.0576,-0.07119600000000001,-0.047893,3,-60.5,5.1266,922.75,3
29,19.5,1.339,-0.20899,0.066138,2,-59.0,5.4456,925.75,3
30,19.75,1.339,-0.20899,0.066138,3,-60.5,6.1405,921.25,3
31,20.5,1.0811,-0.082679,-0.047893,3,-60.0,5.4027,922.25,3
32,21.25,1.1514,-0.11713,-0.013684,3,-60.5,2.7397,921.75,3
33,21.5,1.1514,-0.11713,-0.013684,3,-60.0,1.0677,924.25,3
34,22.5,1.339,-0.20899,0.066138,3,-60.0,1.33,923.75,3
35,23.25,1.339,-0.19751,0.054735,3,-60.0,1.6644,923.25,3
36,23.5,1.339,-0.19751,0.054735,3,-60.5,0.63967,924.75,3
37,23.75,1.339,-0.19751,0.054735,3,-60.5,2.7089999999999996,921.75,3
38,24.0,1.339,-0.19751,0.054735,3,-60.0,1.06,924.25,3
39,24.5,1.339,-0.19751,0.054735,3,-61.0,0.29452,920.75,3
40,25.0,1.3156,-0.20899,0.054735,3,-60.0,1.3775,923.75,3
41,25.25,1.3156,-0.20899,0.054735,3,-60.5,2.3623,922.25,3
42,25.5,1.3156,-0.20899,0.054735,2,-58.5,5.6635,925.25,3
43,25.75,1.3156,-0.20899,0.054735,3,-60.0,1.6858,923.25,3
44,26.0,1.3156,-0.20899,0.054735,2,-58.5,5.9472,924.75,3
45,26.25,1.3156,-0.20899,0.054735,3,-60.5,5.8567,921.75,3
46,27.0,1.3039,-0.20899,0.054735,3,-61.0,0.32674000000000003,920.75,3
47,27.25,1.3039,-0.20899,0.054735,3,-61.0,6.2065,921.25,3
48,27.5,1.3039,-0.20899,0.054735,3,-60.0,1.4159,923.75,3
49,28.25,1.128,-0.10565,-0.013684,3,-60.0,4.8152,923.25,3
50,28.5,1.128,-0.10565,-0.013684,3,-60.5,0.64427,924.75,3
51,29.25,1.2921,-0.17454,0.054735,2,-59.0,5.441,925.75,3
52,30.0,1.0694,-0.11713,-0.047893,3,-60.0,1.4251,923.75,3
53,30.25,1.0694,-0.11713,-0.047893,2,-58.5,5.6696,925.25,3
54,30.5,1.0694,-0.11713,-0.047893,3,-60.0,1.7089,923.25,3
55,31.25,1.3273,-0.18603,0.054735,2,-58.5,6.2464,924.25,3
56,31.5,1.3273,-0.18603,0.054735,3,-60.5,6.2494,925.75,3
57,32.0,1.3273,-0.18603,0.054735,3,-61.0,0.6258600000000001,920.25,3
58,32.5,1.1632,-0.14009000000000002,0.020525,3,-60.0,2.37,922.25,3
59,32.75,1.1632,-0.14009000000000002,0.020525,3,-60.0,1.6782,923.25,3
60,33.25,1.1632,-0.14009000000000002,0.020525,3,-60.0,5.1342,922.75,3
61,33.75,1.1866,-0.14009000000000002,0.0091224,3,-60.0,1.04,924.25,3
62,34.25,1.1866,-0.14009000000000002,0.0091224,3,-61.0,0.32214,920.75,3
63,34.5,1.1866,-0.14009000000000002,0.0091224,3,-61.0,6.2709,921.25,3
64,35.0,1.3156,-0.19751,0.066138,3,-60.5,0.30985999999999997,925.25,3
65,35.5,1.3156,-0.19751,0.066138,3,-60.0,2.0249,922.75,3
66,35.75,1.3156,-0.19751,0.066138,3,-60.5,0.65501,924.75,3
67,36.5,1.0694,-0.082679,-0.036489999999999995,2,-59.0,5.4303,925.75,3
68,36.75,1.0694,-0.082679,-0.036489999999999995,3,-61.0,0.29146,920.75,3
69,37.0,1.0694,-0.082679,-0.036489999999999995,3,-61.5,0.6089899999999999,920.25,3
70,37.25,1.0694,-0.082679,-0.036489999999999995,3,-60.0,1.3806,923.75,3
71,38.0,1.1045,-0.10565,-0.036489999999999995,3,-60.0,4.809,923.25,3
72,38.25,1.1045,-0.10565,-0.036489999999999995,3,-60.5,0.64427,924.75,3
73,38.5,1.1045,-0.10565,-0.036489999999999995,3,-60.5,5.7923,921.75,3
74,39.25,1.2101,-0.15158,0.031928,3,-61.0,6.2264,921.25,3
75,40.0,1.0928,-0.094162,-0.036489999999999995,3,-60.5,0.29606,925.25,3
76,40.25,1.0928,-0.094162,-0.036489999999999995,3,-60.0,1.6628,923.25,3
77,40.5,1.0928,-0.094162,-0.036489999999999995,3,-60.5,0.6412,924.75,3
78,41.0,1.1632,-0.12861,-0.013684,3,-60.0,1.0201,924.25,3
79,41.5,1.1632,-0.12861,-0.013684,3,-61.0,0.27458,920.75,3
80,41.75,1.1632,-0.12861,-0.013684,3,-61.0,3.7352,920.25,3
81,42.25,1.0928,-0.094162,-0.025087,3,-60.0,5.4917,922.25,3
82,42.75,1.0928,-0.094162,-0.025087,3,-60.0,5.1189,922.75,3
83,43.25,1.0928,-0.094162,-0.025087,3,-60.5,0.6473399999999999,924.75,3
84,43.75,1.1514,-0.12861,-0.0022806,3,-60.5,6.2264,925.75,3
85,44.0,1.1514,-0.12861,-0.0022806,3,-61.0,0.27151,920.75,3
86,44.25,1.1514,-0.12861,-0.0022806,3,-61.0,3.7689999999999997,920.25,3
87,45.0,1.2218,-0.17454,0.043332,3,-60.5,0.29452,925.25,3
88,45.25,1.2218,-0.17454,0.043332,3,-60.0,5.1189,922.75,3
89,45.5,1.2218,-0.17454,0.043332,3,-60.5,0.61206,924.75,3
90,45.75,1.2218,-0.17454,0.043332,3,-60.5,0.9894200000000001,924.25,3
91,46.5,1.3508,-0.20899,0.077541,3,-61.5,0.24236999999999997,920.75,3
92,46.75,1.3508,-0.20899,0.077541,3,-61.0,3.7199,920.25,3
93,47.0,1.3508,-0.20899,0.077541,3,-60.5,4.513,923.75,3
94,47.25,1.3508,-0.20899,0.077541,3,-60.5,0.28225,925.25,3
95,47.75,1.1866,-0.15158,0.020525,3,-60.0,1.9742,922.75,3
96,48.0,1.1866,-0.15158,0.020525,3,-60.5,2.6553,921.75,3
97,48.5,1.1866,-0.15158,0.020525,3,-60.0,1.0063,924.25,3
98,49.25,1.1749,-0.12861,0.0091224,3,-62.0,0.55377,920.25,3
99,49.5,1.1749,-0.12861,0.0091224,3,-60.5,5.4886,922.25,3
100,49.75,1.1749,-0.12861,0.0091224,2,-59.0,5.6343,925.25,3
101,50.5,1.1163,-0.07119600000000001,-0.025087,3,-60.5,0.67188,924.75,3
102,51.0,1.1163,-0.07119600000000001,-0.025087,3,-61.0,6.251,925.75,3
103,51.75,1.0576,-0.082679,-0.047893,3,-61.5,3.6616,920.25,3
104,52.0,1.0576,-0.082679,-0.047893,3,-60.5,5.4963,922.25,3
105,52.5,1.0576,-0.082679,-0.047893,3,-60.5,1.6736,923.25,3
106,52.75,1.0576,-0.082679,-0.047893,3,-60.5,1.9896,922.75,3
107,53.5,1.2101,-0.15158,0.031928,3,-61.0,6.254,925.75,3
108,53.75,1.2101,-0.15158,0.031928,3,-61.5,0.22396,920.75,3
109,54.0,1.2101,-0.15158,0.031928,3,-61.5,0.50468,920.25,3
110,54.5,1.1632,-0.12861,-0.0022806,3,-60.5,2.3347,922.25,3
111,54.75,1.1632,-0.12861,-0.0022806,3,-60.5,4.7998,923.25,3
112,55.25,1.1632,-0.12861,-0.0022806,3,-60.5,0.67188,924.75,3
113,56.0,1.1749,-0.12861,0.020525,3,-61.5,3.3487,920.75,3
114,56.25,1.1749,-0.12861,0.020525,3,-61.0,6.1589,921.25,3
115,56.5,1.1749,-0.12861,0.020525,3,-61.5,3.657,920.25,3
116,56.75,1.1749,-0.12861,0.020525,3,-60.5,2.3363,922.25,3
117,57.0,1.1749,-0.12861,0.020525,3,-61.0,0.27918000000000004,925.25,3
118,57.75,1.0811,-0.059712,-0.013684,2,-59.0,5.8951,924.75,3
119,58.0,1.0811,-0.059712,-0.013684,3,-60.5,1.0431,924.25,3
120,58.25,1.0811,-0.059712,-0.013684,2,-59.0,5.3797,925.75,3
121,59.0,1.0811,-0.082679,-0.036489999999999995,3,-61.5,0.4786,920.25,3
122,59.25,1.0811,-0.082679,-0.036489999999999995,3,-60.5,2.3132,922.25,3
123,59.5,1.0811,-0.082679,-0.036489999999999995,2,-59.0,5.5898,925.25,3
124,60.25,1.1163,-0.094162,-0.013684,3,-60.5,0.66728,924.75,3
125,60.5,1.1163,-0.094162,-0.013684,3,-60.5,1.0431,924.25,3
126,61.0,1.1163,-0.094162,-0.013684,3,-61.0,0.15033,920.75,3
127,61.75,0.9872799999999999,-0.025263,-0.082102,3,-60.5,5.4426,922.25,3
128,62.5,1.1749,-0.12861,0.020525,3,-60.5,0.6872199999999999,924.75,3
129,63.0,1.1749,-0.12861,0.020525,2,-58.0,6.231,924.25,3
130,63.25,1.1749,-0.12861,0.020525,3,-61.0,6.2111,925.75,3
131,63.75,1.0928,-0.059712,-0.025087,3,-61.5,3.5788,920.25,3
132,65.0,1.1514,-0.11713,0.020525,3,-61.0,0.66268,924.75,3
133,65.25,1.1514,-0.11713,0.020525,3,-61.0,5.8153,921.75,3
134,65.5,1.1514,-0.11713,0.020525,2,-59.0,5.3551,925.75,3
135,66.25,1.1163,-0.11713,-0.013684,3,-61.5,0.43105,920.25,3
136,67.0,1.1163,-0.082679,-0.013684,3,-60.5,1.9865,922.75,3
137,67.5,1.1163,-0.082679,-0.013684,2,-58.5,5.9181,924.75,3
138,68.0,1.1163,-0.10565,-0.013684,2,-59.0,5.372000000000001,925.75,3
139,68.25,1.1163,-0.10565,-0.013684,3,-61.5,0.15492999999999998,920.75,3
140,68.5,1.1163,-0.10565,-0.013684,3,-61.0,6.1313,921.25,3
141,68.75,1.1163,-0.10565,-0.013684,2,-58.5,0.14726,923.75,3
142,69.5,1.2101,-0.15158,0.031928,3,-60.0,4.7983,923.25,3
143,70.0,1.2101,-0.15158,0.031928,2,-58.5,5.8951,924.75,3
144,70.75,1.0928,-0.082679,-0.013684,3,-61.0,0.20095,920.75,3
145,71.0,1.0928,-0.082679,-0.013684,3,-61.5,0.48167,920.25,3
146,71.5,1.1045,-0.082679,-0.013684,3,-61.0,0.25771,925.25,3
147,72.0,1.1045,-0.082679,-0.013684,3,-60.0,1.9819,922.75,3
148,72.25,1.1045,-0.082679,-0.013684,3,-61.0,0.63507,924.75,3
149,73.0,1.0928,-0.082679,-0.025087,3,-61.0,6.1927,925.75,3
150,73.25,1.0928,-0.082679,-0.025087,3,-61.0,0.18254,920.75,3
151,73.5,1.0928,-0.082679,-0.025087,3,-61.0,3.6585,920.25,3
152,73.75,1.0928,-0.082679,-0.025087,3,-60.0,1.3008,923.75,3
153,74.5,1.3273,-0.17454,0.054735,3,-60.0,1.6245,923.25,3
154,74.75,1.3273,-0.17454,0.054735,2,-58.0,5.8828,924.75,3
155,75.0,1.3273,-0.17454,0.054735,3,-60.5,2.6630000000000003,921.75,3
156,75.5,1.1632,-0.12861,-0.0022806,3,-61.0,0.19942000000000001,920.75,3
157,76.0,1.1632,-0.12861,-0.0022806,3,-61.0,3.6524,920.25,3
158,76.25,1.1632,-0.12861,-0.0022806,3,-60.0,1.3116,923.75,3
159,76.75,1.1397,-0.10565,-0.0022806,3,-60.5,4.7538,923.25,3
160,77.0,1.1397,-0.10565,-0.0022806,3,-60.0,1.9666,922.75,3
161,77.75,1.2804,-0.17454,0.054735,3,-60.5,6.1789,925.75,3
162,78.25,1.2804,-0.17454,0.054735,3,-60.5,6.1344,921.25,3
163,78.75,1.0342,-0.036746,-0.059296,3,-60.0,5.4502,922.25,3
164,79.0,1.0342,-0.036746,-0.059296,2,-58.5,5.5668,925.25,3
165,79.5,1.0342,-0.036746,-0.059296,3,-60.0,1.9819,922.75,3
166,80.0,1.339,-0.17454,0.077541,3,-60.5,0.9986200000000001,924.25,3
167,80.25,1.339,-0.17454,0.077541,3,-61.0,0.17948,920.75,3
168,80.5,1.339,-0.17454,0.077541,3,-60.5,6.119,921.25,3
169,81.0,1.339,-0.17454,0.077541,3,-61.0,0.48781,920.25,3
170,81.5,1.1866,-0.12861,0.020525,3,-60.5,0.22855999999999999,925.25,3
171,81.75,1.1866,-0.12861,0.020525,3,-60.0,1.9558,922.75,3
172,82.0,1.1866,-0.12861,0.020525,3,-60.5,0.60285,924.75,3
173,82.25,1.1866,-0.12861,0.020525,3,-60.5,5.8061,921.75,3
174,82.5,1.1866,-0.12861,0.020525,3,-61.0,6.2034,925.75,3
175,83.0,1.0811,-0.082679,-0.025087,3,-60.5,6.1206,921.25,3
176,84.25,1.0928,-0.082679,-0.013684,3,-60.5,5.0974,922.75,3
177,84.75,1.2218,-0.15158,0.020525,3,-60.5,1.0032,924.25,3
178,85.25,1.2218,-0.15158,0.020525,3,-61.0,6.1927,925.75,3
179,85.5,1.2218,-0.15158,0.020525,3,-60.5,6.1252,921.25,3
180,85.75,1.2218,-0.15158,0.020525,3,-61.0,0.4786,920.25,3
181,86.25,1.1632,-0.11713,0.0091224,3,-60.5,0.23317,925.25,3
182,86.5,1.1632,-0.11713,0.0091224,3,-60.0,1.962,922.75,3
183,86.75,1.1632,-0.11713,0.0091224,3,-60.5,0.61819,924.75,3
184,87.5,1.3859,-0.22048,0.08894400000000001,3,-61.0,6.1835,925.75,3
185,87.75,1.3859,-0.22048,0.08894400000000001,3,-61.0,0.13959000000000002,920.75,3
186,88.0,1.3859,-0.22048,0.08894400000000001,3,-61.0,0.48933999999999994,920.25,3
187,88.25,1.3859,-0.22048,0.08894400000000001,3,-60.0,1.2686,923.75,3
188,89.0,1.3273,-0.18603,0.066138,3,-60.0,1.6322,923.25,3
189,89.25,1.3273,-0.18603,0.066138,3,-60.5,0.61359,924.75,3
190,89.5,1.3273,-0.18603,0.066138,3,-60.5,5.7984,921.75,3
191,90.25,1.3273,-0.18603,0.066138,3,-61.0,0.17027,920.75,3
192,90.5,1.3273,-0.18603,0.066138,3,-61.5,0.48013999999999996,920.25,3
193,90.75,1.3273,-0.18603,0.066138,3,-60.0,1.2686,923.75,3
194,91.5,1.128,-0.082679,-0.0022806,3,-60.0,5.122000000000001,922.75,3
195,92.0,1.128,-0.082679,-0.0022806,3,-60.5,5.7846,921.75,3
196,93.0,1.1749,-0.11713,0.0091224,3,-61.5,0.47553,920.25,3
197,93.25,1.1749,-0.11713,0.0091224,3,-60.0,1.2855,923.75,3
198,93.5,1.1749,-0.11713,0.0091224,3,-60.5,0.23776999999999998,925.25,3
199,93.75,1.1749,-0.11713,0.0091224,3,-60.0,1.6398,923.25,3
200,94.25,1.0928,-0.082679,-0.013684,3,-61.0,5.7754,921.75,3
201,94.75,1.0928,-0.082679,-0.013684,3,-60.5,0.9832799999999999,924.25,3
202,95.5,1.2570000000000001,-0.16305999999999998,0.054735,3,-60.0,1.2701,923.75,3
203,96.25,1.0928,-0.082679,-0.025087,3,-60.0,1.6567,923.25,3
204,96.5,1.0928,-0.082679,-0.025087,3,-60.0,1.9865,922.75,3
205,96.75,1.0928,-0.082679,-0.025087,3,-60.5,5.803,921.75,3
206,97.0,1.0928,-0.082679,-0.025087,3,-60.0,0.98635,924.25,3
207,97.75,1.1866,-0.12861,0.020525,3,-61.0,0.50468,920.25,3
208,98.0,1.1866,-0.12861,0.020525,3,-60.0,1.2962,923.75,3
209,98.5,1.1866,-0.12861,0.020525,3,-60.5,0.2301,925.25,3
210,99.0,1.1632,-0.11713,0.0091224,2,-58.5,5.8813,924.75,3
211,99.25,1.1632,-0.11713,0.0091224,3,-60.5,5.8077,921.75,3
212,99.5,1.1632,-0.11713,0.0091224,3,-60.5,6.1727,925.75,3
213,99.75,1.1632,-0.11713,0.0091224,3,-61.0,0.18101,920.75,3
214,100.25,1.0694,-0.059712,-0.047893,3,-61.0,0.43412,920.25,3
215,100.75,1.0694,-0.059712,-0.047893,3,-60.5,5.4073,922.25,3
216,101.0,1.0694,-0.059712,-0.047893,2,-59.0,5.5545,925.25,3
217,101.5,1.1632,-0.12861,0.0091224,2,-58.5,5.8844,924.75,3
218,101.75,1.1632,-0.12861,0.0091224,3,-60.5,5.8184,921.75,3
219,102.0,1.1632,-0.12861,0.0091224,3,-60.5,6.1835,925.75,3
220,102.75,1.0576,-0.059712,-0.047893,3,-61.5,0.49087,920.25,3
221,103.0,1.0576,-0.059712,-0.047893,3,-60.0,2.2887,922.25,3
222,103.25,1.0576,-0.059712,-0.047893,2,-58.5,5.5576,925.25,3
223,103.75,1.2804,-0.16305999999999998,0.054735,3,-61.0,0.61666,924.75,3
224,104.25,1.2804,-0.16305999999999998,0.054735,3,-60.5,5.803,921.75,3
225,104.5,1.2804,-0.16305999999999998,0.054735,3,-61.0,6.1681,925.75,3
226,104.75,1.2804,-0.16305999999999998,0.054735,3,-61.0,0.17640999999999998,920.75,3
227,105.25,1.3273,-0.18603,0.077541,3,-60.0,1.2931,923.75,3
228,105.75,1.3273,-0.18603,0.077541,2,-58.5,5.5776,925.25,3
229,106.0,1.3273,-0.18603,0.077541,3,-60.0,1.6122,923.25,3
230,106.25,1.3273,-0.18603,0.077541,3,-60.0,1.9466,922.75,3
231,107.0,1.1632,-0.11713,-0.0022806,3,-60.5,6.1835,925.75,3
232,107.25,1.1632,-0.11713,-0.0022806,3,-61.0,0.18715,920.75,3
233,108.5,1.128,-0.094162,-0.0022806,3,-60.0,1.6245,923.25,3
234,108.75,1.128,-0.094162,-0.0022806,3,-61.0,3.7230000000000003,924.75,3
235,109.25,1.128,-0.094162,-0.0022806,3,-60.0,0.9970899999999999,924.25,3
236,109.75,1.1163,-0.10565,-0.013684,3,-60.5,6.1482,921.25,3
237,110.0,1.1163,-0.10565,-0.013684,3,-61.0,0.49394,920.25,3
238,111.0,1.0694,-0.059712,-0.036489999999999995,3,-60.0,1.9405,922.75,3
239,111.25,1.0694,-0.059712,-0.036489999999999995,3,-60.5,0.60592,924.75,3
240,111.5,1.0694,-0.059712,-0.036489999999999995,3,-60.5,4.0957,924.25,3
241,112.25,1.0576,-0.059712,-0.036489999999999995,3,-60.5,6.162000000000001,921.25,3
242,112.5,1.0576,-0.059712,-0.036489999999999995,3,-61.0,0.51388,920.25,3
243,112.75,1.0576,-0.059712,-0.036489999999999995,3,-60.0,2.301,922.25,3
244,113.0,1.0576,-0.059712,-0.036489999999999995,2,-58.5,5.5944,925.25,3
245,113.5,1.0811,-0.07119600000000001,-0.036489999999999995,3,-60.0,1.9497,922.75,3
246,113.75,1.0811,-0.07119600000000001,-0.036489999999999995,3,-60.5,5.7632,921.75,3
247,114.25,1.0811,-0.07119600000000001,-0.036489999999999995,3,-61.0,6.1881,925.75,3
248,114.5,1.0811,-0.07119600000000001,-0.036489999999999995,3,-61.0,0.20402,920.75,3
249,114.75,1.0811,-0.07119600000000001,-0.036489999999999995,3,-60.5,6.1574,921.25,3
250,115.25,1.1749,-0.14009000000000002,0.0091224,3,-60.0,5.4533,922.25,3
251,115.75,1.1749,-0.14009000000000002,0.0091224,3,-60.0,1.6276,923.25,3
252,116.0,1.1749,-0.14009000000000002,0.0091224,3,-60.0,1.9497,922.75,3
253,116.25,1.1866,-0.10565,0.020525,3,-60.5,5.7647,921.75,3
254,116.75,1.1866,-0.10565,0.020525,3,-61.0,6.1651,925.75,3
255,117.0,1.1866,-0.10565,0.020525,3,-61.0,0.20402,920.75,3
256,117.25,1.1866,-0.10565,0.020525,3,-61.0,0.51695,920.25,3
257,117.75,1.3273,-0.18603,0.08894400000000001,3,-60.0,5.4533,922.25,3
258,118.0,1.3273,-0.18603,0.08894400000000001,3,-60.5,4.7615,923.25,3
259,118.5,1.3273,-0.18603,0.08894400000000001,3,-61.0,0.57831,924.75,3
260,119.0,1.339,-0.19751,0.066138,3,-60.5,6.1635,925.75,3
261,119.25,1.339,-0.19751,0.066138,3,-61.0,0.17794000000000001,920.75,3
262,119.75,1.339,-0.19751,0.066138,3,-61.0,0.5322899999999999,920.25,3
263,120.25,1.1163,-0.082679,-0.025087,2,-58.5,5.5929,925.25,3
264,120.75,1.1163,-0.082679,-0.025087,3,-60.0,4.7492,923.25,3
265,121.0,1.1163,-0.082679,-0.025087,2,-58.5,5.8629,924.75,3
266,121.25,1.1163,-0.082679,-0.025087,3,-60.5,5.78,921.75,3
267,121.75,1.1749,-0.12861,0.0091224,3,-61.0,0.18254,920.75,3
268,122.5,1.128,-0.094162,-0.0022806,3,-60.0,1.3131,923.75,3
269,122.75,1.128,-0.094162,-0.0022806,2,-58.5,5.5729999999999995,925.25,3
270,123.5,1.2101,-0.12861,0.020525,3,-60.5,0.6089899999999999,924.75,3
271,123.75,1.2101,-0.12861,0.020525,3,-60.5,5.7954,921.75,3
272,124.0,1.2101,-0.12861,0.020525,3,-61.0,6.1804,925.75,3
273,124.75,1.1983,-0.12861,0.020525,3,-61.0,0.49394,920.25,3
274,125.5,1.1749,-0.10565,0.0091224,3,-60.0,1.9666,922.75,3
275,125.75,1.1749,-0.10565,0.0091224,3,-60.5,0.62126,924.75,3
276,126.25,1.1749,-0.10565,0.0091224,3,-60.0,0.98635,924.25,3
277,126.75,1.339,-0.18603,0.077541,3,-60.5,6.0945,921.25,3
278,127.25,1.339,-0.18603,0.077541,3,-60.0,1.2885,923.75,3
279,127.75,1.1514,-0.10565,-0.0022806,3,-60.0,4.7507,923.25,3
280,129.0,1.0811,-0.082679,-0.025087,2,-59.0,5.3244,925.75,3
281,129.08,1.0811,-0.082679,-0.025087,3,-60.5,0.14113,920.75,3
282,129.75,1.1983,-0.11713,0.020525,3,-60.0,1.2947,923.75,3
283,129.83,1.1983,-0.11713,0.020525,3,-60.0,2.2872,922.25,3
284,130.25,1.1983,-0.11713,0.020525,2,-58.5,5.5929,925.25,3
285,130.33,1.1983,-0.11713,0.020525,3,-60.0,1.6552,923.25,3
286,130.75,1.1983,-0.11713,0.020525,3,-60.5,0.6089899999999999,924.75,3
287,131.0,1.1983,-0.11713,0.020525,2,-56.0,1.3714,921.75,3
288,131.25,1.0342,-0.048229,-0.047893,2,-59.0,5.303,925.75,3
289,131.5,1.0342,-0.048229,-0.047893,3,-61.0,0.13806,920.75,3
290,131.75,1.0342,-0.048229,-0.047893,3,-61.5,0.45713000000000004,920.25,3
291,132.5,1.1514,-0.11713,-0.0022806,3,-61.0,0.25617,925.25,3
292,132.75,1.1514,-0.11713,-0.0022806,3,-60.0,1.6552,923.25,3
293,133.25,1.1514,-0.11713,-0.0022806,2,-58.0,5.8782,924.75,3
294,134.0,1.0811,-0.07119600000000001,-0.036489999999999995,3,-61.0,0.13806,920.75,3
295,134.75,1.1983,-0.11713,0.0091224,3,-60.5,0.23623000000000002,925.25,3
296,135.5,1.0811,-0.082679,-0.025087,3,-60.5,0.60439,924.75,3
297,136.0,1.0811,-0.082679,-0.025087,3,-60.0,0.96641,924.25,3
298,136.5,1.0928,-0.07119600000000001,-0.025087,3,-60.5,6.0838,921.25,3
299,136.75,1.0928,-0.07119600000000001,-0.025087,3,-61.0,0.49394,920.25,3
300,137.5,1.0694,-0.059712,-0.036489999999999995,3,-60.0,1.6628,923.25,3
301,137.75,1.0694,-0.059712,-0.036489999999999995,3,-60.0,1.9988,922.75,3
302,138.0,1.0694,-0.059712,-0.036489999999999995,3,-60.5,0.60746,924.75,3
303,139.0,1.128,-0.094162,-0.013684,3,-60.5,0.12732000000000002,920.75,3
304,139.08,1.128,-0.094162,-0.013684,3,-61.0,3.6248,920.25,3
305,139.5,1.128,-0.094162,-0.013684,3,-60.0,5.4732,922.25,3
306,139.75,1.128,-0.094162,-0.013684,3,-60.5,0.23623000000000002,925.25,3
307,140.25,1.1163,-0.082679,-0.013684,3,-60.0,1.962,922.75,3
308,141.0,1.1749,-0.11713,0.0091224,2,-59.0,5.306,925.75,3
309,141.5,1.1749,-0.11713,0.0091224,3,-60.5,6.1068,921.25,3
310,142.0,1.0928,-0.094162,-0.013684,3,-60.0,1.3023,923.75,3
311,142.25,1.0928,-0.094162,-0.013684,3,-60.0,2.2856,922.25,3
312,142.5,1.0928,-0.094162,-0.013684,3,-60.0,1.6230000000000002,923.25,3
313,142.75,1.0928,-0.094162,-0.013684,3,-60.0,5.0744,922.75,3
314,143.0,1.0928,-0.094162,-0.013684,3,-60.5,5.754,921.75,3
315,143.75,1.0928,-0.059712,-0.025087,3,-61.0,0.17027,920.75,3
316,144.5,1.3625,-0.20899,0.08894400000000001,3,-60.0,5.4349,922.25,3
317,144.75,1.3625,-0.20899,0.08894400000000001,3,-60.5,0.23317,925.25,3
318,145.0,1.3625,-0.20899,0.08894400000000001,3,-60.0,1.6137,923.25,3
319,145.25,1.3625,-0.20899,0.08894400000000001,3,-60.0,5.0529,922.75,3
320,145.5,1.3625,-0.20899,0.08894400000000001,3,-60.0,5.7187,921.75,3
321,146.0,1.1163,-0.094162,-0.013684,3,-60.5,0.17027,920.75,3
322,147.75,1.3625,-0.19751,0.077541,3,-60.5,0.5859800000000001,924.75,3
323,148.25,1.0811,-0.059712,-0.036489999999999995,3,-60.5,6.1467,925.75,3
324,148.75,1.0811,-0.059712,-0.036489999999999995,3,-61.0,6.1175,921.25,3
325,149.5,1.2687,-0.16305999999999998,0.054735,2,-58.5,5.5975,925.25,3
326,149.75,1.2687,-0.16305999999999998,0.054735,3,-60.0,1.6245,923.25,3
327,150.5,1.1163,-0.082679,-0.013684,3,-60.5,0.9587399999999999,924.25,3
328,150.75,1.1163,-0.082679,-0.013684,3,-61.0,6.1605,925.75,3
329,151.5,1.0459,-0.048229,-0.047893,3,-60.0,4.47,923.75,3
330,151.75,1.0459,-0.048229,-0.047893,3,-60.0,2.3317,922.25,3
331,152.0,1.0459,-0.048229,-0.047893,2,-58.5,5.6098,925.25,3
332,152.75,1.3156,-0.19751,0.077541,2,-58.5,5.8629,924.75,3
333,153.5,1.1163,-0.082679,-0.013684,3,-60.5,6.1482,921.25,3
334,153.75,1.1163,-0.082679,-0.013684,3,-61.0,0.5353600000000001,920.25,3
335,154.5,1.0811,-0.07119600000000001,-0.025087,3,-60.5,0.30833,925.25,3
336,155.0,1.0811,-0.07119600000000001,-0.025087,3,-60.0,5.1342,922.75,3
337,155.5,1.339,-0.18603,0.077541,3,-60.5,6.1666,925.75,3
338,155.75,1.339,-0.18603,0.077541,3,-61.0,0.1672,920.75,3
339,156.25,1.339,-0.18603,0.077541,3,-61.0,3.6693,920.25,3
340,156.5,1.339,-0.18603,0.077541,3,-60.0,4.4808,923.75,3
341,156.75,1.339,-0.18603,0.077541,3,-60.0,5.4886,922.25,3
342,157.5,1.1514,-0.10565,0.0091224,3,-60.5,0.62126,924.75,3
343,158.0,1.339,-0.18603,0.066138,2,-59.0,5.2892,925.75,3
344,158.75,1.1749,-0.12861,0.0091224,3,-61.5,0.51695,920.25,3
345,159.0,1.1749,-0.12861,0.0091224,3,-60.0,5.4932,922.25,3
346,159.25,1.1749,-0.12861,0.0091224,2,-58.5,5.645,925.25,3
347,159.75,1.1749,-0.12861,0.0091224,3,-60.0,2.1031,922.75,3
348,160.25,1.128,-0.14009000000000002,0.0091224,3,-60.5,6.0853,921.75,3
349,160.5,1.128,-0.14009000000000002,0.0091224,2,-59.0,5.5637,925.75,3
350,160.75,1.128,-0.14009000000000002,0.0091224,3,-61.0,0.49241,920.75,3
351,161.0,1.128,-0.14009000000000002,0.0091224,3,-61.0,3.9577,920.25,3
352,161.5,1.2218,-0.20899,0.031928,3,-60.5,5.6589,922.25,3
353,162.0,1.2218,-0.20899,0.031928,3,-60.0,2.1016,922.75,3
354,162.25,1.2218,-0.20899,0.031928,3,-60.5,0.7409100000000001,924.75,3
355,162.75,1.1749,-0.15158,0.0091224,3,-61.0,6.2464,925.75,3
356,163.25,1.1749,-0.15158,0.0091224,3,-61.0,0.21783000000000002,920.75,3
357,163.5,1.1749,-0.15158,0.0091224,3,-61.0,0.5553,920.25,3
358,164.25,1.1749,-0.10565,0.0091224,3,-61.0,0.30985999999999997,925.25,3
359,164.75,1.1749,-0.10565,0.0091224,3,-60.5,0.69796,924.75,3
360,165.5,1.3039,-0.17454,0.077541,3,-61.0,6.1927,925.75,3
361,165.75,1.3039,-0.17454,0.077541,3,-60.5,6.1022,921.25,3
362,166.0,1.3039,-0.17454,0.077541,3,-61.0,0.49087,920.25,3
363,166.25,1.3039,-0.17454,0.077541,3,-60.0,1.3606,923.75,3
364,166.5,1.3039,-0.17454,0.077541,3,-60.5,0.31293000000000004,925.25,3
365,166.75,1.3039,-0.17454,0.077541,3,-60.0,1.7058,923.25,3
366,167.75,1.0928,-0.07119600000000001,-0.036489999999999995,3,-60.5,0.96641,924.25,3
367,168.25,1.2452,-0.14009000000000002,0.031928,3,-60.5,6.0715,921.25,3
368,168.5,1.2452,-0.14009000000000002,0.031928,3,-61.0,0.47093,920.25,3
369,168.75,1.2452,-0.14009000000000002,0.031928,3,-60.0,2.301,922.25,3
370,169.0,1.2452,-0.14009000000000002,0.031928,2,-58.5,5.6527,925.25,3
371,169.75,1.1866,-0.12861,0.020525,3,-60.5,0.632,924.75,3
372,170.0,1.1866,-0.12861,0.020525,3,-60.5,0.9602700000000001,924.25,3
373,170.5,1.1866,-0.12861,0.020525,3,-60.5,0.13192,920.75,3
374,170.75,1.1866,-0.12861,0.020525,3,-60.5,6.0516,921.25,3
375,171.25,1.128,-0.082679,-0.0022806,3,-60.0,5.4364,922.25,3
376,171.5,1.128,-0.082679,-0.0022806,2,-58.5,5.6404,925.25,3
377,171.75,1.128,-0.082679,-0.0022806,3,-60.0,2.0064,922.75,3
378,172.25,1.1632,-0.12861,0.0091224,3,-60.5,5.7693,921.75,3
379,172.75,1.1632,-0.12861,0.0091224,2,-59.5,5.3337,925.75,3
380,173.0,1.1632,-0.12861,0.0091224,3,-61.5,0.11045,920.75,3
381,173.5,1.1514,-0.094162,-0.013684,3,-60.0,1.3039,923.75,3
382,173.75,1.1514,-0.094162,-0.013684,3,-60.0,5.415,922.25,3
383,174.0,1.1514,-0.094162,-0.013684,3,-60.0,1.6368,923.25,3
384,174.75,1.1514,-0.10565,0.0091224,3,-60.0,5.7371,921.75,3
385,175.0,1.1514,-0.10565,0.0091224,3,-61.0,6.1497,925.75,3
386,175.75,1.0928,-0.082679,-0.025087,3,-60.0,1.2686,923.75,3
387,176.25,1.0928,-0.082679,-0.025087,3,-60.0,2.3899,922.25,3
388,176.5,1.0928,-0.082679,-0.025087,3,-60.0,4.8458,923.25,3
389,176.75,1.0928,-0.082679,-0.025087,3,-61.0,3.8196,924.75,3
390,177.25,1.0928,-0.082679,-0.025087,3,-61.0,2.6001,921.75,3
391,177.75,1.1749,-0.12861,0.0091224,3,-62.0,0.11812,920.75,3
392,178.25,1.1749,-0.12861,0.0091224,3,-62.0,0.30526,920.25,3
393,179.0,1.0576,-0.059712,-0.047893,3,-60.5,4.6832,923.25,3
394,179.25,1.0576,-0.059712,-0.047893,3,-60.5,1.8469,922.75,3
395,180.0,1.1983,-0.15158,0.043332,3,-62.0,6.1267,925.75,3
396,180.25,1.1983,-0.15158,0.043332,3,-62.0,5.8,921.25,3
397,181.5,1.1514,-0.11713,0.0091224,3,-60.5,4.7001,923.25,3
398,182.0,1.1514,-0.11713,0.0091224,3,-61.5,5.7478,921.75,3
399,182.75,1.2570000000000001,-0.15158,0.054735,3,-61.5,6.0009,921.25,3
400,183.5,1.0811,-0.07119600000000001,-0.013684,3,-61.5,5.438,922.25,3
401,183.75,1.0811,-0.07119600000000001,-0.013684,3,-61.0,1.7288,923.25,3
402,184.5,1.128,-0.10565,-0.0022806,3,-60.5,2.327,921.75,3
403,184.75,1.128,-0.10565,-0.0022806,2,-59.0,5.2769,925.75,3
404,185.25,1.0811,-0.094162,-0.025087,3,-60.0,5.8261,921.25,3
405,185.5,1.0811,-0.094162,-0.025087,3,-61.0,1.0232,923.75,3
406,186.25,1.3508,-0.20899,0.077541,3,-60.5,1.4005,923.25,3
407,186.5,1.3508,-0.20899,0.077541,3,-60.5,1.6828,922.75,3
408,186.75,1.3508,-0.20899,0.077541,3,-60.5,2.2841,921.75,3
409,187.5,1.1866,-0.14009000000000002,0.0091224,3,-60.5,6.0976,920.75,3
410,187.75,1.1866,-0.14009000000000002,0.0091224,3,-61.0,5.7233,921.25,3
411,188.25,1.0928,-0.094162,-0.036489999999999995,3,-60.0,1.9083,922.25,3
412,188.75,1.0928,-0.094162,-0.036489999999999995,3,-61.0,1.3698,923.25,3
413,189.5,1.2921,-0.18603,0.054735,3,-60.5,0.8743700000000001,924.25,3
414,190.25,0.9990100000000001,-0.048229,-0.082102,3,-61.0,6.0101,921.25,3
415,190.33,0.9990100000000001,-0.048229,-0.082102,3,-60.0,0.22396,920.25,3
416,191.0,1.3508,-0.19751,0.054735,3,-60.5,0.13806,925.25,3
417,191.75,1.3273,-0.18603,0.066138,3,-61.0,5.6052,921.75,3
418,192.0,1.3273,-0.18603,0.066138,3,-60.5,0.9388,924.25,3
419,192.25,1.3273,-0.18603,0.066138,3,-60.5,6.2433,920.75,3
420,192.5,1.3273,-0.18603,0.066138,3,-61.0,5.935,921.25,3
421,192.75,1.3273,-0.18603,0.066138,3,-61.5,0.20861999999999997,920.25,3
422,193.25,1.3273,-0.18603,0.066138,3,-61.0,2.1414,922.25,3
423,193.75,1.1983,-0.14009000000000002,0.020525,3,-61.0,4.9609,922.75,3
424,194.0,1.1983,-0.14009000000000002,0.020525,3,-61.0,5.6512,921.75,3
425,194.5,1.1983,-0.14009000000000002,0.020525,2,-58.5,5.3597,925.75,3
426,195.0,1.1045,-0.094162,-0.025087,3,-61.5,5.8705,921.25,3
427,195.25,1.1045,-0.094162,-0.025087,3,-61.0,1.195,923.75,3
428,195.5,1.1045,-0.094162,-0.025087,3,-60.5,2.1062,922.25,3
429,196.25,1.1397,-0.094162,-0.013684,3,-60.5,1.8607,922.75,3
430,197.25,1.0928,-0.082679,-0.036489999999999995,2,-58.5,5.2907,925.75,3
431,197.5,1.0928,-0.082679,-0.036489999999999995,3,-61.0,2.752,921.25,3
432,198.0,1.2335,-0.15158,0.020525,3,-60.5,1.2103,923.75,3
433,198.25,1.2335,-0.15158,0.020525,3,-61.0,0.22855999999999999,925.25,3
434,198.5,1.2335,-0.15158,0.020525,3,-60.5,1.5999,923.25,3
435,198.75,1.2335,-0.15158,0.020525,3,-60.5,5.0713,922.75,3
436,199.5,1.3508,-0.19751,0.066138,3,-62.0,6.1773,925.75,3
437,199.75,1.3508,-0.19751,0.066138,3,-61.5,0.0061359,920.75,3
438,200.0,1.3508,-0.19751,0.066138,3,-61.5,0.31753000000000003,920.25,3
439,200.75,1.0928,-0.082679,-0.036489999999999995,2,-58.5,5.6635,925.25,3
440,201.0,1.0928,-0.082679,-0.036489999999999995,3,-60.5,1.6045,923.25,3
441,201.25,1.0928,-0.082679,-0.036489999999999995,3,-60.5,1.9543,922.75,3
442,201.5,1.0928,-0.082679,-0.036489999999999995,3,-61.5,5.7264,921.75,3
443,201.75,1.0928,-0.082679,-0.036489999999999995,3,-61.0,0.97715,924.25,3
444,203.0,1.1749,-0.11713,-0.0022806,3,-61.0,2.2074,922.25,3
445,203.25,1.1749,-0.11713,-0.0022806,3,-60.5,1.6107,923.25,3
446,203.5,1.1749,-0.11713,-0.0022806,3,-60.5,5.102,922.75,3
447,204.0,1.1749,-0.11713,-0.0022806,3,-61.0,2.5602,921.75,3
448,204.75,1.2335,-0.15158,0.020525,3,-61.5,5.9472,921.25,3
449,205.0,1.2335,-0.15158,0.020525,3,-61.0,1.2226,923.75,3
450,206.0,1.0928,-0.094162,-0.025087,3,-61.0,1.8929,922.75,3
451,206.75,0.9990100000000001,-0.025263,-0.070699,3,-61.5,0.89431,924.25,3
452,207.0,0.9990100000000001,-0.025263,-0.070699,3,-61.5,6.2126,920.75,3
453,207.25,0.9990100000000001,-0.025263,-0.070699,3,-61.0,5.892,921.25,3
454,207.5,0.9990100000000001,-0.025263,-0.070699,3,-61.0,1.2333,923.75,3
455,207.75,0.9990100000000001,-0.025263,-0.070699,3,-61.0,2.1767,922.25,3
456,208.5,1.1163,-0.094162,-0.013684,3,-61.0,1.8883,922.75,3
457,208.75,1.1163,-0.094162,-0.013684,3,-61.0,5.6543,921.75,3
458,209.25,1.1163,-0.094162,-0.013684,2,-59.0,5.3244,925.75,3
459,209.75,1.0576,-0.048229,-0.047893,3,-61.5,0.29759,920.25,3
460,210.5,1.1514,-0.082679,0.031928,3,-59.5,1.784,923.25,3
461,211.25,0.8465799999999999,0.2733,-0.6180399999999999,2,-53.0,5.2462,921.75,3
462,211.5,0.68242,0.42258,-0.65225,3,-59.5,0.061359000000000004,924.25,1
463,211.75,0.68242,0.42258,-0.65225,3,-61.5,1.5463,925.75,1
464,216.0,0.48308999999999996,0.69818,-0.60664,2,-63.0,5.7049,921.75,1
465,216.25,0.48308999999999996,0.69818,-0.60664,2,-61.5,4.5007,924.25,1
466,223.0,0.1665,0.9048700000000001,0.16876,1,-55.0,3.565,924.75,4
467,223.5,0.0023451,1.0427,-0.013684,1,-52.0,3.3502,921.75,4
468,224.25,-0.15009,0.99674,-0.025087,1,-60.0,0.76852,921.25,4
469,229.25,0.42446000000000006,0.95081,0.13455999999999999,1,-60.0,2.7182,920.25,2
470,232.25,0.42446000000000006,0.95081,0.13455999999999999,1,-60.5,1.0646,922.25,2
471,236.5,0.42446000000000006,0.95081,0.13455999999999999,1,-59.5,4.7262,921.25,2
472,243.75,0.42446000000000006,0.95081,0.13455999999999999,1,-60.0,5.0867,920.25,2
473,248.75,0.42446000000000006,0.95081,0.13455999999999999,1,-59.5,4.5007,921.25,2
474,278.0,0.70587,0.80152,0.054735,1,-59.5,4.987,920.25,2
475,285.75,0.72932,0.80152,0.054735,1,-60.5,0.45713000000000004,922.25,2
476,329.5,0.72932,0.80152,0.054735,1,-60.5,0.48167,922.25,2
477,334.5,0.72932,0.80152,0.054735,1,-60.5,0.5476300000000001,922.25,2
478,420.3,0.14305,0.93932,0.12315,2,-70.0,5.8751,922.75,4
479,423.5,0.14305,0.93932,0.12315,3,-59.5,0.25464000000000003,925.75,4
480,428.75,0.060972000000000005,0.98526,0.23718000000000003,1,-63.0,0.474,921.25,1
481,429.0,0.060972000000000005,0.98526,0.23718000000000003,3,-62.0,4.4271,923.75,1
482,430.0,0.060972000000000005,0.98526,0.23718000000000003,1,-62.5,2.7319999999999998,922.75,1
483,430.25,0.47136000000000006,0.89339,-0.31016,3,-60.5,1.9359,921.75,1
484,430.5,0.47136000000000006,0.89339,-0.31016,3,-59.5,0.57217,921.75,1
485,430.75,0.47136000000000006,0.89339,-0.31016,3,-59.0,4.5513,924.25,1
486,430.83,0.47136000000000006,0.89339,-0.31016,3,-59.0,6.0025,925.75,1
487,432.5,0.9521,0.25033,-0.57243,3,-59.0,4.7538,924.75,3
488,433.0,0.9990100000000001,0.10105,-0.32156999999999997,3,-61.0,1.6598,924.25,3
489,433.5,0.9990100000000001,0.10105,-0.32156999999999997,3,-65.5,5.0223,920.75,3
490,434.5,1.1045,-0.025263,-0.13912,2,-59.5,0.7025600000000001,925.25,3
491,434.75,1.1045,-0.025263,-0.13912,3,-62.5,1.8408,923.25,3
492,435.75,1.2687,-0.059712,-0.070699,3,-63.5,0.50468,925.75,3
493,436.5,1.0928,-0.036746,-0.15052000000000001,3,-61.0,1.7135,923.75,3
494,437.5,1.1163,-0.01378,-0.09350499999999999,3,-61.5,0.9940200000000001,924.75,3
495,437.75,1.1163,-0.01378,-0.09350499999999999,3,-61.5,5.8475,921.75,3
496,438.25,1.1045,-0.01378,-0.082102,3,-62.5,0.31293000000000004,920.75,3
497,439.5,1.1632,-0.036746,-0.036489999999999995,3,-61.5,1.7994,923.25,3
498,440.25,1.2452,-0.10565,-0.013684,3,-64.0,1.0907,924.25,3
499,441.5,1.0928,-0.048229,-0.070699,3,-63.0,5.7601,922.25,3
500,441.75,1.0928,-0.048229,-0.070699,3,-63.0,0.72864,925.25,3
501,443.0,1.2687,-0.15158,0.0091224,3,-63.5,0.30219,925.75,3
502,443.25,1.2687,-0.15158,0.0091224,3,-63.0,6.2418,921.25,3
503,443.75,1.0342,0.0091865,-0.10490999999999999,3,-62.5,1.5585,923.75,3
504,444.0,1.0342,0.0091865,-0.10490999999999999,3,-62.5,2.4636,922.25,3
505,444.5,1.0342,0.0091865,-0.10490999999999999,3,-62.5,1.8715,923.25,3
506,444.75,1.0342,0.0091865,-0.10490999999999999,3,-63.0,0.93573,924.75,3
507,445.0,1.0342,0.0091865,-0.10490999999999999,3,-63.0,6.0193,921.75,3
508,446.0,1.0576,-0.01378,-0.09350499999999999,3,-63.0,3.7489999999999997,920.25,3
509,446.5,1.0576,-0.01378,-0.09350499999999999,3,-63.0,5.6343,922.25,3
510,447.25,1.1866,-0.082679,-0.013684,3,-62.5,0.93573,924.75,3
511,447.75,1.2218,-0.094162,-0.013684,2,-58.5,5.935,925.75,3
512,449.25,1.128,-0.059712,-0.059296,3,-62.5,1.9205,923.25,3
513,449.5,1.128,-0.059712,-0.059296,3,-63.0,0.9510700000000001,924.75,3
514,450.5,1.0928,-0.036746,-0.059296,3,-63.0,0.29146,920.75,3
515,451.25,1.1045,-0.036746,-0.059296,3,-62.5,4.7891,923.75,3
516,451.75,1.0459,-0.0022965999999999998,-0.09350499999999999,3,-62.5,1.9313,923.25,3
517,452.5,1.0576,-0.01378,-0.082102,3,-62.5,1.2686,924.25,3
518,453.5,1.0107,0.0091865,-0.10490999999999999,3,-62.5,4.8106,923.75,3
519,454.25,1.1866,-0.094162,-0.013684,3,-62.5,2.2703,922.75,3
520,455.0,1.2335,-0.11713,-0.0022806,3,-63.0,0.2301,925.75,3
521,456.0,1.0928,-0.025263,-0.070699,3,-62.0,1.6091,923.75,3
522,456.75,1.1397,-0.059712,-0.025087,3,-62.0,2.2227,922.75,3
523,457.0,1.1397,-0.059712,-0.025087,3,-62.5,0.9234600000000001,924.75,3
524,457.25,1.1397,-0.059712,-0.025087,3,-62.5,5.935,921.75,3
525,458.0,1.1045,-0.048229,-0.047893,3,-62.5,6.2157,921.25,3
526,458.08,1.1045,-0.048229,-0.047893,3,-62.5,0.60592,920.25,3
527,459.0,0.9521,0.020669999999999997,-0.11631,3,-62.0,1.8929,923.25,3
528,460.0,1.0811,-0.01378,-0.070699,2,-58.5,5.8368,925.75,3
529,460.25,1.0811,-0.01378,-0.070699,3,-62.5,0.3068,920.75,3
530,460.5,1.0811,-0.01378,-0.070699,3,-62.5,6.2709,921.25,3
531,460.58,1.0811,-0.01378,-0.070699,3,-62.5,0.58445,920.25,3
532,461.0,1.0811,-0.01378,-0.070699,3,-62.0,5.6312,922.25,3
533,461.5,1.1983,-0.07119600000000001,-0.0022806,3,-62.5,5.2784,922.75,3
534,462.25,1.1045,-0.025263,-0.059296,3,-62.5,1.2241,924.25,3
535,463.25,1.1163,-0.036746,-0.047893,3,-62.0,1.5386,923.75,3
536,465.0,1.0107,0.020669999999999997,-0.10490999999999999,3,-62.5,0.25771,920.75,3
537,465.25,1.0107,0.020669999999999997,-0.10490999999999999,3,-62.5,6.228,921.25,3
538,465.75,1.1397,-0.048229,-0.036489999999999995,3,-62.0,1.534,923.75,3
539,466.25,1.1397,-0.048229,-0.036489999999999995,3,-61.5,1.8638,923.25,3
540,467.25,1.0928,-0.025263,-0.059296,2,-58.5,5.8414,925.75,3
541,467.75,1.0107,0.032152999999999994,-0.09350499999999999,3,-62.5,6.2464,921.25,3
542,468.0,1.0107,0.032152999999999994,-0.09350499999999999,3,-62.0,1.5509,923.75,3
543,468.75,1.0342,0.0091865,-0.10490999999999999,3,-62.0,1.8638,923.25,3
544,469.5,1.3742,-0.15158,0.043332,2,-56.5,0.43565,924.25,3
545,470.0,1.2335,-0.094162,-0.0022806,3,-62.5,6.2617,921.25,3
546,470.5,1.0107,0.032152999999999994,-0.11631,3,-62.0,1.5616,923.75,3
547,471.75,1.1045,-0.048229,-0.047893,3,-62.5,6.0009,921.75,3
548,472.0,1.1045,-0.048229,-0.047893,3,-63.0,0.27151,925.75,3
549,472.25,1.1045,-0.048229,-0.047893,3,-62.5,0.32214,920.75,3
550,472.5,1.1045,-0.048229,-0.047893,3,-62.5,0.021476,921.25,3
551,472.75,1.1045,-0.048229,-0.047893,3,-62.5,0.61819,920.25,3
552,473.25,1.1866,-0.082679,-0.013684,3,-62.5,0.5507,925.25,3
553,473.75,1.1866,-0.082679,-0.013684,3,-62.0,2.1706,922.75,3
554,474.0,1.1866,-0.082679,-0.013684,3,-62.5,0.8835700000000001,924.75,3
555,474.75,1.1397,-0.036746,-0.036489999999999995,3,-62.5,3.4729,920.75,3
556,475.25,1.2218,-0.10565,0.0091224,3,-62.5,3.7398,920.25,3
557,475.5,1.2218,-0.10565,0.0091224,3,-62.5,5.6251,922.25,3
558,476.0,1.1866,-0.082679,-0.025087,3,-62.0,1.8730000000000002,923.25,3
559,476.5,1.1866,-0.082679,-0.025087,3,-62.5,0.9065799999999999,924.75,3
560,476.75,1.1866,-0.082679,-0.025087,3,-62.5,5.9871,921.75,3
561,477.0,1.1866,-0.082679,-0.025087,2,-58.0,5.846,925.75,3
562,477.25,1.1866,-0.082679,-0.025087,3,-62.5,0.31906999999999996,920.75,3
563,477.75,1.0694,-0.01378,-0.082102,3,-62.5,3.7506,920.25,3
564,478.25,1.1749,-0.07119600000000001,-0.013684,3,-62.5,0.5645,925.25,3
565,479.25,0.96383,0.020669999999999997,-0.11631,3,-62.0,1.2931,924.25,3
566,480.0,0.9521,0.032152999999999994,-0.11631,3,-62.5,6.2663,921.25,3
567,480.25,0.9521,0.032152999999999994,-0.11631,3,-62.0,1.5217,923.75,3
568,481.75,0.9521,0.020669999999999997,-0.12771,3,-61.5,1.2671,924.25,3
569,482.0,0.9521,0.020669999999999997,-0.12771,3,-62.5,0.3252,920.75,3
570,482.25,0.9521,0.020669999999999997,-0.12771,3,-63.0,0.021476,921.25,3
571,482.5,0.9521,0.020669999999999997,-0.12771,3,-63.0,3.6662,920.25,3
572,483.25,1.0694,-0.0022965999999999998,-0.070699,3,-62.0,1.8807,923.25,3
573,484.0,1.0928,-0.01378,-0.070699,3,-62.5,5.9657,921.75,3
574,484.25,1.0928,-0.01378,-0.070699,3,-63.0,0.22703,925.75,3
575,485.0,0.96383,0.032152999999999994,-0.11631,3,-62.0,4.6633,923.75,3
576,486.25,1.128,-0.036746,-0.047893,3,-62.5,5.9871,921.75,3
577,486.5,1.128,-0.036746,-0.047893,3,-62.0,1.2609,924.25,3
578,487.0,1.128,-0.036746,-0.047893,3,-63.0,0.25464000000000003,920.75,3
579,487.5,0.9872799999999999,0.032152999999999994,-0.11631,3,-62.0,1.5493,923.75,3
580,487.75,0.9872799999999999,0.032152999999999994,-0.11631,3,-62.0,5.6236,922.25,3
581,488.25,1.1397,-0.048229,-0.036489999999999995,3,-62.0,5.3689,922.75,3
582,488.75,1.1397,-0.048229,-0.036489999999999995,3,-62.0,0.9311299999999999,924.75,3
583,489.75,1.128,-0.036746,-0.070699,3,-63.0,0.57831,920.25,3
584,490.0,1.128,-0.036746,-0.070699,3,-62.0,1.5509,923.75,3
585,490.75,1.1163,-0.036746,-0.059296,3,-62.0,2.2381,922.75,3
586,491.0,1.1163,-0.036746,-0.059296,3,-62.5,0.9495299999999999,924.75,3
587,491.25,1.1163,-0.036746,-0.059296,3,-62.5,2.8302,921.75,3
588,492.75,1.0811,-0.0022965999999999998,-0.070699,3,-62.5,5.6665,922.25,3
589,493.0,1.0811,-0.0022965999999999998,-0.070699,3,-61.5,1.9236,923.25,3
590,494.25,1.0928,-0.0022965999999999998,-0.070699,3,-62.5,0.27918000000000004,920.75,3
591,494.5,1.0928,-0.0022965999999999998,-0.070699,3,-62.5,6.251,921.25,3
592,495.0,1.1397,-0.048229,-0.047893,3,-62.0,1.5493,923.75,3
593,495.25,1.1397,-0.048229,-0.047893,3,-62.0,5.6788,922.25,3
594,496.0,1.2452,-0.11713,0.0091224,3,-62.5,5.9657,921.75,3
595,497.5,1.0928,-0.025263,-0.059296,3,-62.0,1.5877,923.75,3
596,498.25,1.2101,-0.094162,-0.0022806,3,-62.0,2.2119999999999997,922.75,3
597,498.5,1.2101,-0.094162,-0.0022806,3,-62.0,5.957999999999999,921.75,3
598,499.5,1.0459,0.0091865,-0.09350499999999999,3,-63.0,0.65961,920.25,3
599,500.25,1.0459,-0.0022965999999999998,-0.082102,3,-62.0,1.9083,923.25,3
600,500.5,1.0459,-0.0022965999999999998,-0.082102,3,-62.0,2.2151,922.75,3
601,501.25,1.0928,-0.01378,-0.070699,3,-62.5,1.2103,924.25,3
602,501.5,1.0928,-0.01378,-0.070699,3,-63.0,3.3656,920.75,3
603,501.75,1.0928,-0.01378,-0.070699,3,-63.0,6.207999999999999,921.25,3
604,502.0,1.0928,-0.01378,-0.070699,3,-63.0,3.7352,920.25,3
605,502.5,1.1514,-0.059712,-0.036489999999999995,3,-62.5,0.60285,925.25,3
606,503.0,1.1514,-0.059712,-0.036489999999999995,3,-62.0,5.349,922.75,3
607,503.25,1.1514,-0.059712,-0.036489999999999995,3,-62.5,0.90505,924.75,3
608,504.25,1.1632,-0.048229,-0.025087,3,-63.0,6.2694,921.25,3
609,504.5,1.1632,-0.048229,-0.025087,3,-63.0,0.59672,920.25,3
610,505.25,1.2804,-0.11713,0.020525,3,-62.5,5.0361,923.25,3
611,505.75,1.2804,-0.11713,0.020525,3,-62.5,0.91425,924.75,3
612,506.0,1.2804,-0.11713,0.020525,3,-62.5,5.9334,921.75,3
613,506.5,1.1514,-0.036746,-0.036489999999999995,3,-63.0,6.2387,921.25,3
614,506.75,1.1514,-0.036746,-0.036489999999999995,3,-63.0,3.7199,920.25,3
615,507.0,1.1514,-0.036746,-0.036489999999999995,3,-62.0,1.5846,923.75,3
616,508.75,1.1514,-0.048229,-0.036489999999999995,3,-63.0,0.19788,925.75,3
617,509.0,1.1514,-0.048229,-0.036489999999999995,3,-62.5,0.23163000000000003,920.75,3
618,509.5,1.0342,0.0091865,-0.082102,3,-62.0,1.5815,923.75,3
619,510.0,1.0342,0.0091865,-0.082102,3,-63.0,0.60439,925.25,3
620,510.25,1.0342,0.0091865,-0.082102,3,-63.0,5.3751,922.75,3
621,511.0,0.9990100000000001,0.032152999999999994,-0.11631,3,-62.5,1.2533,924.25,3
622,511.25,0.9990100000000001,0.032152999999999994,-0.11631,3,-63.0,0.20555,920.75,3
623,511.75,1.0342,0.020669999999999997,-0.09350499999999999,3,-62.0,1.5263,923.75,3
624,512.0,1.0342,0.020669999999999997,-0.09350499999999999,3,-62.5,5.6466,922.25,3
625,513.5,0.9872799999999999,-0.0022965999999999998,-0.11631,3,-63.0,0.28531999999999996,925.75,3
626,514.0,1.0225,-0.0022965999999999998,-0.09350499999999999,3,-63.0,0.62126,920.25,3
627,515.0,1.128,-0.036746,-0.047893,3,-62.0,1.8638,923.25,3
628,515.25,1.128,-0.036746,-0.047893,3,-62.0,2.166,922.75,3
629,515.75,1.1163,-0.048229,-0.059296,3,-62.0,1.2533,924.25,3
630,516.25,1.1163,-0.048229,-0.059296,3,-63.0,0.34054,920.75,3
631,516.75,0.96383,0.020669999999999997,-0.11631,3,-63.0,3.7782,920.25,3
632,517.5,1.0459,-0.0022965999999999998,-0.082102,3,-62.0,1.8853,923.25,3
633,518.0,1.1397,-0.036746,-0.036489999999999995,3,-62.5,5.9074,921.75,3
634,518.25,1.1397,-0.036746,-0.036489999999999995,2,-58.5,5.7524,925.75,3
635,518.5,1.1397,-0.036746,-0.036489999999999995,3,-63.0,0.26998,920.75,3
636,519.0,0.96383,0.032152999999999994,-0.11631,3,-63.0,0.60746,920.25,3
637,519.25,0.96383,0.032152999999999994,-0.11631,3,-62.5,2.5372,922.25,3
638,519.5,0.96383,0.032152999999999994,-0.11631,3,-63.0,0.5614399999999999,925.25,3
639,520.5,1.0459,0.020669999999999997,-0.09350499999999999,3,-63.0,5.9043,921.75,3
640,521.0,1.1632,-0.059712,-0.025087,3,-63.0,0.26384,920.75,3
641,521.75,1.0107,0.020669999999999997,-0.11631,3,-62.0,1.58,923.75,3
642,522.25,0.97555,0.0091865,-0.11631,3,-62.0,5.0437,923.25,3
643,523.25,1.0811,-0.01378,-0.059296,3,-62.0,1.2241,924.25,3
644,523.75,1.0694,0.020669999999999997,-0.082102,3,-63.0,6.2234,921.25,3
645,524.5,1.339,-0.12861,0.043332,3,-63.0,0.5322899999999999,925.25,3
646,524.75,1.339,-0.12861,0.043332,3,-62.0,2.1721,922.75,3
647,525.0,1.339,-0.12861,0.043332,3,-62.5,0.87744,924.75,3
648,527.5,0.9872799999999999,0.020669999999999997,-0.11631,3,-62.5,0.8759,924.75,3
649,528.0,1.128,-0.048229,-0.047893,2,-58.5,5.78,925.75,3
650,528.75,1.1045,-0.025263,-0.047893,3,-63.0,0.55223,920.25,3
651,530.0,1.2101,-0.082679,-0.013684,3,-62.5,0.8851100000000001,924.75,3
652,530.5,1.0459,0.020669999999999997,-0.09350499999999999,2,-58.5,5.7831,925.75,3
653,531.0,1.1983,-0.094162,-0.013684,3,-63.0,3.7352,920.25,3
654,532.0,1.1045,-0.036746,-0.047893,3,-62.5,5.01,923.25,3
655,532.5,1.339,-0.12861,0.031928,3,-62.5,5.915,921.75,3
656,532.75,1.339,-0.12861,0.031928,3,-62.0,1.195,924.25,3
657,533.25,1.339,-0.12861,0.031928,3,-63.0,0.24083000000000002,920.75,3
658,534.0,1.1983,-0.094162,-0.0022806,3,-62.5,5.6389,922.25,3
659,534.25,1.1983,-0.094162,-0.0022806,3,-62.0,1.8454,923.25,3
660,535.25,1.0928,-0.01378,-0.059296,3,-63.0,0.18101,925.75,3
661,536.25,1.0928,-0.025263,-0.059296,3,-62.0,1.5693,923.75,3
662,537.25,1.3977,-0.16305999999999998,0.054735,3,-62.5,0.86977,924.75,3
663,537.75,1.0342,0.020669999999999997,-0.09350499999999999,3,-63.0,0.19021,925.75,3
664,538.5,1.0342,0.020669999999999997,-0.11631,3,-63.0,3.7460000000000004,920.25,3
665,538.75,1.0342,0.020669999999999997,-0.11631,3,-62.0,1.557,923.75,3
666,539.25,1.0928,-0.01378,-0.059296,3,-62.5,1.8408,923.25,3
667,539.75,1.0928,-0.01378,-0.059296,3,-62.5,0.8713,924.75,3
668,540.25,1.1045,-0.01378,-0.047893,3,-63.0,0.19021,925.75,3
669,540.75,0.9521,0.032152999999999994,-0.12771,3,-63.0,0.59825,920.25,3
670,541.0,0.9521,0.032152999999999994,-0.12771,3,-62.0,1.5386,923.75,3
671,541.75,1.2452,-0.094162,0.0091224,3,-62.0,4.9548,923.25,3
672,542.0,1.2452,-0.094162,0.0091224,3,-62.5,0.84216,924.75,3
673,542.25,1.2452,-0.094162,0.0091224,3,-62.5,5.9196,921.75,3
674,543.0,1.1045,-0.036746,-0.047893,3,-63.0,6.254,921.25,3
675,543.25,1.1045,-0.036746,-0.047893,3,-63.0,3.7383,920.25,3
676,543.5,1.1045,-0.036746,-0.047893,3,-62.0,1.5217,923.75,3
677,544.25,1.3273,-0.12861,0.031928,3,-62.0,1.8346,923.25,3
678,544.5,1.3273,-0.12861,0.031928,3,-62.5,0.8667,924.75,3
679,544.75,1.3273,-0.12861,0.031928,3,-62.5,5.9503,921.75,3
680,546.25,1.2452,-0.094162,0.0091224,3,-62.0,5.6052,922.25,3
681,547.0,1.2570000000000001,-0.094162,0.0091224,3,-62.5,5.935,921.75,3
682,547.5,1.2570000000000001,-0.094162,0.0091224,3,-62.0,1.2425,924.25,3
683,547.75,1.2570000000000001,-0.094162,0.0091224,3,-63.0,0.28071999999999997,920.75,3
684,548.75,1.1397,-0.036746,-0.036489999999999995,3,-62.0,2.4329,922.25,3
685,549.0,1.1397,-0.036746,-0.036489999999999995,3,-62.0,1.827,923.25,3
686,549.75,1.2570000000000001,-0.10565,0.0091224,3,-62.5,5.9549,921.75,3
687,550.75,1.128,-0.036746,-0.047893,3,-63.0,0.49701000000000006,920.25,3
688,551.0,1.128,-0.036746,-0.047893,3,-62.0,2.4375,922.25,3
689,552.0,1.2452,-0.10565,0.020525,3,-62.5,0.8621,924.75,3
690,552.5,1.0459,0.0091865,-0.09350499999999999,3,-63.5,0.16107,925.75,3
691,553.25,1.1983,-0.07119600000000001,-0.0022806,3,-64.0,0.44485,920.25,3
692,554.75,0.9990100000000001,0.020669999999999997,-0.11631,2,-58.5,5.7463,925.75,3
693,555.75,1.0225,0.0091865,-0.070699,3,-62.0,1.5969,923.75,3
694,556.0,1.0225,0.0091865,-0.070699,3,-62.5,0.60132,925.25,3
695,556.5,1.0225,0.0091865,-0.070699,3,-62.0,5.0407,923.25,3
696,557.0,1.128,-0.025263,-0.036489999999999995,3,-62.0,1.1996,924.25,3
697,557.5,1.128,-0.025263,-0.036489999999999995,3,-63.0,0.18254,925.75,3
698,557.75,1.128,-0.025263,-0.036489999999999995,3,-62.5,6.2663,921.25,3
699,558.25,1.1983,-0.094162,-0.0022806,3,-61.5,1.6030000000000002,923.75,3
700,558.75,1.1163,-0.036746,-0.047893,3,-62.0,2.1875,922.75,3
701,559.75,1.339,-0.11713,0.043332,2,-58.5,5.7448,925.75,3
702,560.0,1.339,-0.11713,0.043332,3,-63.0,0.27458,920.75,3
703,560.5,1.3859,-0.15158,0.054735,3,-61.5,1.6199,923.75,3
704,561.25,1.1983,-0.082679,-0.013684,3,-62.0,1.8914,923.25,3
705,561.75,1.1983,-0.082679,-0.013684,3,-62.5,0.8621,924.75,3
706,563.75,1.0342,-0.0022965999999999998,-0.09350499999999999,3,-62.0,4.9977,923.25,3
707,564.5,1.3039,-0.12861,0.031928,3,-62.0,1.2195,924.25,3
708,565.5,1.0225,0.020669999999999997,-0.10490999999999999,3,-62.5,5.6788,922.25,3
709,566.5,1.1163,-0.025263,-0.059296,3,-62.5,5.9074,921.75,3
710,567.0,1.1163,-0.025263,-0.059296,2,-58.5,5.7601,925.75,3
711,567.25,1.1163,-0.025263,-0.059296,3,-63.0,0.29913,920.75,3
712,567.75,0.97555,0.0091865,-0.12771,3,-63.0,3.7736,920.25,3
713,568.5,0.97555,0.020669999999999997,-0.10490999999999999,3,-62.0,4.9946,923.25,3
714,569.25,1.2218,-0.082679,0.020525,3,-62.0,1.2379,924.25,3
715,569.75,0.96383,0.020669999999999997,-0.10490999999999999,3,-63.0,0.013806,921.25,3
716,570.0,0.96383,0.020669999999999997,-0.10490999999999999,3,-63.0,3.7506,920.25,3
717,570.25,0.96383,0.020669999999999997,-0.10490999999999999,3,-62.0,1.5647,923.75,3
718,570.5,0.96383,0.020669999999999997,-0.10490999999999999,3,-62.5,5.6144,922.25,3
719,571.0,0.96383,0.020669999999999997,-0.10490999999999999,3,-62.0,1.8423,923.25,3
720,571.5,1.1163,-0.048229,-0.036489999999999995,3,-62.5,5.9426,921.75,3
721,571.75,1.1163,-0.048229,-0.036489999999999995,3,-62.0,1.2563,924.25,3
722,572.0,1.1163,-0.048229,-0.036489999999999995,3,-63.0,0.33441,920.75,3
723,572.5,1.0811,-0.025263,-0.070699,3,-63.5,0.58905,920.25,3
724,573.25,1.128,-0.036746,-0.036489999999999995,3,-62.0,1.8408,923.25,3
725,573.75,1.128,-0.036746,-0.036489999999999995,3,-62.5,0.90045,924.75,3
726,574.0,1.128,-0.036746,-0.036489999999999995,3,-62.5,5.9304,921.75,3
727,574.75,1.3156,-0.14009000000000002,0.043332,3,-63.0,6.2617,921.25,3
728,576.75,1.0694,-0.01378,-0.070699,3,-62.5,1.2502,924.25,3
729,577.0,1.0694,-0.01378,-0.070699,3,-63.0,0.26998,920.75,3
730,577.5,1.0811,-0.01378,-0.059296,3,-63.0,0.55377,920.25,3
731,578.5,1.1983,-0.082679,-0.013684,3,-62.0,5.3367,922.75,3
732,579.0,0.9990100000000001,0.020669999999999997,-0.10490999999999999,3,-62.0,1.2379,924.25,3
733,579.25,0.9990100000000001,0.020669999999999997,-0.10490999999999999,3,-63.0,0.28991999999999996,920.75,3
734,579.5,0.9990100000000001,0.020669999999999997,-0.10490999999999999,3,-63.0,6.2556,921.25,3
735,579.75,0.9990100000000001,0.020669999999999997,-0.10490999999999999,3,-63.0,0.5553,920.25,3
736,580.75,1.1514,-0.048229,-0.036489999999999995,3,-62.0,5.0207,923.25,3
737,581.25,1.0342,0.0091865,-0.09350499999999999,3,-62.5,5.981,921.75,3
738,583.0,1.3156,-0.12861,0.031928,3,-62.0,5.0023,923.25,3
739,583.25,1.3156,-0.12861,0.031928,3,-62.0,5.3459,922.75,3
740,583.75,1.1866,-0.082679,-0.013684,3,-62.0,1.2487,924.25,3
741,585.0,1.1514,-0.048229,-0.025087,3,-62.0,1.537,923.75,3
742,585.25,1.1514,-0.048229,-0.025087,3,-62.5,0.54303,925.25,3
743,585.75,1.0928,-0.01378,-0.059296,3,-62.0,5.3567,922.75,3
744,586.5,1.3273,-0.12861,0.043332,3,-63.0,0.19788,925.75,3
745,587.5,1.1397,-0.036746,-0.025087,3,-62.5,5.6082,922.25,3
746,588.5,1.3039,-0.11713,0.031928,3,-62.5,5.9657,921.75,3
747,589.25,1.1397,-0.059712,-0.025087,3,-63.0,6.2295,921.25,3
748,589.75,0.96383,0.020669999999999997,-0.12771,3,-62.0,1.5539,923.75,3
749,590.25,0.96383,0.020669999999999997,-0.12771,3,-63.0,0.5507,925.25,3
750,590.75,1.0107,0.020669999999999997,-0.10490999999999999,3,-62.5,0.91579,924.75,3
751,591.5,1.0928,-0.01378,-0.059296,2,-58.5,5.7494,925.75,3
752,591.6,1.0928,-0.01378,-0.059296,3,-63.5,0.25004,920.75,3
753,591.75,1.0928,-0.01378,-0.059296,3,-63.0,6.228,921.25,3
754,592.0,1.0928,-0.01378,-0.059296,3,-63.0,0.52769,920.25,3
755,592.75,1.2335,-0.082679,0.0091224,3,-62.0,5.0315,923.25,3
756,593.5,1.2218,-0.094162,-0.0022806,3,-62.5,5.9472,921.75,3
757,593.75,1.2218,-0.094162,-0.0022806,3,-62.0,1.2272,924.25,3
758,594.25,1.0576,-0.0022965999999999998,-0.070699,3,-63.0,6.2188,921.25,3
759,594.5,1.0576,-0.0022965999999999998,-0.070699,3,-63.0,0.5553,920.25,3
760,595.5,1.3039,-0.11713,0.031928,3,-62.0,2.2304,922.75,3
761,595.75,1.3039,-0.11713,0.031928,3,-62.5,0.92806,924.75,3
762,596.0,1.3039,-0.11713,0.031928,3,-63.0,5.9503,921.75,3
763,596.5,1.1397,-0.048229,-0.047893,3,-63.0,6.2203,921.25,3
764,598.5,1.1514,-0.048229,-0.025087,3,-62.5,1.2134,924.25,3
765,599.0,1.1514,-0.048229,-0.025087,3,-63.0,0.25617,920.75,3
766,599.5,1.3625,-0.12861,0.054735,3,-62.0,1.5723,923.75,3
767,600.75,1.2452,-0.094162,0.0091224,3,-62.5,5.9227,921.75,3
768,601.0,1.2452,-0.094162,0.0091224,3,-63.0,0.1626,925.75,3
769,601.75,1.2804,-0.11713,0.020525,3,-63.5,0.57217,920.25,3
770,602.0,1.2804,-0.11713,0.020525,3,-62.0,1.5815,923.75,3
771,602.25,1.2804,-0.11713,0.020525,3,-62.5,0.56604,925.25,3
772,603.5,1.1163,-0.01378,-0.059296,3,-62.5,1.1934,924.25,3
773,603.75,1.1163,-0.01378,-0.059296,3,-63.0,0.25004,920.75,3
774,604.25,1.3156,-0.12861,0.031928,3,-63.0,3.7460000000000004,920.25,3
775,604.5,1.3156,-0.12861,0.031928,3,-62.5,5.6619,922.25,3
776,604.75,1.3156,-0.12861,0.031928,3,-62.5,0.55377,925.25,3
777,605.5,1.0694,-0.01378,-0.082102,3,-62.5,5.9058,921.75,3
778,606.0,1.0694,-0.01378,-0.082102,3,-63.0,0.1672,925.75,3
779,606.75,1.0107,0.020669999999999997,-0.09350499999999999,3,-62.0,1.5769,923.75,3
780,607.0,1.0107,0.020669999999999997,-0.09350499999999999,3,-62.5,5.6435,922.25,3
781,607.75,1.1163,-0.025263,-0.036489999999999995,3,-62.0,2.1184,922.75,3
782,608.0,1.1163,-0.025263,-0.036489999999999995,3,-63.0,5.8598,921.75,3
783,608.5,1.1163,-0.025263,-0.036489999999999995,2,-58.5,5.7386,925.75,3
784,609.0,1.3625,-0.12861,0.054735,3,-62.5,3.3671,921.25,3
785,609.08,1.3625,-0.12861,0.054735,3,-62.5,3.907,920.25,3
786,610.0,1.339,-0.15158,0.043332,3,-62.0,5.3981,922.75,3
787,610.5,1.2335,-0.11713,-0.0022806,3,-62.5,6.0914,921.75,3
788,611.75,1.0694,-0.0022965999999999998,-0.070699,3,-62.0,1.6276,923.75,3
789,612.5,1.0928,-0.036746,-0.059296,3,-62.0,5.438,922.75,3
790,612.75,1.0928,-0.036746,-0.059296,3,-62.5,1.0247,924.75,3
791,613.25,1.0928,-0.036746,-0.059296,3,-62.0,1.3346,924.25,3
792,613.75,1.1397,-0.036746,-0.036489999999999995,3,-62.5,0.029146,921.25,3
793,614.0,1.1397,-0.036746,-0.036489999999999995,3,-63.0,3.7813,920.25,3
794,614.25,1.1397,-0.036746,-0.036489999999999995,3,-62.0,4.7339,923.75,3
795,614.5,1.1397,-0.036746,-0.036489999999999995,3,-62.5,0.62433,925.25,3
796,615.5,0.97555,0.020669999999999997,-0.11631,3,-62.5,1.3085,924.25,3
797,616.0,0.97555,0.020669999999999997,-0.11631,3,-62.5,3.5205,920.75,3
798,616.5,1.0225,0.032152999999999994,-0.10490999999999999,3,-62.0,1.6168,923.75,3
799,618.25,1.0928,-0.025263,-0.059296,3,-62.5,0.36509,920.75,3
800,618.5,1.0928,-0.025263,-0.059296,3,-62.5,0.044485000000000004,921.25,3
801,619.0,1.1045,-0.01378,-0.059296,3,-62.0,1.6506,923.75,3
802,620.25,1.1514,-0.048229,-0.036489999999999995,3,-62.5,6.0393,921.75,3
803,620.5,1.1514,-0.048229,-0.036489999999999995,3,-63.0,0.24697,925.75,3
804,620.75,1.1514,-0.048229,-0.036489999999999995,3,-62.5,0.37276,920.75,3
805,621.5,1.2921,-0.10565,0.031928,3,-62.0,4.7615,923.75,3
806,621.75,1.2921,-0.10565,0.031928,3,-62.0,5.7831,922.25,3
807,622.0,1.2921,-0.10565,0.031928,3,-61.5,1.985,923.25,3
808,622.5,1.0694,-0.0022965999999999998,-0.082102,3,-62.5,6.0485,921.75,3
809,622.75,1.0694,-0.0022965999999999998,-0.082102,3,-62.0,1.3039,924.25,3
810,623.75,1.1514,-0.059712,-0.025087,3,-61.5,1.6674,923.75,3
811,625.0,1.1163,-0.025263,-0.059296,3,-62.0,0.97254,924.75,3
812,625.25,1.1163,-0.025263,-0.059296,3,-62.0,1.3284,924.25,3
813,625.75,1.1163,-0.025263,-0.059296,3,-62.5,3.6033,920.75,3
814,626.25,1.1866,-0.07119600000000001,-0.025087,3,-62.5,4.8274,923.75,3
815,627.75,1.0107,0.032152999999999994,-0.10490999999999999,3,-62.0,1.2686,924.25,3
816,628.0,1.0107,0.032152999999999994,-0.10490999999999999,3,-62.0,0.37736,920.75,3
817,628.5,1.0107,0.020669999999999997,-0.09350499999999999,3,-62.0,3.8595,920.25,3
818,628.75,1.0107,0.020669999999999997,-0.09350499999999999,3,-62.0,4.7507,923.75,3
819,629.5,1.1983,-0.07119600000000001,-0.0022806,3,-61.5,5.3551,922.75,3
820,630.25,1.339,-0.14009000000000002,0.043332,3,-62.0,1.2548,924.25,3
821,630.5,1.339,-0.14009000000000002,0.043332,3,-62.0,0.35281999999999997,920.75,3
822,631.5,1.2335,-0.094162,0.020525,3,-62.0,5.6665,922.25,3
823,632.25,1.1163,-0.036746,-0.036489999999999995,3,-62.0,5.9626,921.75,3
824,633.5,1.0576,-0.0022965999999999998,-0.082102,3,-62.0,0.67188,920.25,3
825,634.0,1.3625,-0.14009000000000002,0.043332,3,-62.5,0.5614399999999999,925.25,3
826,634.25,1.3625,-0.14009000000000002,0.043332,3,-62.0,5.033,923.25,3
827,634.5,1.3625,-0.14009000000000002,0.043332,3,-61.5,2.1967,922.75,3
828,636.0,1.0694,-0.0022965999999999998,-0.070699,3,-61.5,1.5923,923.75,3
829,636.75,1.1163,-0.025263,-0.047893,3,-61.5,5.0299,923.25,3
830,638.0,1.3156,-0.14009000000000002,0.043332,3,-62.0,0.37583,920.75,3
831,638.1,1.3156,-0.14009000000000002,0.043332,3,-62.5,0.009203900000000001,921.25,3
832,638.75,1.0107,0.020669999999999997,-0.10490999999999999,3,-61.5,2.5142,922.25,3
833,640.0,0.9990100000000001,0.0091865,-0.11631,3,-61.5,1.2931,924.25,3
834,640.75,1.2101,-0.082679,-0.013684,3,-62.0,3.7813,920.25,3
835,641.25,1.2101,-0.082679,-0.013684,3,-61.5,5.6665,922.25,3
836,642.0,1.2452,-0.10565,0.0091224,3,-62.0,6.0362,921.75,3
837,642.5,1.2452,-0.10565,0.0091224,3,-62.5,0.24697,925.75,3
838,643.5,1.1163,-0.036746,-0.036489999999999995,3,-61.5,1.5616,923.75,3
839,643.58,1.1163,-0.036746,-0.036489999999999995,3,-61.5,5.6558,922.25,3
840,644.0,1.1163,-0.036746,-0.036489999999999995,3,-61.5,1.9113,923.25,3
841,644.75,1.1514,-0.048229,-0.036489999999999995,3,-61.5,1.2701,924.25,3
842,645.5,0.97555,0.032152999999999994,-0.09350499999999999,3,-62.5,0.6228,920.25,3
843,645.75,0.97555,0.032152999999999994,-0.09350499999999999,3,-61.5,5.6497,922.25,3
844,646.5,1.128,-0.036746,-0.025087,3,-61.5,1.9159,923.25,3
845,646.75,1.128,-0.036746,-0.025087,3,-62.0,0.9510700000000001,924.75,3
846,647.25,1.0576,-0.0022965999999999998,-0.082102,3,-61.5,1.2993,924.25,3
847,647.5,1.0576,-0.0022965999999999998,-0.082102,3,-62.0,0.31446999999999997,920.75,3
848,648.25,1.1397,-0.036746,-0.025087,3,-61.5,1.5616,923.75,3
849,648.75,1.1045,-0.01378,-0.047893,3,-62.0,0.59825,925.25,3
850,649.25,0.9872799999999999,0.032152999999999994,-0.10490999999999999,3,-62.0,5.9887,921.75,3
851,649.5,0.9872799999999999,0.032152999999999994,-0.10490999999999999,3,-61.5,1.2456,924.25,3
852,650.75,1.0811,-0.01378,-0.047893,3,-61.5,1.5892,923.75,3
853,651.75,1.1397,-0.048229,-0.036489999999999995,3,-62.0,0.9388,924.75,3
854,652.5,1.1749,-0.059712,-0.013684,3,-62.0,0.003068,921.25,3
855,652.75,1.1749,-0.059712,-0.013684,3,-62.0,3.7460000000000004,920.25,3
856,653.0,1.1749,-0.059712,-0.013684,3,-61.5,1.5739,923.75,3
857,653.5,1.2335,-0.094162,0.0091224,3,-61.0,1.9083,923.25,3
858,653.75,1.2335,-0.094162,0.0091224,3,-61.5,5.3919,922.75,3
859,654.25,1.2335,-0.094162,0.0091224,3,-62.0,0.948,924.75,3
860,654.5,1.2335,-0.094162,0.0091224,3,-61.5,1.2625,924.25,3
861,654.75,1.2335,-0.094162,0.0091224,3,-62.0,0.30985999999999997,920.75,3
862,655.25,1.0811,-0.025263,-0.047893,3,-62.0,0.61052,920.25,3
863,656.5,1.1045,-0.025263,-0.047893,3,-62.0,0.9510700000000001,924.75,3
864,657.25,1.0342,0.032152999999999994,-0.09350499999999999,3,-62.5,0.22089,925.75,3
865,657.33,1.0342,0.032152999999999994,-0.09350499999999999,3,-62.0,0.3068,920.75,3
866,657.5,1.0342,0.032152999999999994,-0.09350499999999999,3,-62.5,6.254,921.25,3
867,659.5,0.97555,0.020669999999999997,-0.11631,3,-62.5,0.2255,925.75,3
868,659.75,0.97555,0.020669999999999997,-0.11631,3,-62.0,0.30985999999999997,920.75,3
869,660.0,0.97555,0.020669999999999997,-0.11631,3,-62.5,6.2663,921.25,3
870,660.5,1.0342,0.032152999999999994,-0.09350499999999999,3,-61.5,1.5969,923.75,3
871,662.5,0.9872799999999999,0.032152999999999994,-0.10490999999999999,3,-62.0,6.277,921.25,3
872,663.25,1.0225,0.032152999999999994,-0.10490999999999999,3,-62.0,0.58445,925.25,3
873,664.25,1.0928,-0.01378,-0.059296,3,-61.5,1.2686,924.25,3
874,664.5,1.0928,-0.01378,-0.059296,3,-62.0,0.30985999999999997,920.75,3
875,664.75,1.0928,-0.01378,-0.059296,3,-62.0,6.2663,921.25,3
876,665.25,1.1045,-0.01378,-0.059296,2,-54.5,1.534,922.25,3
877,665.5,1.1045,-0.01378,-0.059296,3,-62.0,5.6435,922.25,3
878,665.75,1.1045,-0.01378,-0.059296,3,-61.5,1.896,923.25,3
879,666.0,1.1045,-0.01378,-0.059296,3,-61.5,2.2381,922.75,3
880,666.25,1.1045,-0.01378,-0.059296,3,-62.0,0.94647,924.75,3
881,667.0,1.1045,-0.036746,-0.047893,3,-62.0,0.35281999999999997,920.75,3
