,time,frontal,vertical,lateral,id,rssi,phase,freq,label
0,0.0,0.060972000000000005,0.99674,-0.16192,3,-59.5,4.7615,924.25,4
1,0.25,0.060972000000000005,0.99674,-0.16192,3,-60.0,0.93573,924.75,4
2,1.5,-0.021106,0.82449,-0.082102,3,-65.5,4.1126,922.25,4
3,3.5,0.20168,0.98526,-0.082102,2,-64.0,5.6834,921.25,1
4,3.75,0.20168,0.98526,-0.082102,3,-59.0,1.6797,920.75,1
5,4.25,0.22513000000000002,0.99674,-0.047893,3,-62.0,6.0838,923.25,1
6,5.5,0.22513000000000002,0.99674,-0.047893,2,-61.5,0.34820999999999996,923.75,1
7,6.5,0.42446000000000006,0.46851000000000004,-0.8461,2,-49.0,5.2677,922.25,1
8,6.575,0.35411,0.48,-0.8689100000000001,2,-48.5,4.3657,923.25,1
9,6.6,0.35411,0.48,-0.8689100000000001,2,-48.0,4.332,923.25,1
10,6.75,0.33066,0.49148000000000003,-0.9373299999999999,2,-50.5,0.0061359,925.25,1
11,7.0,0.28376,0.46851000000000004,-0.97154,3,-59.5,1.0446,920.25,1
12,7.1,0.28376,0.46851000000000004,-0.97154,3,-59.5,0.8022699999999999,920.25,1
13,7.25,0.28376,0.46851000000000004,-0.97154,3,-66.0,0.25004,925.75,1
14,7.5,0.48308999999999996,0.38813000000000003,-0.90312,2,-48.5,2.3746,924.25,1
15,7.575,0.45963999999999994,0.28478000000000003,-0.9145200000000001,2,-49.5,2.0709,924.75,3
16,7.75,0.42446000000000006,0.3422,-0.9259299999999999,3,-59.5,0.9111799999999999,922.75,3
17,8.0,0.41273000000000004,0.35368,-0.99434,3,-65.0,5.8537,923.75,3
18,8.5,0.41273000000000004,0.35368,-0.99434,3,-62.5,0.23317,920.75,3
19,9.0,0.38928,0.33071999999999996,-0.97154,2,-52.0,2.4329,922.25,3
20,9.075,0.38928,0.33071999999999996,-0.97154,3,-59.0,6.2586,922.25,3
21,9.1,0.38928,0.33071999999999996,-0.97154,3,-60.0,5.5914,923.25,3
22,9.5,0.084423,0.45703,-1.0286,3,-59.0,1.0216,920.25,3
23,10.75,-0.06800700000000001,0.3422,-0.99434,2,-60.5,6.1727,921.25,3
24,249.75,0.28376,0.28478000000000003,-1.0172,2,-52.5,1.6904,922.25,3
25,250.0,0.28376,0.28478000000000003,-1.0172,3,-61.5,2.0172,923.25,3
26,250.5,0.24858000000000002,0.30775,-1.0286,2,-50.0,5.8,920.25,3
27,250.75,0.42446000000000006,0.25033,-0.9829399999999999,3,-68.5,2.1292,924.25,3
28,251.25,0.42446000000000006,0.25033,-0.9829399999999999,2,-53.0,1.7564,922.75,3
29,253.5,0.096148,0.42258,-1.0286,2,-54.0,1.2594,922.75,1
30,255.25,0.45963999999999994,0.93932,-0.013684,3,-59.5,4.582,920.25,1
31,256.0,0.54171,0.9048700000000001,-0.0022806,2,-58.5,1.2149,922.75,1
32,256.5,0.34238,1.0197,-0.10490999999999999,2,-58.5,5.0361,921.25,1
33,256.75,0.34238,1.0197,-0.10490999999999999,2,-58.0,5.2662,920.75,1
34,257.0,0.30721,1.0082,-0.16192,2,-59.5,1.1858,922.25,1
35,257.25,0.30721,1.0082,-0.16192,2,-62.0,0.38656,923.25,1
36,257.75,0.30721,1.0082,-0.16192,2,-60.5,4.7584,920.25,1
37,258.75,0.072698,0.9048700000000001,0.24859,3,-63.5,3.8426,923.75,1
38,259.25,0.037521,0.97377,-0.16192,2,-61.5,2.1,921.75,1
39,259.5,0.037521,0.97377,-0.16192,2,-59.5,2.1813,922.25,1
40,261.5,0.28376,0.95081,-0.21894,2,-63.5,0.3973,920.75,1
41,264.5,0.31893,0.8589399999999999,-0.036489999999999995,3,-58.5,1.1321,923.25,4
42,264.75,0.33066,0.96229,-0.17332999999999998,1,-68.5,2.6921,925.25,4
43,265.0,0.33066,0.96229,-0.17332999999999998,1,-65.0,4.6204,920.25,4
44,266.25,0.072698,0.89339,-0.025087,1,-59.0,0.16567,921.25,4
45,270.0,0.17823,1.0082,-0.047893,1,-50.0,0.75779,920.25,4
46,271.0,0.096148,1.0197,-0.17332999999999998,1,-58.5,4.5789,921.25,4
47,272.0,0.049247000000000006,0.9163600000000001,-0.047893,1,-61.5,1.0048,925.25,4
48,274.25,0.63552,0.9048700000000001,0.020525,1,-59.0,5.7417,922.25,2
49,276.25,0.63552,0.9048700000000001,0.020525,1,-59.5,6.0638,920.75,2
50,278.5,0.63552,0.9048700000000001,0.020525,1,-59.5,6.1344,920.75,2
51,283.5,0.69414,0.84746,0.031928,1,-59.5,5.961,920.75,2
52,287.0,0.69414,0.84746,0.031928,1,-64.0,6.1651,925.75,2
53,298.5,0.6472399999999999,0.8359700000000001,0.020525,1,-60.0,5.0299,922.25,2
54,301.75,0.6472399999999999,0.8359700000000001,0.020525,1,-64.0,2.9897,925.75,2
55,306.5,0.7527699999999999,0.81301,0.066138,1,-59.5,6.1052,920.25,2
56,313.25,0.7527699999999999,0.81301,0.066138,1,-60.0,5.3643,922.25,2
57,319.75,0.56517,0.89339,-0.059296,1,-59.5,5.3996,921.25,2
58,320.75,0.56517,0.89339,-0.059296,1,-63.5,0.046019,925.25,2
59,325.5,0.5534399999999999,0.9048700000000001,-0.036489999999999995,1,-60.5,4.539,923.25,2
60,327.25,0.5534399999999999,0.9048700000000001,-0.036489999999999995,1,-59.0,5.7524,920.75,2
61,329.5,0.5534399999999999,0.9048700000000001,-0.036489999999999995,1,-59.0,5.5392,921.25,2
62,332.25,0.57689,0.8819100000000001,-0.025087,1,-59.0,5.8107,920.75,2
63,334.5,0.57689,0.8819100000000001,-0.025087,1,-59.0,5.441,921.25,2
64,335.75,0.57689,0.8819100000000001,-0.025087,1,-59.0,6.0991,920.25,2
65,337.03,0.57689,0.8819100000000001,-0.025087,1,-59.0,5.9258,920.75,2
66,339.25,0.57689,0.8819100000000001,-0.025087,1,-59.5,5.6297,921.25,2
67,344.25,0.54171,0.89339,-0.036489999999999995,1,-59.0,5.8169,920.75,2
68,346.5,0.54171,0.89339,-0.036489999999999995,1,-59.0,5.5239,921.25,2
69,349.25,0.67069,0.84746,0.0091224,1,-59.5,5.7279,920.75,2
70,352.75,0.67069,0.84746,0.0091224,1,-64.0,6.0485,925.75,2
71,358.75,0.7527699999999999,0.82449,0.043332,1,-59.0,5.5822,921.25,2
72,360.0,0.7527699999999999,0.82449,0.043332,1,-59.5,6.07,920.25,2
73,400.0,0.54171,0.89339,-0.025087,1,-60.0,5.6174,921.25,2
74,403.0,0.54171,0.89339,-0.025087,1,-60.5,5.3659,921.75,2
75,405.75,0.54171,0.89339,-0.025087,1,-61.0,1.5064,923.25,2
76,408.0,0.54171,0.89339,-0.025087,1,-60.0,5.01,922.25,2
77,410.5,0.54171,0.89339,-0.025087,1,-61.0,4.9747,922.25,2
78,415.0,0.56517,0.89339,-0.025087,1,-60.0,5.3889,921.75,2
79,417.75,0.56517,0.89339,-0.025087,1,-60.0,5.1496,922.25,2
80,423.0,0.7527699999999999,0.82449,0.066138,1,-61.0,1.3683,923.25,2
81,425.5,0.7527699999999999,0.82449,0.066138,1,-63.0,0.16107,925.25,2
82,429.25,0.7527699999999999,0.82449,0.066138,1,-60.5,5.6527,921.25,2
83,431.75,0.7527699999999999,0.82449,0.066138,1,-60.0,5.8813,920.75,2
84,434.75,0.7527699999999999,0.82449,0.066138,1,-59.5,4.9486,922.25,2
85,436.25,0.7527699999999999,0.82449,0.066138,1,-60.5,0.9388,923.75,2
86,439.25,0.56517,0.8819100000000001,-0.025087,1,-60.0,5.8644,920.75,2
87,441.25,0.56517,0.8819100000000001,-0.025087,1,-60.5,1.0815,923.75,2
88,442.75,0.56517,0.8819100000000001,-0.025087,1,-59.5,6.1114,920.25,2
89,444.5,0.56517,0.8819100000000001,-0.025087,1,-60.0,5.1803,922.25,2
90,461.5,0.57689,0.89339,-0.036489999999999995,1,-61.0,5.3582,922.25,2
91,464.0,0.57689,0.89339,-0.036489999999999995,1,-60.5,4.7768,923.25,2
92,471.0,0.8114,0.80152,0.08894400000000001,1,-60.5,5.5561,921.75,2
93,475.75,0.8114,0.80152,0.08894400000000001,1,-61.0,6.1927,920.75,2
94,478.75,0.8114,0.80152,0.08894400000000001,1,-60.5,1.5002,923.25,2
95,481.0,0.8114,0.80152,0.08894400000000001,1,-60.5,5.2784,922.25,2
96,485.25,0.68242,0.84746,0.043332,1,-60.5,1.2594,923.75,2
97,486.0,0.68242,0.84746,0.043332,1,-58.0,5.2754,922.25,2
98,486.5,0.68242,0.84746,0.043332,1,-58.5,0.18408,920.25,2
99,487.25,0.68242,0.84746,0.043332,1,-59.5,0.7531800000000001,924.75,2
100,487.75,0.68242,0.84746,0.043332,1,-58.5,5.9058,921.25,2
101,489.25,0.52999,0.9163600000000001,-0.013684,1,-59.0,0.9434,924.25,2
102,490.0,0.52999,0.9163600000000001,-0.013684,1,-59.0,4.4961,923.75,2
103,492.75,0.49481,0.92784,-0.036489999999999995,1,-58.0,6.1083,920.75,2
104,494.5,0.61207,0.89339,0.031928,1,-59.0,0.73324,924.75,2
105,496.5,0.57689,0.8819100000000001,0.020525,1,-59.0,0.9403299999999999,924.25,2
106,497.75,0.57689,0.8819100000000001,0.020525,1,-58.0,5.5745,921.75,2
107,499.25,0.58862,0.8819100000000001,0.020525,1,-58.5,0.90812,924.25,2
108,499.75,0.58862,0.8819100000000001,0.020525,1,-58.0,1.1612,923.75,2
109,501.75,0.8114,0.80152,0.08894400000000001,1,-59.0,0.61359,924.75,2
110,503.75,0.54171,0.9048700000000001,-0.025087,1,-60.0,0.0061359,925.75,2
111,504.25,0.54171,0.9048700000000001,-0.025087,1,-57.5,4.9977,922.75,2
112,504.75,0.54171,0.9048700000000001,-0.025087,1,-58.5,5.8491,921.25,2
113,506.75,0.58862,0.8819100000000001,0.0091224,1,-58.5,4.7139,922.75,2
114,509.0,0.61207,0.8819100000000001,0.031928,1,-59.0,0.49241,924.75,2
115,512.0,0.7176,0.82449,0.077541,1,-59.0,4.3044,923.75,2
116,513.0,0.6472399999999999,0.8589399999999999,0.054735,1,-59.5,0.21015999999999999,925.25,2
117,513.75,0.6472399999999999,0.8589399999999999,0.054735,1,-59.0,0.39423,924.75,2
118,514.75,0.6472399999999999,0.8589399999999999,0.054735,1,-58.0,5.9549,920.75,2
119,515.25,0.6472399999999999,0.8589399999999999,0.054735,1,-58.5,4.5559,923.25,2
120,516.75,0.60034,0.8589399999999999,0.031928,1,-58.5,4.2123,923.75,2
121,519.0,0.56517,0.89339,0.043332,1,-58.5,1.129,923.75,2
122,520.5,0.68242,0.84746,0.08894400000000001,1,-59.0,0.21475999999999998,925.25,2
123,521.0,0.68242,0.84746,0.08894400000000001,1,-59.0,0.76852,924.25,2
124,522.0,0.68242,0.84746,0.08894400000000001,1,-58.0,5.892,920.75,2
125,523.5,0.5534399999999999,0.9048700000000001,0.0091224,1,-59.0,0.59672,924.75,2
126,525.75,0.56517,0.89339,0.020525,1,-59.5,6.162000000000001,925.75,2
127,526.25,0.56517,0.89339,0.020525,1,-58.0,4.7308,922.75,2
128,527.5,0.61207,0.8704200000000001,0.066138,1,-58.0,4.5344,923.25,2
129,528.25,0.61207,0.8704200000000001,0.066138,1,-60.0,6.2004,925.75,2
130,533.5,0.63552,0.8589399999999999,0.077541,1,-59.5,5.1312,922.75,2
131,534.75,0.63552,0.8589399999999999,0.077541,1,-60.5,1.6536,923.25,2
132,539.25,0.63552,0.8589399999999999,0.077541,1,-59.0,5.1618,922.25,2
133,541.25,0.63552,0.8589399999999999,0.077541,1,-59.0,5.9135,921.25,2
134,542.0,0.63552,0.8589399999999999,0.077541,1,-59.5,1.5294,923.25,2
135,553.75,0.6472399999999999,0.84746,-0.025087,1,-60.0,5.4579,921.75,2
136,556.5,0.6472399999999999,0.84746,-0.025087,1,-60.0,5.2109,922.25,2
137,558.75,0.6472399999999999,0.84746,-0.025087,1,-59.5,5.4732,921.75,2
138,561.0,0.6472399999999999,0.84746,-0.025087,1,-59.5,5.417999999999999,921.75,2
139,565.5,0.65897,0.8359700000000001,0.0091224,1,-59.0,5.7908,921.25,2
140,566.75,0.65897,0.8359700000000001,0.0091224,1,-59.5,0.13959000000000002,920.25,2
141,569.0,0.65897,0.8359700000000001,0.0091224,1,-62.0,0.1534,925.25,2
142,573.25,0.70587,0.8359700000000001,0.031928,1,-59.5,5.3797,921.75,2
143,578.0,0.014071,0.95081,0.020525,1,-57.5,6.0071,920.75,4
144,584.25,0.13132,0.89339,-0.025087,3,-59.0,6.1267,924.25,4
145,585.0,0.13132,0.89339,-0.025087,2,-70.5,3.2474,921.25,4
146,586.25,-0.13835999999999998,1.0082,0.031928,3,-59.0,1.3208,920.25,1
147,587.5,-0.20870999999999998,1.0312,0.031928,3,-60.0,5.7616,921.25,1
148,587.75,-0.20870999999999998,1.0312,0.031928,2,-59.0,5.3045,921.75,1
149,588.0,-0.20870999999999998,1.0312,0.031928,2,-58.5,4.9639999999999995,922.25,1
150,588.5,0.18995,1.0197,-0.24174,3,-69.5,2.37,925.25,1
151,589.0,0.35411,0.95081,-0.18473,3,-67.0,0.53076,925.75,1
152,589.25,0.35411,0.95081,-0.18473,3,-61.0,5.6159,924.25,1
153,589.75,0.18995,0.4111,-0.96014,2,-51.0,3.7767,923.75,1
154,589.83,0.18995,0.4111,-0.96014,2,-47.0,4.6909,921.25,1
155,590.0,-0.0093803,0.39960999999999997,-1.0856,3,-63.5,0.28991999999999996,921.25,1
156,590.25,0.072698,0.22737,-1.1198,3,-59.0,5.0744,920.75,1
157,590.35,0.060972000000000005,0.37665,-1.0856,2,-45.5,0.19328,921.75,1
158,590.5,0.10787000000000001,0.45703,-1.0742,2,-45.0,6.1804,922.25,1
159,590.58,0.40101,0.36516,-0.96014,3,-62.5,0.76546,923.25,1
160,590.75,0.40101,0.36516,-0.96014,2,-50.5,2.3086,923.25,1
161,591.25,0.72932,0.10105,-0.75488,2,-52.5,4.1556,920.25,3
162,592.0,0.17823,0.10105,-0.96014,3,-69.5,0.75625,923.75,3
163,592.75,-0.20870999999999998,0.2044,-1.1540000000000001,3,-64.5,0.80687,921.75,3
164,597.25,0.2603,0.16995,-1.0514,2,-54.5,0.029146,920.75,3
165,620.25,0.20168,0.21588000000000002,-1.0628,2,-54.5,0.28685,920.25,3
166,646.5,0.20168,0.21588000000000002,-1.0742,2,-53.5,1.6398,923.25,3
167,651.5,0.20168,0.22737,-1.0628,2,-53.5,1.6582,923.25,3
168,688.5,0.18995,0.21588000000000002,-1.0628,2,-54.5,0.19328,925.75,3
169,689.5,0.2134,0.23885,-1.0514,2,-54.5,5.9334,921.25,3
170,700.0,0.34238,0.14698,-1.0057,2,-59.0,5.6466,922.25,3
171,701.75,0.44791000000000003,0.078086,-0.8689100000000001,2,-52.5,1.3484,921.25,3
172,702.0,0.44791000000000003,0.078086,-0.8689100000000001,3,-69.0,2.439,921.25,3
173,705.25,0.084423,0.35368,-0.97154,2,-58.5,5.731,925.25,3
174,706.25,0.56517,0.9048700000000001,-0.15052000000000001,1,-71.0,6.0331,922.75,1
175,707.0,0.56517,0.9048700000000001,-0.15052000000000001,3,-60.5,4.8781,920.75,1
176,707.5,0.87003,0.76708,0.21438000000000001,2,-69.5,5.8583,923.25,1
177,708.0,0.87003,0.76708,0.21438000000000001,2,-65.0,0.7915300000000001,920.25,1
178,710.25,0.54171,0.89339,-0.09350499999999999,3,-59.5,0.84216,920.25,1
179,711.0,0.54171,0.89339,-0.09350499999999999,3,-66.0,5.0238,924.75,1
180,711.75,0.54171,0.89339,-0.09350499999999999,3,-68.5,4.042,920.75,1
181,713.0,0.31893,0.93932,-0.29875999999999997,3,-62.5,0.49087,920.25,1
182,714.5,0.56517,0.8589399999999999,-0.013684,3,-60.5,1.2901,922.25,1
183,716.5,0.20168,0.98526,0.031928,2,-61.0,1.6045,921.25,4
184,716.75,0.20168,0.98526,0.031928,2,-60.5,0.35435,920.75,4
